period,sim_1,sim_2,sim_3,sim_4,sim_5,sim_6,sim_7,sim_8,sim_9,sim_10
1,-0.07269621614870408,-0.06839731308203684,0.022541141350890137,0.01651837550674029,-0.0018997462176306712,-0.06106943932305259,-0.0521230668643744,0.014074380420714627,0.023831802393074253,0.000649302166703003
2,0.037898967032791275,0.04209039752279192,0.12380966969064455,0.12320739310622952,0.10777932079374342,0.049235074437801285,0.057963216260351724,0.12296299359762708,0.12393873579486292,0.1103077012182041
3,0.28232274360835524,0.06311513089174947,0.12711052745561613,0.12800726064023127,0.10686026028165063,0.10986395957698669,0.25209148463604647,0.36666851009398604,0.17975493146094024,0.1466103715214826
4,0.26522785620115596,0.10205605632544279,0.15736479931256186,0.15892228444156964,0.1351378212894847,0.1747846988504662,0.23915086452013512,0.3497025844744067,0.24131228696828844,0.19624024245523597
5,0.36205845138433734,0.22142504922059597,0.27401499474145136,0.2758579457380183,0.2509764738731977,0.2977896565840193,0.3376993820426599,0.44653147308758356,0.3638396956030334,0.31710021426414564
6,0.38045504664050966,0.2523238613617331,0.292075134267735,0.2774485664552623,0.2515442695699408,0.34074963893960053,0.3292201144457444,0.43862397546140286,0.3633131769976904,0.337743546134994
7,0.41843170235751004,0.30717716994029753,0.32737845502754415,0.29726481758650347,0.2713892619442768,0.4056477700574431,0.3347373481985162,0.44547623880824727,0.38152740253298323,0.38125079919946325
8,0.45674656528367363,0.35987018071442534,0.36273277735211773,0.32749879864898457,0.3019281958197776,0.4652587990730198,0.3581434316336628,0.46924138087819667,0.41140623137351007,0.42504595621086827
9,0.5760217578906018,0.4811583139491366,0.48153714706856343,0.44415262583035653,0.4187101042551839,0.5875154547406239,0.4719295450342214,0.5831782960053125,0.527910893656289,0.5450883893714527
10,0.5747517000452143,0.4797844493178056,0.47319348401591455,0.4593892131721091,0.42527636608456143,0.6155799177992979,0.466205218274534,0.5773521700074697,0.5301580565399295,0.5594862941476457
11,0.5934636535804676,0.4968448737408301,0.4850078618747382,0.49726257661217654,0.454538893460527,0.6701877149806322,0.4769006329667266,0.5875866741296099,0.5537640104933695,0.6008887967921719
12,0.6147981416926424,0.5158885520047927,0.4924933959485678,0.5440159612435221,0.487748591402971,0.7262758505083418,0.4892506025946376,0.5995603346653506,0.5800851658953228,0.6447449444118601
13,0.6448565693065175,0.5456256994405579,0.5089019550721462,0.5906460706986741,0.5227621977159085,0.7785160072382395,0.5156922275687479,0.626076999028526,0.6113756827385505,0.6876749197380343
14,0.7614366644599553,0.662070856919184,0.6197491054595924,0.711085397133506,0.6414234679229041,0.8997407402915412,0.6307532656134577,0.7411695536166141,0.7284732553682475,0.8075962273948105
15,0.7640062815570486,0.6646162233056551,0.6145167647676945,0.7409102392146061,0.6538138697281373,0.9198092380973169,0.6274755882477323,0.7350529984180899,0.740528499781501,0.8288107349763938
16,0.7871258902594395,0.6876740464952374,0.6263378527798933,0.7901252898667472,0.6896206761610609,0.9629370169805664,0.6428424082935656,0.7450746548808675,0.7767830846395739,0.8746350261910464
17,0.8120402744327814,0.7126356538672894,0.6400897905073242,0.8394635375615546,0.7272522587050678,1.0092188293688646,0.6608422792762085,0.7574267918842553,0.8150123130214983,0.9220208890050979
18,0.8368874357541901,0.7378790746555666,0.654316229184414,0.887186474491435,0.7662415202260848,1.055681598699974,0.6796099013997615,0.7705180379441954,0.853564826412927,0.9699760293801029
19,0.8685507634822114,0.7694969106348131,0.6818565067855419,0.9326828084699802,0.8052802345582434,1.1002618323442084,0.7085673712870185,0.7972688859591957,0.8920541133009785,1.016444451710744
20,0.9858049166835359,0.886731957301652,0.797378978933571,1.0529634063380877,0.9246567656758566,1.220414176165512,0.8246850641952219,0.9124597976810511,1.0113537245764168,1.136861141948145
21,0.9867426709852996,0.8879392038177246,0.7988003334329447,1.0610669402161985,0.941423200035346,1.2455125825798903,0.8237954594964132,0.905463562155121,1.0150904854680292,1.1564499657266847
22,1.0075265701278073,0.9091526138968987,0.820924344843801,1.0915474730875019,0.9862276716419919,1.293691737307002,0.8415486751563682,0.9135655672429935,1.0405330233881565,1.2002896167566206
23,1.03015303792381,0.9324167164848347,0.8452371872897145,1.1249329478648353,1.0362562356002671,1.3431817712866039,0.8615296329388095,0.9232996780381031,1.0681371426159263,1.2458986331183204
24,1.0522147016273324,0.956092348863945,0.8686498803200235,1.1589396228670292,1.0879559177357359,1.3926567249597657,0.8827478536647714,0.9331375532415127,1.0958647249378244,1.291641597015802
25,1.0745550616500146,0.9799175334763405,0.8918369808380171,1.1930067751137974,1.139646711148529,1.4431341191741183,0.9024881118400193,0.9430897144823569,1.1236622045853195,1.3375176913554072
26,1.1055624356388318,1.0113983227567456,0.922792193320037,1.2276969294101256,1.1885179882312356,1.4916134132702243,0.9311416276237697,0.9682564251737579,1.156536489185531,1.3821528574102844
27,1.2225410882696908,1.128575809810071,1.039748938118041,1.3462223497701389,1.3092710781339254,1.6123116255547902,1.0471316598085003,1.0827819992197019,1.2742992442731753,1.5023128917690782
28,1.2234842327516553,1.1351114891922123,1.046559812076174,1.363718914218358,1.327563119244925,1.6437098914437094,1.045720867813536,1.0764503381597763,1.280501622720807,1.5088100057920368
29,1.244002532699037,1.1632080248282524,1.0741159729620988,1.4052963043895113,1.3690861482907954,1.7009202849424663,1.0636794101770792,1.0859190288436689,1.308795537100826,1.5368397873153423
30,1.2663066390872935,1.1940718964265613,1.104241714386652,1.450062974146342,1.4119395671787922,1.7603842278919437,1.0839495826841463,1.0973210131193714,1.3392002608576834,1.567073341659186
31,1.288870159588106,1.2255589411671317,1.134928973541108,1.4946144161957906,1.4548430280535363,1.820290353419629,1.1030661892944174,1.1094652341178515,1.3696823346655633,1.5975003167065451
32,1.310858852371269,1.2573370675957511,1.1638557442805935,1.5367788320756248,1.4976148378588698,1.8817155834222135,1.1221825958551896,1.1219800904090809,1.4009145118370039,1.6279488058692757
33,1.3330414220898237,1.2892021939342295,1.1920983799455813,1.5783879964742327,1.5394458681301226,1.9436119688946691,1.140966544485726,1.1344806413138415,1.4325341735818378,1.6584775045777018
34,1.36364470292923,1.3233398179804987,1.2243766356765722,1.6193292416004232,1.580805012076862,2.0004876245920395,1.1704995984130657,1.1608073972051147,1.4662441682143859,1.692411654886417
35,1.4804536364373364,1.4416331756354872,1.3418890586391439,1.738972127029201,1.7005064033405164,2.122361327500782,1.2868590366181039,1.275820190235005,1.5843579215156116,1.8106195535716327
36,1.4877871770162896,1.4470714054478133,1.3444703885134865,1.7544437250108151,1.710537021824858,2.154813048366171,1.2899080552191577,1.2705833934121318,1.59441420897051,1.8182842828664043
37,1.517586197248417,1.4732421753191063,1.3673273465732048,1.7934717170163315,1.7427687586423986,2.2132430703506545,1.3128654686869856,1.281886424766876,1.6268813687130592,1.8479814768546112
38,1.5497523718801465,1.5009712368374257,1.3923204542853131,1.8348167894148388,1.7775239158497969,2.2735787447737765,1.3372516574227529,1.2951119419798456,1.6610851505802642,1.8799797812483938
39,1.582084010283697,1.528733281426922,1.4176628353449314,1.8768796543315625,1.8130534745057432,2.334117958132963,1.361986183691935,1.3090418177879546,1.6965391610514349,1.9121660147622985
40,1.6138953814197423,1.5567035740266109,1.4426574502097556,1.9187690431418676,1.8488203836291277,2.394653311780832,1.3870415316077498,1.3235783255523783,1.732366007672072,1.944285650078033
41,1.6458770353653467,1.584700489057922,1.4659607592674173,1.9589171982967009,1.8845819031238655,2.4548249294712154,1.412226603816938,1.3387924228889945,1.7680026650890357,1.9764714494947568
42,1.676404992342174,1.612809223456313,1.4886288092669688,1.9988459007887598,1.919996331802316,2.5141448963914375,1.4372046442526252,1.3545538466868408,1.803237369421495,2.0082791154227144
43,1.7101681547224774,1.6459234204641358,1.5197354745749627,2.0384884791694047,1.9555150685055787,2.5687402531286727,1.4687355839008505,1.3823062577117335,1.8387134741148354,2.0426442293181446
44,1.8283042384777601,1.7637869387629768,1.6367558295598754,2.1579495512538056,2.0743884934765044,2.6902947141829965,1.5859341341086604,1.497917825897744,1.957568993641594,2.1610331327097807
45,1.8342108816149911,1.7674286760759255,1.6421130912539645,2.1684634088613493,2.091865968328699,2.717837502159387,1.589129848817872,1.4923079621951767,1.9633125002166312,2.1722005361394654
46,1.8611145229317407,1.7914164547610971,1.6688513360026356,2.2015003078576756,2.133257436009867,2.7708026619511226,1.6127592668955075,1.5031911575577377,1.99061174432106,2.2063142715235675
47,1.8898703523498943,1.817328929279427,1.6974111098513767,2.2362470904050173,2.177137058665854,2.825767006055716,1.6381208289863411,1.5159546237421542,2.0201133945855982,2.2431512718624256
48,1.9187532156771674,1.8434638671352546,1.7253679909118207,2.2713689661877012,2.221178775265317,2.8811027740115733,1.6629885589257936,1.5291659013244119,2.0501875037169093,2.280207704907472
49,1.9475221573599182,1.8697387003870267,1.7534114451042964,2.3066388087993945,2.2655557186561484,2.936436176706785,1.6879410342297336,1.5419117121791812,2.08048028482216,2.316606947135656
50,1.9765719621506588,1.8961652790246588,1.7816505434785914,2.3417489911884495,2.3102299339779564,2.9924148920486022,1.7127015659988065,1.5547589023234036,2.1097626709929034,2.352423499279017
51,2.0059831360016855,1.9226937456383133,1.808429326704207,2.376439890208778,2.354662353861848,3.048815524441674,1.737628940257021,1.5677209598776174,2.138900494830124,2.388296054953602
52,2.035534330014116,1.948819937416574,1.8351337280749398,2.4109307500640793,2.3978157276570817,3.105235573230488,1.7637014715622876,1.5805158702379658,2.1684737226724904,2.423806491604291
53,2.0689414883166393,1.9812058351996888,1.8678073648143045,2.4461542498227518,2.439559768758897,3.1580632489130287,1.796202913116193,1.6071784910313336,2.2021245166970442,2.459351083924915
54,2.1869280503592545,2.0987634678241527,1.9854858478003932,2.5649036752769496,2.559315045624262,3.2793702346196953,1.9138090741243885,1.7223323473201035,2.320213405742912,2.5782353682551324
55,2.1946331505874848,2.1017429348524272,1.9933967003753774,2.574070341429218,2.5786762643027332,3.2989288477492753,1.9172578300440684,1.7164687470540532,2.3237160980728784,2.5930382865386425
56,2.2241635720716344,2.125449166837312,2.0225335333250083,2.6054968306135526,2.622402417837722,3.342570201718206,1.9416663289922733,1.7266594589129702,2.3477262932031557,2.6312086529848435
57,2.256317850561221,2.151452869151406,2.0532096945667044,2.6394027943201994,2.668475308322719,3.388525273359419,1.9685624968808204,1.738417324314634,2.3736688568821203,2.67179616662724
58,2.2887956448745777,2.177810352039337,2.0829242242727313,2.6736424817843094,2.715048813455061,3.4346069526414316,1.9962169541857286,1.7504548689822284,2.399747347592188,2.7126193286648603
59,2.3208417346135652,2.2042827757863837,2.112701472102416,2.7081382426522245,2.7619585595805862,3.4805769207371973,2.0242864474140383,1.76243273410432,2.42582727546581,2.7538391441297634
60,2.3528669573004466,2.2303311648848654,2.141669555641872,2.7427036151529167,2.809347008368931,3.526367289771713,2.052488246262527,1.77462407019578,2.4518329005311625,2.795946470413011
61,2.3848777952248144,2.2566147161378636,2.1707087774243528,2.777195498171613,2.8569883691198465,3.5722441579250757,2.080725304510517,1.7866672231642542,2.4778568411360054,2.8382290422206524
62,2.4169808756606344,2.2830885873568514,2.199847944528189,2.811576547699502,2.904495758850942,3.618161095012881,2.108914681922814,1.7986817623068458,2.5039073365870714,2.8805267140914115
63,2.448484221579463,2.308996698141324,2.2288734327879207,2.8460296488753842,2.9512214872043576,3.664122817164902,2.135889890038153,1.8104904475482906,2.5300119562853625,2.9228538565345077
64,2.4826779255725975,2.3413087426721955,2.262309140175435,2.8812472261350615,2.9957987958224224,3.708816966513759,2.1683366699275233,1.836610135198709,2.5623101447330545,2.9644818702647067
65,2.600994836805269,2.458835356930717,2.380307692833746,2.9999941641396815,3.1159507301400624,3.82898525853371,2.285919873036614,1.95153595956744,2.6798309394366404,3.0842209032980454
66,2.6058958876535203,2.4605856658004335,2.3849678540762036,3.0114390229952934,3.1288988374354663,3.848353569442957,2.292407467012175,1.9448607234424091,2.678596979091248,3.103620463731996
67,2.6318722048444845,2.482271116188812,2.4110163671069462,3.0461173997661155,3.1652625622322508,3.8921628406612396,2.319963714604912,1.9535596461226759,2.6962516290370107,3.1481065832761357
68,2.6596206292413234,2.5059724796975407,2.4391835547522946,3.0835251274749274,3.2042257885898273,3.9385287712324137,2.349526451202647,1.9637959289497045,2.715612142819279,3.195445202252385
69,2.6874254179825305,2.5299466588317063,2.4680117847858196,3.1211387637918335,3.243510605094043,3.985251213900565,2.3793706401228767,1.9741861818092663,2.735066079913639,3.242734086490257
70,2.715003755474045,2.554059385086355,2.4971183545102837,3.1582564503469213,3.2827839735171462,4.032022851382728,2.409449270938817,1.984592236684347,2.7546219492648962,3.2891508522869763
71,2.7425227207150136,2.5782907517611395,2.525636149179268,3.194896445444241,3.321809567012119,4.078783489257299,2.4400221086854987,1.9950008807365966,2.7743410123285925,3.3355215438216446
72,2.770195076471468,2.6025627111839125,2.5528842881674616,3.2309052364380664,3.3608319761753096,4.125557344693098,2.470933822138239,2.005408079750754,2.79421855724799,3.381787451065886
73,2.7977647690817204,2.626835402468283,2.580201291770917,3.2667023009869647,3.40037779323871,4.172308697744323,2.502327061773655,2.0158156358082837,2.8138633741306247,3.4284432531228237
74,2.825376096185103,2.651142392923738,2.6065922360312346,3.30216964597147,3.4400255287445387,4.218917092606073,2.5338716754087423,2.026223351147443,2.8337507026583704,3.4751921886796513
75,2.8529909088307344,2.675508814377612,2.631701710880553,3.3378050594829545,3.479336973575867,4.265353648826406,2.5656237113831084,2.0366315040324863,2.8531782996988087,3.521502615432027
76,2.885923271848647,2.707130317402932,2.66364025794111,3.373532033583894,3.518125605348322,4.310282810793873,2.5999930490711196,2.0619883581085343,2.8825561259428603,3.566008988624366
77,3.0037104198717257,2.824366904229122,2.7810100032620992,3.4924449210691364,3.637467124907577,4.430484004580429,2.71838372645564,2.1765937923760297,2.9988503685209174,3.6861509919824043
78,3.0106949560478897,2.8257205449307987,2.784652812098849,3.5055034694915914,3.646595343254857,4.44675204987357,2.7300982583134106,2.172466724756899,2.9998622886334525,3.703953381009738
79,3.0394726242626273,2.84702232679033,2.809171246544156,3.5418990117370557,3.677832046059972,4.486667280772442,2.7641417311471077,2.1859094321727204,3.0206818674903078,3.7458217566951166
80,3.0703813590912215,2.870338660232268,2.835736380015206,3.5810131889586767,3.711427296554687,4.52897398830564,2.8007437375258606,2.201134183118911,3.043474925884473,3.7904472023206153
81,3.101432993462829,2.893874656064612,2.8624842165025335,3.6203625266188197,3.7452868806745503,4.5715198455518244,2.837791696137737,2.2165634977759923,3.066446876535592,3.83530667655032
82,3.132666965703387,2.917243948147421,2.8892764382166662,3.6595319163021958,3.7791567898187832,4.614095680841289,2.874910097218028,2.2322396074683657,3.0894293730983615,3.8804040332494254
83,3.164037783079373,2.9406679663953996,2.915938764800463,3.6984844529014573,3.81291769641685,4.656672203556489,2.912329269107078,2.248270263825974,3.1124197382663192,3.9254952569726886
84,3.1954228096403803,2.964035791848364,2.942775464938873,3.73743094739472,3.846583227462137,4.699225478324379,2.949786034539525,2.2647031412716183,3.1354164945513774,3.9702727339192414
85,3.2271062688316228,2.987388269712283,2.970253742185843,3.776390012978236,3.880137029506111,4.74175826825435,2.986726329516853,2.280642610309663,3.1584220987119043,4.0148944228932395
86,3.2589042396538304,3.0107727748322213,2.9980176236029163,3.8150864571235066,3.9135630357926554,4.784334968076461,3.0229992420349623,2.2968291694394165,3.1813989320262355,4.059560490891927
87,3.290471212179621,3.0341423654717805,3.02601337379685,3.8537674950136838,3.9469732280495964,4.826918106370289,3.059482494860044,2.3125582581128126,3.204355255250707,4.104144880717277
88,3.322204298466866,3.0574611892470114,3.05442227122087,3.8928078141173037,3.980437137387005,4.869490235534721,3.095932696909847,2.3281873608221217,3.2272941565908195,4.148573768174187
89,3.3565476803012797,3.088798177124949,3.087666610551505,3.9316647897927526,4.015333496799799,4.911327196894374,3.1315396163904015,2.3563441425656615,3.25847870253053,4.1920148985097825
90,3.474927456227289,3.2059152675892384,3.2055847886259268,4.051015877498426,4.133945523308728,5.031095482595836,3.25043569622879,2.4721255464535035,3.375531767380764,4.312007767867877
91,3.4849817329991395,3.20321649131481,3.206466799515751,4.0678299003301115,4.142241281010744,5.045077676357769,3.2621254539456697,2.470351571092754,3.375096442322138,4.328605807771465
92,3.5170952224237553,3.2186342357805837,3.2270868544041367,4.108794199742785,4.172541822536145,5.082273478082157,3.2969081650854344,2.487045018315322,3.393784977557588,4.3686140817266015
93,3.551272644523969,3.2359195779992627,3.2495928856013183,4.151933400739736,4.205111068468039,5.121787648699996,3.33429537525901,2.5058864142035095,3.4144529962532535,4.411136522035301
94,3.585765038621182,3.253586890800163,3.272281934709005,4.195197062411113,4.237969093528806,5.161515187703917,3.371858047525089,2.5254580401395414,3.435390487331494,4.454082435056189
95,3.6209510627374373,3.2714086819725896,3.2950668371358867,4.238340417511236,4.270858986850223,5.20126289171546,3.408854446974698,2.545251658533787,3.4563648099004762,4.4973155529272075
96,3.656319465016022,3.2894305641205044,3.3180218255482568,4.280896582600186,4.303626880225155,5.2410233173398275,3.4455771613586834,2.565181555268863,3.4772974950661744,4.540517464897996
97,3.691413329079863,3.30703488649029,3.3410517179527277,4.323149879414471,4.3363844817523916,5.280792441602418,3.4818246236191484,2.5855312204285053,3.4982910553270217,4.583713601899893
98,3.726429212276185,3.3243950208031054,3.364083369913342,4.364976075026538,4.369156406772877,5.320567745384229,3.517757602198651,2.6060498902359575,3.5193496049982658,4.627558464605804
99,3.761271928897389,3.3418332326832276,3.3871196115243936,4.406410357173848,4.401787238140049,5.360342660354968,3.553550665971801,2.626587866749219,3.5402925140310604,4.671685641543066
100,3.7953480861437825,3.3593979052779424,3.410070418490364,4.447703745628935,4.434390976593147,5.400111525742532,3.5898358203033482,2.647297092445405,3.56120895414645,4.716406359689707
101,3.829113226637083,3.376841387949792,3.432689491219928,4.489333868351734,4.4669772351759995,5.4398789672687835,3.626877819291278,2.6682654854988352,3.582125961408483,4.761568441928277
102,3.8623102252428536,3.3936645749569125,3.455257190236146,4.530982264598364,4.499517072688911,5.479638738495198,3.66498188818809,2.6893102652901124,3.603045536758879,4.806999442668181
103,3.897125192489974,3.4222425538611105,3.486307463952114,4.571711145417988,4.534099785402615,5.519027186066823,3.7031199249047653,2.7197151252705973,3.6334252128640285,4.8512834855925915
104,4.01570303428932,3.5382008605564295,3.6033041344683765,4.691324299843847,4.652580080297927,5.638452679837962,3.822370361156211,2.8364407220179566,3.750140232383747,4.97139436271312
105,4.0253372262811045,3.5383653812082505,3.6079416110188745,4.70721067829824,4.6637956670114695,5.651844697972128,3.835129422095528,2.8337214260911754,3.7525911312411395,4.985417256618371
106,4.0573579192498315,3.558065700742432,3.633996021111503,4.746729335730587,4.697728440031241,5.688308804806006,3.870608970404482,2.849416248061638,3.775376545495103,5.022593251304548
107,4.091456043764499,3.579716258241971,3.6626587205382894,4.788488233968212,4.733987043643569,5.727085630990457,3.907677728407205,2.867333568730899,3.8002484254185145,5.062047548352158
108,4.125763943471032,3.601533896568088,3.691647375764497,4.831268164616609,4.7704272061258814,5.766089189836322,3.944258721098209,2.8856153283835195,3.8254931410455635,5.101898425310635
109,4.160229976459852,3.6233847534861474,3.7204370241853635,4.87430196495834,4.806908363251994,5.805108378006684,3.9808068998839423,2.903843074184949,3.8508476720220943,5.141902286998913
110,4.195084998807785,3.6451400047953575,3.7489810093547895,4.917432262810719,4.843399516949837,5.844127560025934,4.017389671362967,2.921939573575208,3.8763039792369134,5.181907022148982
111,4.2300452394643075,3.6668512158022986,3.7778616121979294,4.960540349530739,4.880087539623584,5.8831456300715885,4.0543161121675295,2.9402475012255156,3.901994524692863,5.222031152115576
112,4.264886478004056,3.6886030785237534,3.8070834500152047,5.003540440431612,4.917141739397671,5.922159740845388,4.091409594651194,2.95867417835332,3.92777524068102,5.262199666699135
113,4.2990194937878945,3.7104133785958195,3.836413764492258,5.046540596351579,4.954279343673838,5.961165158329357,4.128967456646898,2.977002055984443,3.9536747606466784,5.302260351245486
114,4.333003474897549,3.732263768706684,3.86581312429091,5.089353446819238,4.991393624117594,6.0001711482626074,4.1666281952106745,2.9951282555712586,3.9797574440747034,5.3422901867149175
115,4.367043283851658,3.7540407919178698,3.8953428386997073,5.131610665309995,5.028427087966618,6.039184840541646,4.2043031034631895,3.013436142815496,4.005907597759826,5.38218709671518
116,4.400897193439035,3.7758036138511684,3.924924252673757,5.174108328695441,5.065400037496537,6.078209976399407,4.2421356236300864,3.0316233983577416,4.0321041974482705,5.422233562577207
117,4.434792302293644,3.797572795874223,3.9547793501282342,5.216822165303207,5.1023595609173995,6.117243246743543,4.279975798541605,3.0494706542428145,4.058133506441609,5.4622845097257695
118,4.469821667512477,3.8282953432701565,3.9885338046189567,5.258801913896415,5.13913380000527,6.155984584728798,4.317499118600434,3.078592118331163,4.090501782296281,5.501777583739186
119,4.588489556459942,3.9451543687320036,4.106666231060616,5.378590189810575,5.2581933045886835,6.275319483157845,4.436663494519782,3.194778688803825,4.208052013710798,5.621217725212175
120,4.597948052130245,3.9470109600412524,4.112497094928697,5.397945517538135,5.271899047113593,6.286384501783785,4.445096659902634,3.193779255118943,4.214774483024027,5.634377582324273
121,4.629438931695379,3.968994611527572,4.139728790633469,5.4418395609055406,5.308896819596107,6.320026876137811,4.475627911062347,3.211775438729568,4.243019449105312,5.6705650344100285
122,4.663584223473774,3.9929441184575105,4.168864312936634,5.488433878684818,5.348212359525869,6.355931495882276,4.508636718530772,3.2315856552700297,4.273003346356454,5.708979534347792
123,4.698284275679254,4.017043560650205,4.198100795317377,5.535120699164178,5.387814276985899,6.3920701646659355,4.542141085199294,3.2510979391650587,4.303048483990236,5.747691313932881
124,4.7333112287438714,4.04119836742632,4.226947281034307,5.5813424963694445,5.427461095063118,6.428227002930515,4.575724194849802,3.2699968761221734,4.333206271140127,5.7865314901462135
125,4.7684005931718705,4.065437592768515,4.255522848223393,5.627165477311042,5.467079038453472,6.464446732616841,4.609203713190547,3.289129959903261,4.363564505550036,5.825360411388466
126,4.803179270428636,4.089507347349046,4.283952688812669,5.672633468052508,5.506560350774783,6.500685571847685,4.642397384705366,3.308466514200049,4.393985539285357,5.864028240814333
127,4.837749833667479,4.113556827104256,4.31238990842464,5.717712874540309,5.546058678625583,6.536907287347614,4.675670935267588,3.3280376770858444,4.424398371620407,5.902772839005045
128,4.872337646162848,4.137483929667307,4.340460654307324,5.7629366525808114,5.5856816849253255,6.573102763269761,4.708629486723318,3.3474141247484295,4.454354447609446,5.941705100917393
129,4.906969841646026,4.161469397072212,4.368309823427686,5.808380227549785,5.625318445000041,6.609288837463981,4.741282015516965,3.367085791402712,4.484532587897961,5.980666664869167
130,4.94158606954226,4.18536002459294,4.396040008952143,5.853717385349908,5.664960439001901,6.645476868559407,4.773750035531211,3.38637748173922,4.51485982835776,6.019497705630125
131,4.976204645765997,4.209027890022889,4.4236180046017655,5.8984943680248465,5.704911531468462,6.681730405928292,4.805901861686742,3.4051942309198124,4.545018709011758,6.058262394510128
132,5.010293238874774,4.232549073907404,4.451353892454881,5.942950841760267,5.744916931138726,6.718005011996863,4.838142457257179,3.424173564832768,4.575241276207198,6.096976883276428
133,5.044200009946366,4.256272087972,4.479138775026643,5.987267436437401,5.785089325550516,6.754301095113913,4.870365749706944,3.4429595057797004,4.605666185039284,6.135687893572877
134,5.079158564254977,4.287792246123323,4.51209080091941,6.030651228075715,5.824905614097753,6.790553272895782,4.904671663886534,3.4724125974038595,4.639572019758862,6.174045248356157
135,5.197796712620149,4.404986268102434,4.629886207349927,6.150636070016191,5.944391005605478,6.909539688896355,5.023035703397517,3.5887384514415617,4.757768025896641,6.2933263891369275
136,5.206270029995213,4.404163270782807,4.635673721306098,6.1671713717108165,5.95928214298471,6.920850769533201,5.028872998558061,3.583728422074432,4.764038444947045,6.3051843733358295
137,5.236784898957648,4.422351749720402,4.66304944626498,6.20761407973115,5.998013372942755,6.954800887168863,5.055783730123229,3.5954644107474163,4.792053489301669,6.339809199034528
138,5.269300626792798,4.442395930428468,4.692627492818478,6.250632258158561,6.039336081940985,6.991033573510348,5.0848352376809265,3.6088966613348785,4.822211943419236,6.376654314943506
139,5.302081880729513,4.462614676652775,4.72237065465702,6.293822630586315,6.081011922754134,7.027485388427575,5.114265398410067,3.6225307985409465,4.852724469194433,6.413645065978266
140,5.334965631258495,4.482863733926912,4.752034297948976,6.336873557108058,6.122669613660593,7.063947188433933,5.143843227649342,3.636215995535168,4.883326743050254,6.450554930350538
141,5.367863848679307,4.5030726731978135,4.781654806402513,6.379891044724678,6.164224623305052,7.100380458297108,5.173555311277019,3.6499296003526034,4.913844407158884,6.487430504063658
142,5.400684796741366,4.523305067918957,4.811684895172892,6.422826709746426,6.206088265996972,7.136857132602044,5.203496739790649,3.6636672943124085,4.9444667299864715,6.52431240289623
143,5.433475103804634,4.54355803806701,4.842079549946463,6.465630463465153,6.247992460659,7.173347016663532,5.233598477665946,3.677436986727523,4.975122868606177,6.561190357628949
144,5.466187516313235,4.563819470577693,4.872566533636538,6.508461312235139,6.289738628977944,7.209849282502682,5.2637456352682,3.6911907156067905,5.005884712649603,6.597986065668182
145,5.498554658327794,4.584083957011721,4.903289103512078,6.5512690478726965,6.3313184676505925,7.2463542754212975,5.293703267675732,3.704981828476912,5.037029536335657,6.634861171206258
146,5.530818542010658,4.604285197304122,4.934111164712562,6.594270219429682,6.3731855648916405,7.28284090676992,5.323681319742213,3.7187527930680093,5.068287635240054,6.671825570263579
147,5.562915325920214,4.624441574657839,4.964935937340334,6.637337094219085,6.415282536976092,7.319363601367327,5.353640250375665,3.732462629984724,5.0995722213500425,6.708860394674091
148,5.594821382089208,4.644589946005063,4.995770969784479,6.680439546413795,6.457380463582803,7.355921326574881,5.383604760005442,3.746138668676256,5.130904039138238,6.745908863347751
149,5.626512645377143,4.664692274757041,5.026578002739758,6.723790344555608,6.499487604238793,7.392502375911253,5.4134914428629575,3.7597836079477895,5.162056706253158,6.782930903479065
150,5.658094925661356,4.684821722909752,5.057252775389662,6.767434552568043,6.541695020806804,7.4291054245710875,5.44333283717868,3.7734424760876903,5.19303907749286,6.819800315311164
151,5.692265124398917,4.714881785683325,5.091230416286824,6.810232201525643,6.583231046678101,7.46564061842182,5.477022775831616,3.8005555461455516,5.226983761070771,6.8565717417830285
152,5.810572163424248,4.831462567603781,5.209456581019188,6.930134983490818,6.702957201411194,7.584666656672033,5.595128105621405,3.9158985911254085,5.345196083729049,6.975630852600201
153,5.818086205236902,4.828882773575304,5.215769398443548,6.941570083539193,6.718088371068861,7.592625910254868,5.6036572960253554,3.9143338661804044,5.355029408170304,6.986698503789113
154,5.847402217567543,4.844501136518402,5.2440835382114495,6.975653304634939,6.75671990723903,7.622251679127862,5.6343725791362385,3.931534806200304,5.3876953891573915,7.020342663374196
155,5.878813897912477,4.8619986707223015,5.274871852419569,7.011937126660638,6.797621536144168,7.653959462395793,5.667546922114004,3.9506727323587594,5.422435065600311,7.0562839359257
156,5.910503014725872,4.879740183470795,5.306216763449335,7.0483969886752575,6.838946747470363,7.6858254709380445,5.70112553958948,3.9700987647586485,5.457241799957309,7.092543279621186
157,5.942241868370676,4.897553445619968,5.337753433257402,7.084863670101131,6.880330365346862,7.7176764349083715,5.734753852570247,3.989330514567359,5.491898969019811,7.128930225073088
158,5.973971132299376,4.915416642801512,5.3693174411565865,7.12134126867136,6.921587317789657,7.749498486763263,5.768265315722806,4.008700921916632,5.526593968737677,7.165342013297102
159,6.005708592683026,4.933381328130538,5.40074460703198,7.157821197703049,6.962487459268552,7.781335833533976,5.801796362693588,4.027813464412859,5.561394126799001,7.201794922011245
160,6.037490295199141,4.951186267311063,5.432076422568274,7.194281034835729,7.003206733821811,7.813150377226635,5.835288782372915,4.047055545540135,5.595900293469225,7.238262697819025
161,6.0692468272164755,4.968684737401192,5.462971442658794,7.230741510932531,7.043638012698153,7.845054742003314,5.8685738550055575,4.065907729788899,5.630056880158873,7.274712530196799
162,6.100907181618723,4.986224332958911,5.493700791439009,7.267236103551892,7.08424244722531,7.877024233143781,5.901230997045424,4.084756288543269,5.664242516771042,7.311145198046091
163,6.132509436608466,5.003814388738981,5.524573210338325,7.303844426333769,7.124908398429008,7.908982665986494,5.933846477427792,4.1037050845396195,5.698798136699908,7.347551801843239
164,6.163983432701424,5.021318029531155,5.555484338603077,7.340477853707898,7.165646618970234,7.940820455829742,5.966515420688454,4.122731527478126,5.733538650742457,7.38394995426211
165,6.195503834729133,5.038778206008438,5.5868251094443195,7.377057611706488,7.206639358329471,7.972699923750838,5.999199518583849,4.14197736230392,5.767884317680569,7.420442368050011
166,6.227280255757168,5.056332264579333,5.618718596976978,7.413677414455188,7.247718859222385,8.004588209542593,6.031898093951889,4.16098548223013,5.802234304361413,7.456955781266637
167,6.259160937086753,5.073749609322692,5.650747421308757,7.450333502848538,7.288797491492994,8.036331473661368,6.0644716856119825,4.180171378341537,5.836374218478548,7.493416894669419
168,6.291057949403272,5.091402485656574,5.682777443287707,7.487019698791459,7.329825214070156,8.068174511761363,6.097048098820028,4.1995758712298485,5.870207053817763,7.529794886648895
169,6.325379506453468,5.120174869134913,5.71717655477376,7.523633223771824,7.370277177988347,8.102564146197063,6.131641524489523,4.22912263714739,5.905206224202747,7.566103308257584
170,6.443750115970106,5.236214825751371,5.8355797371534575,7.642670228380187,7.4898515640480055,8.220963348215612,6.250126318826267,4.345487834388313,6.023861431319995,7.685097598393911
171,6.450061158883246,5.235146148031382,5.841489950367625,7.6559535229441495,7.505983144050294,8.22847950099788,6.260979411830483,4.348038990734662,6.03450478395336,7.696463186600433
172,6.4777530603050995,5.25304864088606,5.868806871303309,7.692196344024132,7.5454066367804,8.257853647099592,6.2947675528777545,4.3715202615016,6.067559887082546,7.730630550399691
173,6.5073963927055,5.272844198912048,5.898346294589445,7.730683384084921,7.587094285749161,8.289317110455002,6.330946428647455,4.397210976729044,6.1027672015449115,7.767101934103884
174,6.537152029741253,5.2928244636607715,5.928092738691747,7.7695209031339125,7.629169733753216,8.320914162787057,6.36764418030263,4.42354599507678,6.138119115875116,7.803774777983616
175,6.566824972801805,5.312820931702548,5.957632387303613,7.808406033116673,7.671288223084958,8.352309968463812,6.404777814954356,4.450383255627409,6.173446861860627,7.840457487686967
176,6.596527290150117,5.332818583553626,5.98719171121462,7.847258107568721,7.713310903365622,8.383722694411471,6.441977193521413,4.477613752374563,6.209312710032841,7.8771388524206
177,6.626268063552064,5.352816231972714,6.0167819096368955,7.886098226294106,7.755236003914634,8.415017980720485,6.478865069886631,4.504982903438262,6.245470975786063,7.913795631985257
178,6.656020563431905,5.372810703520451,6.046093977655196,7.924860493510428,7.797274986849359,8.446402650941957,6.515646597959989,4.532270086585474,6.281649174868941,7.950374094024973
179,6.685773654655602,5.392786170892407,6.075138420898085,7.963547812229832,7.839273059079721,8.477830065724088,6.552475675875888,4.558990213443391,6.317583512422437,7.986986566559116
180,6.715532797751681,5.412752981393578,6.103989203489757,8.002329075586413,7.88100592135703,8.509347785384577,6.5893466999585435,4.5840975344707635,6.353825035896182,8.02370567692459
181,6.7452969088043435,5.432713768029702,6.132947768256068,8.0411293843897,7.92272396235072,8.540896661767318,6.626285421398165,4.6088101988898345,6.390177578117132,8.060449632897297
182,6.775085814080541,5.452660267641729,6.161965387720336,8.079914783774932,7.9645794487136055,8.572379861998545,6.663469842553794,4.633256946167506,6.426787087515324,8.09715721289957
183,6.804777155421858,5.47259720461038,6.190651095620906,8.118713544005871,8.006623822957993,8.603817249956911,6.700716380200343,4.657651327967307,6.463548958984988,8.133864842397566
184,6.834479476685379,5.49253956796399,6.2193375445034285,8.157514532780207,8.048716835475886,8.635195802747257,6.7379749541142,4.682197319169109,6.500599085066485,8.170584718165186
185,6.864112829389194,5.512492113064828,6.247730546810475,8.196183422680722,8.090789688121168,8.666592745966673,6.775355447111515,4.7064103043099,6.5377222315322445,8.207343123320461
186,6.8937385356098195,5.532452307118285,6.276122322115271,8.234844164355422,8.132742797650879,8.697853437808844,6.812746389566065,4.730771696388987,6.574768033954638,8.244094680937597
187,6.923435673872495,5.55241341917517,6.3045576900183775,8.273505717417232,8.174610471823673,8.729189854665954,6.849948474548256,4.755378383761357,6.611672866675948,8.280681826794325
188,6.957086144858519,5.582386323440463,6.337649225077916,8.3118502852854,8.215640599026282,8.76339514491683,6.8869877878370644,4.787251726854514,6.64851240244561,8.317129576221696
189,7.075174898228205,5.698930498787442,6.455503225358478,8.431129635898055,8.335295927945758,8.881716922377754,7.006084402808609,4.904594086509196,6.767581048564474,8.436143372252639
190,7.08052881847472,5.700177447628489,6.462637405798115,8.44197068999259,8.347850624672835,8.890337729442127,7.0166170724591925,4.905684301968683,6.782153862386764,8.447137455653408
191,7.107088677456511,5.721286111530898,6.49190271962525,8.47539381128212,8.383298176836242,8.920972710666065,7.049783655215943,4.926582568848192,6.8203184972891275,8.480762154797967
192,7.13576467711273,5.744382356343113,6.523848323524377,8.511075344719512,8.421108431723061,8.953797464659727,7.085362079674796,4.949406907618241,6.860765599637933,8.516710838387777
193,7.164639435190464,5.767680584006594,6.556221535549431,8.546985761830804,8.459121724586785,8.986833086722687,7.121360325378251,4.972574479578665,6.901751636954826,8.552845739442857
194,7.193528138773153,5.791065030627564,6.58864060455547,8.582912061910163,8.49720581541044,9.01988156420325,7.157421774515422,4.995904899099571,6.9428179559165315,8.588984572621275
195,7.222401420216556,5.81460078663721,6.621149199839451,8.618872005656893,8.535418635309401,9.052870693904142,7.193461141301624,5.019277133521606,6.983832996698262,8.625163438761335
196,7.251276326649074,5.838197938422443,6.65386319848926,8.654851632961092,8.573658832951192,9.085802686950524,7.229475107562907,5.042610046154342,7.024898965284477,8.661408860352983
197,7.280186979155814,5.861783388940175,6.686628027159197,8.690827336070024,8.611895909494843,9.118685731406716,7.265444924625647,5.065908161002663,7.065954148694196,8.69772230439376
198,7.309180306696964,5.885451182118014,6.718773293712824,8.726804867182096,8.650135356429393,9.15147340930668,7.301645596821055,5.089109646403184,7.106900219156056,8.73410573137252
199,7.338227809310451,5.909217335878617,6.750619259113976,8.76278878607801,8.688337532122855,9.184272588380729,7.338058404029947,5.112520296453669,7.148139322161954,8.770502541970071
200,7.36728679179782,5.933059824622818,6.7820851980393115,8.798792670289702,8.726517443149037,9.217116238317523,7.374558598582008,5.135851499747435,7.190093462706538,8.806864158274797
201,7.396360178114066,5.956674489833624,6.813521281107337,8.834802242634154,8.76492141422077,9.249974740153968,7.4114346261480115,5.159308030577791,7.232174944090582,8.843189447043132
202,7.42545356864098,5.980169669668924,6.845015730485161,8.870832877804554,8.803466303520834,9.282836199591422,7.448706057891901,5.18250592114571,7.274080045502693,8.879498745935077
203,7.454555741452454,6.003585557143111,6.876186921956198,8.906901380968455,8.842088765246233,9.315697990619318,7.486035230175279,5.2055299528577255,7.315686084532209,8.915795185346628
204,7.48362414828174,6.026816025801995,6.907291211565478,8.942985448959218,8.880751881043604,9.348522815929222,7.523258829310098,5.228262310933598,7.3566464581285045,8.952061436413457
205,7.512722640215956,6.050019433487046,6.938444309770807,8.979070527826995,8.919416586005548,9.381397282634012,7.560516842444606,5.251140462254257,7.396810883531946,8.98831696279768
206,7.541833886294376,6.073328498135446,6.969111392998844,9.015131380530839,8.958023070855509,9.414285284774813,7.59777968368849,5.274036487975666,7.436850978666573,9.024598527026917
207,7.5709697507341644,6.096754022500908,6.9998476132728005,9.05109385977205,8.996484983827182,9.447209899389309,7.635049207812678,5.297139042467713,7.4770541593537,9.060941842116788
208,7.604422389112173,6.128137761792283,7.033706645403583,9.086970584346838,9.034711765719614,9.481935760902491,7.67215699413152,5.328150267591302,7.516842535590197,9.097247058108431
209,7.722428052786492,6.245274487850216,7.151882994454066,9.20590443689842,9.153974626295666,9.600476178293583,7.791263195327269,5.445130537698764,7.636324019374418,9.216240899458372
210,7.728217570275505,6.24634175028617,7.158163649532113,9.22025814571973,9.166243529241203,9.609684534241408,7.805855582726357,5.445115319553739,7.652388329119333,9.22941486601059
211,7.755336428882532,6.267345005221859,7.186012594138856,9.257990490309405,9.201391455637031,9.64106310915795,7.84396079359015,5.464606973269512,7.691706052916217,9.265508669714157
212,7.784563262322218,6.2903632993127445,7.215864779715949,9.298028412436485,9.238927735164287,9.674619422936017,7.884110946125419,5.486522266171353,7.7331204088678,9.303967894812223
213,7.814072321757284,6.313608420089006,7.245982222233138,9.338385273436595,9.276702323527388,9.708450471885026,7.924485690883745,5.508861675693158,7.774866548052462,9.34261817374935
214,7.843632324069036,6.336988780990492,7.276168814732379,9.378880275711648,9.314582459733721,9.742325619237768,7.964886054590395,5.531127041458958,7.816660524464457,9.38136727216386
215,7.873144294341218,6.360443114374862,7.306373714334305,9.419396707898976,9.352503238573709,9.77621191875473,8.005216476613,5.55322400884166,7.858303210790167,9.420139096636285
216,7.90261687415589,6.3838057458579165,7.336594752839743,9.459879952555474,9.39049360454103,9.810107526521143,8.045496349769813,5.575444783346144,7.899226239010682,9.458883617367666
217,7.932037299209188,6.407205528609003,7.366607118805584,9.500267752834784,9.428494507479106,9.844004112405527,8.085830548279453,5.5978868693110915,7.939733375852788,9.497637701984267
218,7.961368208126286,6.430508163092433,7.396615193528975,9.540630635570656,9.46642597787163,9.87788322907256,8.126416743869962,5.620448018675071,7.980219054819665,9.536447274464633
219,7.9906770275840255,6.453760205161323,7.426646171497029,9.581029090468641,9.504296402398353,9.911764589476046,8.167186192529895,5.642944072675113,8.020698195809983,9.575281362833973
220,8.020030746769944,6.476939571191087,7.4567309462361875,9.62154792410661,9.542067329955191,9.945599232762717,8.207981393760331,5.665192869488319,8.060919221010185,9.614054501962688
221,8.04941136604529,6.500061396966548,7.486844907556193,9.662151385604831,9.579784190829297,9.97943289266365,8.248853837976096,5.687084945044809,8.101296829660836,9.652766170803131
222,8.078788116280261,6.523164383715783,7.516778382324438,9.702897328817153,9.617501779300126,10.013270057995152,8.289699885815342,5.709069554976772,8.141667751417705,9.691450872441036
223,8.1081553080396,6.546185867710712,7.5463279588935315,9.743736737512757,9.655203097163842,10.047096919766924,8.330423459708808,5.730744307196138,8.181510571272945,9.730118865427237
224,8.1376108537082,6.569157805355625,7.575832240773085,9.784660800604048,9.692922519480453,10.080952635157747,8.371158090330288,5.752362497235273,8.221323025776927,9.76874853598504
225,8.167091405379878,6.592245171110269,7.605164341720927,9.825702801463596,9.730662136553706,10.114828390770366,8.411760812193185,5.774075035676307,8.261075366674186,9.807372199953026
226,8.196569884830428,6.615419110810967,7.634492221172883,9.866709383177263,9.768393148147528,10.14871242142798,8.452334285921543,5.79590283136978,8.300504734170808,9.845981907824992
227,8.22594352749638,6.638443435601427,7.663846146031851,9.907380635742516,9.806115369908486,10.182597360221443,8.492640703775928,5.8174997043632795,8.339947404353017,9.884469202664345
228,8.255276321197439,6.66144524934305,7.693015187525417,9.947954528320935,9.843746882457014,10.216501284555477,8.532774749743247,5.839047250673344,8.37933050864053,9.922846254924107
229,8.288788429437192,6.6926563057609645,7.726383719837449,9.988011336541266,9.881205231539115,10.251538201981695,8.572364593612397,5.869719041071846,8.418282686007455,9.96088896621159
230,8.406819070453444,6.809720505012044,7.844354058964058,10.107530400803224,10.00036051152172,10.370209262856262,8.691818282865189,5.986556748594773,8.537647101949936,10.080126056902948
231,8.412042062397415,6.811314987051037,7.849902276526357,10.122708638135109,10.011990149842044,10.379104382517484,8.705464785526935,5.985110448494749,8.55241004250508,10.09274577015037
232,8.438449376815734,6.832807813387236,7.876707344792805,10.161475953018964,10.046359139252464,10.410109155460534,8.742263035067191,6.002540608238382,8.590603808909904,10.128391012981563
233,8.466939613195875,6.8562874913146015,7.905733268743035,10.20258105929764,10.08296387710237,10.44329367297576,8.781304932665995,6.02205727803453,8.630824724352243,10.16630638559735
234,8.495587210750285,6.88005786971186,7.9350059375063084,10.243816749115467,10.119825521621367,10.476649963456296,8.820507104466708,6.04189062640955,8.671116542795204,10.204432061202635
235,8.5242397430737,6.903890913994481,7.96436621493981,10.285067516909136,10.156738417065307,10.510055720198254,8.859831442253832,6.061770447558177,8.711315715115678,10.242672689483419
236,8.552856971350163,6.927679562990557,7.9937563719333085,10.32635056431089,10.193653134130253,10.543476132363878,8.899181241130968,6.0816815689713035,8.75140072764969,10.281023656033012
237,8.581446319056862,6.951438652148049,8.02313315767884,10.367574444464916,10.23052049531658,10.576889878271174,8.938628542887722,6.101707620755675,8.791440087347574,10.319507836693942
238,8.610017024679138,6.975124496675045,8.052380097894781,10.408607531062184,10.267379395854725,10.610338999709377,8.978180939582337,6.121850578613519,8.83164169862917,10.35809001386401
239,8.638599316406268,6.998808216936465,8.081653114103535,10.449454896948279,10.304232576641862,10.643797675728418,9.017911562978561,6.141854567739123,8.87219726569212,10.396690515615074
240,8.667035454156405,7.022447091939997,8.110852377670518,10.490301627214016,10.340981686055375,10.67725540374191,9.057634079172281,6.161715014022075,8.91276702382027,10.435346986522209
241,8.69547131797824,7.046151039585401,8.139864036775407,10.531132129949546,10.377691373249862,10.710717104456867,9.097019355598867,6.1816560191594245,8.952922551704704,10.473996245469646
242,8.723925038273862,7.069728004333133,8.1689403139329,10.571818729875499,10.41441488746663,10.744181453487881,9.136414377100314,6.201534359784824,8.992778654659883,10.51250721529473
243,8.752360638237695,7.09333234262302,8.198083450869063,10.612496800347762,10.451159449789056,10.777648037865758,9.175830208530842,6.221569590514303,9.032481656049395,10.551070885816825
244,8.780819833817255,7.1170160982023445,8.227250687152857,10.653352490567503,10.487907461284527,10.811110743873357,9.215152050356124,6.241791138762287,9.071869295096231,10.5896335726493
245,8.809285441530946,7.140725305945501,8.256331218439696,10.694244685001763,10.524659852498525,10.844568670334931,9.25466608154827,6.262119115208628,9.111048571834719,10.628097684198048
246,8.837757391158359,7.164409323528538,8.285414641823213,10.735083132231281,10.561416925362497,10.8780255444074,9.29418818548302,6.282483902841733,9.149816728706393,10.666534307949988
247,8.866237724874766,7.188064546278081,8.314406312778155,10.775850546447453,10.598180197794456,10.911488418066432,9.333487820451989,6.302806749922093,9.18867108973454,10.704915460164695
248,8.894649088801566,7.211796100176683,8.343403595533184,10.81678546734782,10.634944397925338,10.94492858010454,9.372762933532169,6.323145607053931,9.227561081524579,10.74333467708631
249,8.923095973185248,7.235616987271042,8.372401485213246,10.857761981211386,10.671723331006602,10.978382124446718,9.411786158688372,6.343540612417782,9.266527624832102,10.781807307693276
250,8.95156920772344,7.25959412523292,8.401421378066077,10.898686666430114,10.708523003127496,11.011843406030986,9.450526913837807,6.3637234167708305,9.305688926754481,10.820323243733611
251,8.984789875488552,7.291200662162338,8.434826272003262,10.9390311105392,10.745217159236432,11.04672643790344,9.489010256129262,6.393779543992937,9.344583600101103,10.858606508739298
252,9.102698111505454,7.408430963228249,8.552811883012435,11.058590443825585,10.864265452202794,11.165332866845425,9.608309035161177,6.510358672981778,9.46393996548074,10.977877276951205
253,9.107816027267205,7.413358600078004,8.560284260578035,11.071726709056804,10.877153067280188,11.172575303416872,9.621888774603777,6.512955808110752,9.47921402490051,10.989298465823595
254,9.134084378251181,7.439489598437004,8.589544262327198,11.107920731036739,10.913138107191925,11.2015111513041,9.65883349799765,6.536062902463818,9.518015240253334,11.023427042744755
255,9.162489331457191,7.467900158067595,8.620840283538206,11.146494659939012,10.951397311427396,11.232695643988944,9.698017769215522,6.561439151297721,9.559070077811185,11.05985083418446
256,9.191102400081668,7.4965926737369255,8.652255968146871,11.185319681516669,10.989851995520072,11.264102957007717,9.737500265349926,6.587169537662176,9.600457580732748,11.09652547177525
257,9.21972887574468,7.525346685658937,8.683753296590941,11.224205578531041,11.028334815297963,11.295561141128873,9.77718277593894,6.613171653118044,9.642059881511923,11.13322244213804
258,9.24841355608738,7.553719522177992,8.715335864627505,11.26314693438311,11.066874096754194,11.327034823703857,9.816879699428753,6.6395646614813355,9.683664471780519,11.169915032472648
259,9.277132600038088,7.581759681943648,8.74693386825711,11.302099528168167,11.105575549431794,11.358513171429893,9.85638769540067,6.666099079443518,9.725041802769736,11.206572613081466
260,9.305810852733032,7.609919751885528,8.778502434446533,11.341140175325858,11.144339607158331,11.389998614947784,9.895686382810041,6.6925676081548655,9.766216678014894,11.243231448314726
261,9.33453226405498,7.637924945052747,8.810123775738688,11.38027781975126,11.18309583791072,11.421444317690138,9.934536405764945,6.71899306009486,9.807438919206488,11.27989396883818
262,9.36329544931422,7.665981118484841,8.841759636808922,11.419429013824416,11.22193102213898,11.452916193413255,9.973339144647955,6.745491079244101,9.84866514531656,11.316558412215336
263,9.392078867645731,7.6940114595318,8.873335555767973,11.458600774299153,11.260811616886649,11.484398298764756,10.012182385183683,6.772010245803856,9.889742558160847,11.353214893593082
264,9.420785656107148,7.722028987339443,8.904886047452369,11.49784409090744,11.299666583231607,11.515890857541915,10.051014486436697,6.798471072512133,9.930784561537243,11.389801198454846
265,9.44945722105674,7.749965639970837,8.93652873469992,11.537091050360075,11.338460005827718,11.547450729945549,10.089719499958978,6.82503525818091,9.97164504604063,11.426387171307944
266,9.478124576728497,7.777933901675539,8.968376931808406,11.576329627726166,11.377140978894465,11.579028740555696,10.12840931367057,6.851635496911249,10.012629572034038,11.462992189525316
267,9.506803255825908,7.805896519997786,9.000306627960812,11.615570421559125,11.415662233001742,11.610506240268196,10.167101207778423,6.878213119457763,10.053657881598394,11.4996173704441
268,9.535413621246256,7.833618990063276,9.032390573192831,11.654708468423545,11.454179934043138,11.641978046117734,10.20558382035993,6.904822963537292,10.09466525039043,11.536274401005912
269,9.564032298293608,7.861245638526166,9.064613741326058,11.693818382185256,11.492805525015232,11.673465052587977,10.243957491491665,6.931506111941297,10.135535624059306,11.573001344991576
270,9.592596915408453,7.888859036275371,9.096870890866496,11.73288351273893,11.531456576791625,11.70493150117867,10.282194019727115,6.958245341791946,10.176361350483212,11.609738699934889
271,9.621179466267263,7.916495046227431,9.129130292049357,11.771930635726477,11.570104005625888,11.736350696446237,10.32025741699994,6.985034111028373,10.217142361579816,11.646388310498667
272,9.649782075732308,7.944212344369488,9.161111893443003,11.810930760972731,11.608876890202936,11.767761429562377,10.35815197633511,7.011634186136047,10.25787012247488,11.682955283777336
273,9.67842342990303,7.972012537334641,9.192940863657213,11.849930600922793,11.647729453093802,11.799089038753245,10.395908832610663,7.0378249351049575,10.298346539141608,11.71954209652977
274,9.711706375165537,8.004803579394677,9.227274958181972,11.88865175847788,11.68631913190574,11.83328992620481,10.433364587180982,7.070157799267608,10.33826434289589,11.756062737471488
275,9.829640767731346,8.122531372615448,9.345650833437926,12.007983831646705,11.805632798050523,11.951609854490023,10.552519503931938,7.187693157771476,10.457763946532602,11.87508673831444
276,9.834595187729462,8.12602801038205,9.353189805428096,12.020065378066105,11.818701271023999,11.955190887070085,10.563914627578418,7.190090966446375,10.470682122128933,11.884773649731937
277,9.860615822828548,8.15026815230248,9.382537071710946,12.05502636237058,11.85485251137919,11.979197992212066,10.597893678681523,7.21276123872378,10.506440232101673,11.916759035707912
278,9.888701798973099,8.176688104650925,9.414131244171186,12.092268040569254,11.893317559442803,12.005068559963023,10.634068510837272,7.2376587550987805,10.544370179973713,11.950974369781088
279,9.917004784020529,8.203312478969291,9.445917118241795,12.129704464924316,11.931963147326584,12.031180352528061,10.670450872696112,7.262905628242933,10.582415621066499,11.98540881571418
280,9.945339941437918,8.230095482811052,9.47779999354983,12.16716432764018,11.970619726960923,12.057353870853163,10.706837501746874,7.288272242494694,10.620381782046728,12.019862357986337
281,9.973677875168928,8.25696268158097,9.509723205373968,12.204641022138256,12.00927813300118,12.083539768985936,10.74310302454814,7.31325102945898,10.658405345346226,12.05432320790939
282,10.00203935646106,8.283741630150919,9.541547874923452,12.242180428957738,12.048015155491637,12.10966446617763,10.779353900069003,7.3377130853605665,10.696404896403205,12.088792011043255
283,10.030429209908286,8.310271405089706,9.573132939773233,12.279758562032981,12.086756606698346,12.135809153528701,10.815499563151246,7.361976169122865,10.734176918723355,12.123264904538694
284,10.058838100920065,8.336918200414091,9.60467678429379,12.317350500097842,12.125363990826791,12.161979940924363,10.851573136648385,7.38597783383134,10.772071991208987,12.157746011596933
285,10.087286603439383,8.363726188982946,9.636008628912197,12.354949303897522,12.163890160172594,12.188063329483633,10.88757053802654,7.409936661269065,10.810005220864603,12.19224183195273
286,10.115778496960575,8.390653379403165,9.667474547070032,12.392543808691395,12.20235548505486,12.21390233388585,10.923485349979014,7.4339928334984355,10.84780831358273,12.226748005429606
287,10.14429185231416,8.41771416114613,9.698990397284147,12.430089582984285,12.240822485335396,12.239409309278892,10.959384356201037,7.458291894419056,10.885456969964498,12.261258236524176
288,10.172811482638172,8.44484704148678,9.730324573259157,12.467646300486821,12.279273287577745,12.264861342798618,10.995275380480724,7.482827839337252,10.923076438639974,12.295768934311841
289,10.201305369671607,8.472171223845738,9.761403322167483,12.50522903279509,12.317828369569137,12.290315389892905,11.031133148924582,7.507523637463809,10.96057496792286,12.330276175704512
290,10.229799166778731,8.499748700076955,9.792424041066907,12.54281574875171,12.35646500124293,12.315952595907046,11.06693802584541,7.5323622428294215,10.99799083072548,12.364786767579512
291,10.25831069321114,8.527426375899331,9.82353789421949,12.580453419031183,12.395116464581566,12.341716898992123,11.102613312639317,7.55667926483043,11.035255969248349,12.399298306236679
292,10.28675903268642,8.555209516848421,9.854733914989461,12.618100115235839,12.433757646640041,12.367535770201082,11.138311228929012,7.58096112045431,11.072601517634713,12.433804107609541
293,10.315207053105368,8.583176316578683,9.885990906600739,12.655663153062433,12.472447059689461,12.39343941921017,11.174036095142915,7.6052629253138875,11.110038833198551,12.468302060251196
294,10.343595955340367,8.611404905633654,9.917266766421776,12.693183906407885,12.511167211255607,12.41947031133798,11.209762177027859,7.629592996540832,11.147653757745244,12.502800204364682
295,10.37201782893891,8.639717312317194,9.94844252445478,12.730743763010015,12.549866483261455,12.44554570770453,11.245410638227263,7.6538264399109766,11.185416462775105,12.537298449932058
296,10.400452320032276,8.668182192666883,9.97970605664238,12.768342032999172,12.5886014249502,12.471657659981778,11.281036902125154,7.677895552306475,11.223213704262253,12.57179758441593
297,10.42888807106979,8.696869080138107,10.01108346430727,12.805944562423155,12.627353678459462,12.497478083096867,11.316575199856175,7.7021766446097,11.260987429227962,12.606291230630552
298,10.462093751586131,8.730185185023618,10.045301878914724,12.84336713132873,12.665790487074801,12.52963393405935,11.352081758079297,7.73390060285484,11.298402922476958,12.641510019392435
299,10.57999569295855,8.84813350463109,10.16362916860541,12.962517402086622,12.78508275139206,12.647094947019148,11.470950068088564,7.8511802208733545,11.417552202642929,12.76025746622798
300,10.587707421384215,8.85423593057388,10.167727013835211,12.977681637188276,12.797642967843213,12.649414434182757,11.481334613296264,7.852667720847163,11.429569593837105,12.771524466456578
301,10.61710636341383,8.881879823355476,10.192658011995537,13.016244708184946,12.833174678918354,12.672125476280884,11.514172626699887,7.874022109977302,11.464420917284746,12.805433354226693
302,10.648628188799478,8.911886197371453,10.219664143523353,13.057134737147996,12.870982522218366,12.69687211057242,11.549227782853148,7.897308112945004,11.501604080770932,12.841621713591458
303,10.680317977044194,8.942129392553076,10.24685942258167,13.098253742924623,12.909028014656366,12.721767158226703,11.58447007369426,7.920824034418592,11.539039340520416,12.878019994041658
304,10.712003123555402,8.972351934950979,10.274074783581225,13.139361674883753,12.947090406878676,12.74670512186255,11.619776637001735,7.944058866379643,11.576591519963277,12.914428112483558
305,10.743746412627864,9.00231589117251,10.301335061659955,13.180332480932973,12.985100879667513,12.771743633494133,11.655103308946535,7.967364815749078,11.6143132010517,12.950828078460614
306,10.775571541417227,9.032327465935134,10.32861362611958,13.22129342546703,13.022993177059263,12.796849870775723,11.69045345199057,7.990539590071731,11.652094551363337,12.98721693610385
307,10.807420113601756,9.06240494837225,10.355892850809083,13.26217392552069,13.060901263845114,12.821740120813427,11.725840063946238,8.013812603452454,11.689880736994265,13.023619306690907
308,10.839233182333222,9.092504974895668,10.383225935676561,13.30289683831584,13.098898504049112,12.84658220754148,11.761271015609399,8.036741039639542,11.72764593972783,13.060018606394635
309,10.87106361424922,9.122599644080687,10.410620145691261,13.343582754259982,13.136919654628459,12.871316436324753,11.796797809432919,8.059530162552111,11.765261842004056,13.09638501331692
310,10.902954635056432,9.15252569333721,10.43803282525596,13.384210355017345,13.175003639186905,12.895919530601597,11.832340823522816,8.082367908234485,11.802717246413513,13.132755364192157
311,10.934908422478316,9.182599063088178,10.465434377969853,13.424831333316693,13.213195376071281,12.920572736007866,11.867813756527031,8.1050749483277,11.840115750931393,13.169091881705782
312,10.966944064122966,9.212765048078449,10.492824990365271,13.465481965431458,13.251407956396582,12.945353977263009,11.903296917856121,8.127702377627907,11.877366030609972,13.205405720498709
313,10.999003308812846,9.242950237582205,10.520234233674707,13.506142283663259,13.28962445849389,12.970209230038813,11.93861579195112,8.15041609955945,11.91456423859654,13.241742600126422
314,11.031055452736451,9.273074348820693,10.547645390680797,13.54680248438387,13.32789160747942,12.99495204880288,11.973919223881682,8.173150638428567,11.951537491542718,13.278088581894025
315,11.06315820613183,9.303165551417557,10.575060113865929,13.587426586717454,13.366166048781364,13.019568744319615,12.009243153051292,8.195980600717911,11.988694799167847,13.314435241916705
316,11.095286268328723,9.333200272244834,10.60242288858137,13.627974107928644,13.404424065137293,13.044060210264947,12.044515605881724,8.218994160553748,12.025896580713031,13.35078819721948
317,11.127209507819899,9.362911272874586,10.629660051619732,13.668538905548697,13.442676872717868,13.06845425746398,12.07974434676542,8.24217945716629,12.063067679680247,13.387142920023445
318,11.159062799273304,9.392761930023115,10.656882804463697,13.709123823822361,13.480865384543646,13.092681258074503,12.11498417640164,8.265469902911533,12.100252600862081,13.423471022817992
319,11.19078757113757,9.42267521552916,10.684122745495198,13.749773431159042,13.5190571985179,13.116684428639987,12.150241454661963,8.28887668447365,12.137451316531381,13.459747899181629
320,11.222500866399061,9.452599405737399,10.711352420885621,13.790476793774488,13.557309281844107,13.14077748299211,12.185411155564195,8.312337535827147,12.174602889067216,13.496021002199495
321,11.25428546670775,9.482458527973346,10.738546727596813,13.831229567942716,13.595590370825324,13.164596816672427,12.22049618256899,8.335771859798223,12.21148160906523,13.532323735287108
322,11.286091527943986,9.512511702173258,10.765742507714759,13.871989548098174,13.633949229950256,13.188248523600679,12.255596110290666,8.359177657857359,12.248229492727221,13.568630515945426
323,11.320413674311325,9.54629712506917,10.798513703932446,13.912244264842908,13.672101841090038,13.219561781261543,12.290977876948798,8.390498433160843,12.284840928148286,13.604865064123434
324,11.438784531341163,9.664442558241008,10.91623316189943,14.031791036298282,13.79135431776072,13.336668905034662,12.40979377450077,8.507608714343862,12.403877640218347,13.723849011979466
325,11.446669443504293,9.670810878032183,10.920963638896295,14.046840170650993,13.801646766945852,13.337256838567923,12.420610767582664,8.51018032472497,12.416181751728475,13.735965186573786
326,11.476471107517922,9.698602862761387,10.946777890062789,14.08536271941514,13.83438614768407,13.357332848984242,12.45399119041552,8.53325783652994,12.451273672189593,13.770858692662504
327,11.508507066460457,9.728525226670067,10.974783091516292,14.126263366553133,13.86939015811264,13.379241055580813,12.489687569450666,8.558656801338696,12.48873548681556,13.808001697211543
328,11.540724601855993,9.7588089871702,11.003083672499038,14.167513628559178,13.90461711432127,13.40139797780799,12.525717306781447,8.584339120177106,12.526393327845122,13.845379393704624
329,11.572919590859433,9.789164871586175,11.031457284037476,14.208807535422386,13.939858218056745,13.423687638648351,12.561919928122391,8.610059859087807,12.564046088839198,13.882818249869567
330,11.60509428830834,9.819600129081717,11.05985651481005,14.250188486865692,13.975086743869532,13.446059695403736,12.598233747476312,8.635579025091108,12.601679401808546,13.920264747380033
331,11.637122669200666,9.850068319390209,11.088266992525394,14.29157625556104,14.010303392935013,13.468495850320895,12.634647185347685,8.661059807591123,12.63918836967824,13.957670849602602
332,11.669172653589705,9.880581070345432,11.116634512367776,14.332859369538902,14.045519631101945,13.490781827729483,12.671238066661695,8.686885765155923,12.67676568872694,13.995055459013926
333,11.701172014058983,9.911124642133135,11.145017506967623,14.374059740699403,14.080736307593819,13.513242281077558,12.707869252065187,8.71287076858029,12.714346055922125,14.032477727061057
334,11.733055203809533,9.941539584869288,11.17337273466201,14.415254317890993,14.115961541153391,13.535964713641278,12.744484708502334,8.738938389359626,12.751841352952654,14.069912328416429
335,11.764904694825512,9.971705336525673,11.201743487909368,14.456370812319504,14.151190739770769,13.558873547147156,12.78118527521123,8.765205957903959,12.789149290007906,14.107374473816627
336,11.796623488726222,10.00138426406347,11.230027072589264,14.497394196465176,14.18641961521089,13.581888475120456,12.817902957939554,8.791704305331084,12.826374808019192,14.144839032968328
337,11.82832793154733,10.031118729543895,11.258349456312938,14.538351424020071,14.221647295220986,13.604818917979012,12.854575303959997,8.818357428909675,12.863722528333975,14.18224896918828
338,11.860113580247926,10.060954004353292,11.28669473183991,14.579291539786437,14.256848059403938,13.627858801886934,12.891230212529072,8.845107875754902,12.901084912713301,14.219579358615855
339,11.892031460500833,10.090893538081161,11.315047411083004,14.620157454796372,14.292054526423419,13.650633280163179,12.927829378543425,8.871428873432716,12.938355550409957,14.256930474986987
340,11.92398164320955,10.120879783493478,11.343407514587339,14.66103358963975,14.327262153599918,13.673319189670162,12.964441734899891,8.897565902068326,12.975592906112468,14.29428549497523
341,11.955731459077374,10.150518362769393,11.371769919564276,14.701924029511266,14.362464217621412,13.695985481408325,13.000989883806227,8.92383549125093,13.012822072974473,14.331603903817058
342,11.987486878272982,10.180352561385419,11.400116415411398,14.742824517184978,14.397656955503754,13.718781552494063,13.037362419439681,8.950364898537732,13.050004567062398,14.368908224307175
343,12.019124677850062,10.210405748317793,11.428469762602983,14.78371918851847,14.43284384365598,13.74161225226432,13.0738299501393,8.97704084281963,13.087207246953444,14.406204060180135
344,12.050737437247848,10.24051042742569,11.456816706113361,14.824573657016915,14.468013436742467,13.764353416710252,13.110316836732386,9.00382105265439,13.1244057295235,14.44350507123326
345,12.082398758972406,10.270592113002603,11.485176809433693,14.865418364157057,14.503181030733444,13.787075086316367,13.146761766937102,9.030133818829254,13.161633709053271,14.480831098350185
346,12.114076660878446,10.300568685876028,11.51350099680114,14.90621309539901,14.538315433170254,13.809780637078422,13.18315472639346,9.056256381097382,13.198868132072068,14.51816474087623
347,12.145831801619389,10.330462373276285,11.54177359952656,14.947024171366255,14.573457938009884,13.832637833734143,13.219456185402976,9.082367555011247,13.236068397179608,14.555464800159843
348,12.177620553402809,10.360374684578366,11.570054193576949,14.987869026413225,14.608602492706435,13.85561163103215,13.255832772616474,9.108490904619165,13.273289260181963,14.592734685781533
349,12.211956753378384,10.394092300181372,11.603211943912124,15.0282116864159,14.644029242253792,13.88664305848437,13.292168453406255,9.140875606562258,13.310310128197154,14.629839058688997
350,12.330333512923682,10.512209254290191,11.721093754608452,15.147770769927387,14.762864032619238,14.003631813569859,13.411166559827935,9.258432736933912,13.42940416083039,14.748944782007154
351,12.337944020741823,10.518599222409579,11.72372216851705,15.161733651186758,14.773389888120018,14.006955785284909,13.423426408958797,9.263741663216216,13.441799672453934,14.760552586843742
352,12.367431799609996,10.546644488138174,11.746698560502407,15.19893724007084,14.806434652788568,14.030937448823304,13.45870660651288,9.290329300723126,13.477022061851214,14.794931292272127
353,12.399152475950666,10.577038915177402,11.771711832172585,15.238554702733298,14.841730169313367,14.057039406941652,13.496317074504175,9.318925463570874,13.514428547563352,14.831603701637354
354,12.431054357291941,10.607741284533091,11.796925858167075,15.278458370217802,14.877257839353378,14.083428053419416,13.534218307104597,9.347646499619476,13.552216190437033,14.868476001010203
355,12.462958133281909,10.6384849647542,11.822158668781434,15.318436097881744,14.912805077112473,14.109882604130936,13.57223677982882,9.37641901306823,13.590173609907016,14.905393374593677
356,12.494808269040599,10.668980228367197,11.847393910382499,15.358418991435897,14.948348380015084,14.136196302841928,13.610270961431274,9.404738217047719,13.628142081133406,14.942358466326086
357,12.526693663324714,10.699564079014033,11.872625963353148,15.398389364892987,14.983885932470924,14.162408888603757,13.64823764756469,9.433118670018986,13.666060675524864,14.979365113469205
358,12.558544532016917,10.730182505205146,11.897852755637517,15.43836676295742,15.019448141145954,14.188615618349731,13.686152468565833,9.461258355051276,13.704183957030896,15.01641744163108
359,12.59043010238896,10.760769229367469,11.923072130885775,15.478371327613884,15.055038276496246,14.21480548311609,13.724113644856766,9.489123006543098,13.742353610467763,15.053477839918749
360,12.622337258805485,10.791098482935661,11.948293832171904,15.518392409046005,15.090633928717514,14.241045743274436,13.762058600368146,9.516959795614572,13.780490241778017,15.090509622999122
361,12.654248433291784,10.821317541803754,11.973499949239207,15.558401856927489,15.126251812260053,14.267400618715959,13.799759157500176,9.544889644255003,13.818752688961528,15.12757376470972
362,12.686086019046826,10.851564548836409,11.998712003993933,15.598358266873683,15.161894416280976,14.293785932942138,13.837368563352353,9.572565208700508,13.857050675939037,15.16469398393709
363,12.717877944875834,10.88182780165113,12.023930532533372,15.638383562780486,15.197555870629053,14.32013058455724,13.874955043470521,9.60047901991278,13.895301439401754,15.201824745471214
364,12.749739508257932,10.912134345737025,12.049151550804194,15.678450558401572,15.233231003141242,14.346521857199672,13.91244202011169,9.62859161735365,13.93348395032623,15.239020060044806
365,12.781631577931586,10.942536233545681,12.074368557790496,15.718509784520776,15.26890833697094,14.372980421561866,13.949978377327353,9.656772384956222,13.971635914791174,15.276251113922068
366,12.813505570944173,10.973085062818686,12.099574365403816,15.75847070675611,15.304575840544906,14.399466305590614,13.987712806806854,9.684895025012361,14.009780626363128,15.313500698049788
367,12.845415919567667,11.003731506887936,12.12478276593167,15.798383520246645,15.340237924278707,14.425926407905639,14.02554721498146,9.71311393022126,14.047739459759564,15.350782799169668
368,12.87733410403343,11.034460681445289,12.149977574395727,15.83834683273149,15.375914789437404,14.452344117520196,14.063395212697772,9.741068977463481,14.085657469915036,15.388089218184286
369,12.909236295827316,11.065252550294336,12.175171607137452,15.878313696791697,15.41159392239309,14.47869605932744,14.101319403065434,9.768808119519486,14.123617700782694,15.425456639598746
370,12.941051507265389,11.096066853884238,12.200367991139071,15.918241055585804,15.447266138662485,14.505055846470546,14.13924653901757,9.796649340485306,14.161634555243927,15.462937568295922
371,12.972835269394501,11.126744681337128,12.225557037633518,15.958165233499866,15.482935797558932,14.531423131961812,14.17701457193987,9.82453032197131,14.19966385590447,15.500434056752534
372,13.004610132072091,11.157582066955339,12.250752219005598,15.99805810567514,15.518570960797012,14.557807732753234,14.214867876744782,9.852302595064428,14.237782251908481,15.537841510195037
373,13.036271528181025,11.188507275337123,12.275963821817053,16.037942587587924,15.55419643212617,14.584327173941045,14.252743436612018,9.879956507697717,14.275912476634172,15.575255787540405
374,13.067934537098218,11.219449210495616,12.301182503369741,16.07783872212515,15.589814577832358,14.610946167672946,14.29063036827584,9.907488555843626,14.313913806262052,15.612661164327458
375,13.099535892248566,11.250337024698375,12.32639845563832,16.11771064682534,15.625427019032138,14.6375933310377,14.32851225257422,9.935053451029026,14.351799311473055,15.649980928227059
376,13.133815070661077,11.28433962938934,12.358444197725117,16.157186355610705,15.661037774139919,14.670126833271102,14.366120111221438,9.967904363345653,14.389352233645894,15.687135383617338
377,13.252167881149887,11.4025762789151,12.475858964957128,16.27662406595177,15.779934390966117,14.787746459764687,14.48529632254316,10.085657302074193,14.508520753861204,15.806248118483088
378,13.25985602522741,11.408529324061856,12.481068600674844,16.29032370387614,15.789674188874045,14.790350716998741,14.498581110547821,10.090543964805423,14.51965490757288,15.819766864934357
379,13.28940730785675,11.43596896319225,12.507426470906434,16.32713175286437,15.8217261944337,14.813217032854283,14.534852261249727,10.116535942525159,14.553503102054977,15.856310067603612
380,13.321052374439937,11.46558128795152,12.535864099065996,16.366206674653373,15.856006158048402,14.838027770981991,14.573324516051422,10.144824226925005,14.589599461899574,15.895022670969055
381,13.352928357372303,11.495361355030578,12.564542907621037,16.405606262682777,15.890506722362941,14.862990415680036,14.611923461343732,10.173571752397365,14.625913421973808,15.933922381587276
382,13.384986049754623,11.525284633050413,12.593256556739894,16.445111438712313,15.925034433888902,14.887925581666556,14.650378643205494,10.20241741649683,14.662239209075327,15.97282280089608
383,13.41716683907737,11.555465478099265,12.62206954442271,16.484612581914256,15.959570321181818,14.912746885164502,14.68880648579682,10.231411653251978,14.698584476953357,16.01163380347787
384,13.449372571353466,11.585995669127945,12.65092484412189,16.523976789729517,15.994112489329334,14.937490870193098,14.727160256250757,10.2605409705416,14.734999239789277,16.05043128729015
385,13.481585272385011,11.616634401279418,12.679752620580087,16.563328708406857,16.028656009025642,14.962285899442938,14.76550568870721,10.289702908785506,14.771486905217706,16.08928144916815
386,13.513806359693202,11.647145973172968,12.70849854943834,16.602688705987443,16.0631961627729,14.987230147097563,14.803903945814387,10.318894402501865,14.807987552665436,16.128162285929925
387,13.546049431464974,11.677414324142166,12.737226212312091,16.642008038803247,16.097734186535423,15.012241587563711,14.8423280597543,10.348120090560132,14.844426285228465,16.16712735624825
388,13.578394687296134,11.70769704144792,12.765965923543122,16.68131817120386,16.132253236812325,15.037291504569003,14.880722212452559,10.377085030587164,14.880807594721196,16.20616240189683
389,13.610816529874427,11.738058133649714,12.794718598149432,16.720663300890497,16.166780600438486,15.062392739186045,14.91906062105947,10.406138634636486,14.917330823238963,16.2452388687349
390,13.64325670794468,11.768448163180773,12.823496578591664,16.760029602336342,16.20131029388864,15.087555650679274,14.957398604988985,10.434699551016998,14.954022025005699,16.284316408009076
391,13.675643314306877,11.79875369523912,12.852313031163925,16.799398899710788,16.235837581024054,15.112770146341974,14.995688322934058,10.46341510319669,14.990777301410061,16.32334965587122
392,13.708034399547035,11.829005126719863,12.881142884263374,16.838787741590355,16.270361715695277,15.137841918455543,15.033920231148432,10.492302478401212,15.027574021148778,16.36236340403536
393,13.740380287043678,11.859202489245867,12.90996025530747,16.87819397972262,16.30488630425298,15.16267045060576,15.072013130426129,10.521283278861992,15.06441147333128,16.40129168239517
394,13.772695223853976,11.889077826384288,12.938700110327805,16.917613086996216,16.339404633094233,15.187563763425704,15.10992262500679,10.55037212165933,15.101301593285653,16.440226743718682
395,13.80496037995845,11.918783593231609,12.967492351179843,16.957045961256902,16.373926101089864,15.21248591992258,15.147833558286985,10.57951791469247,15.138287104790077,16.47917488450752
396,13.837138644839444,11.948473333234006,12.996412452866863,16.996477685967523,16.408448338694615,15.237455032459563,15.185755450790305,10.608385508631406,15.175280488633224,16.51814038315076
397,13.869237056078639,11.978156129630804,13.025379134537106,17.035878452282937,16.44296806737535,15.262159382409722,15.22363104127952,10.637541760187833,15.212100217720199,16.557104178218463
398,13.901311737834787,12.0079224875156,13.05435472743504,17.075245715341985,16.477489428415833,15.286866595552532,15.261457355171403,10.666969827497557,15.24881958383611,16.59601806267627
399,13.933277812442515,12.037737308940716,13.083241026940165,17.114604333490153,16.512010574347546,15.311599600580458,15.299203613539834,10.696485670773644,15.285549024778119,16.635005570727834
400,13.965252108899465,12.067617847243806,13.11200778198132,17.15395098111275,16.546535776141496,15.336362018882413,15.33685966050231,10.725674651400086,15.322177960648645,16.674069217116543
401,13.997258362355963,12.097723416544376,13.140721936170573,17.19324255603142,16.58106199107861,15.360939911696233,15.374499958996433,10.755076614783585,15.358746712100116,16.71313959381424
402,14.029296252509369,12.127907681201934,13.169346179652534,17.23252541240653,16.615582539736717,15.385504746646783,15.41218431564043,10.784553411267353,15.395286467502167,16.752191635570206
403,14.061369400556428,12.158332336906062,13.197947937926617,17.27173921996633,16.6501038222839,15.40983399434857,15.449867978833904,10.813941036706478,15.431830141233203,16.791196857647154
404,14.095811998115156,12.192255648345396,13.231180712351994,17.310578103875837,16.68533413240852,15.441555883882971,15.487339762835102,10.847463979743578,15.468251189400146,16.82987778323628
405,14.214233444645378,12.310458994705472,13.349094033166208,17.429926658734278,16.804086418216418,15.558834633042974,15.60649692370638,10.965499171374717,15.587261247254629,16.94920422392987
406,14.222333341062887,12.319964913787539,13.353197046195048,17.443331927313615,16.81345848598339,15.561361843732632,15.617151543811504,10.971343205139856,15.599006903662074,16.963249195955054
407,14.252385502202042,12.351675596191528,13.378137502769786,17.479797773011846,16.845061140760368,15.584226544906912,15.65032949671934,10.998465009762642,15.633625212480657,17.0005478629202
408,14.284708919001675,12.38535550485517,13.405176474775313,17.51856099904708,16.87888621489045,15.60914311382365,15.68571777317415,11.027436287002635,15.670588472979697,17.040202865414678
409,14.317265186801865,12.419163496988412,13.432425084662084,17.557571900445456,16.912934295025106,15.63423714695705,15.721427033020817,11.056491494379939,15.707727392435833,17.08014246970555
410,14.349913489521917,12.452975275599647,13.459693026030227,17.596603992248852,16.947004657956214,15.659360601229041,15.757240552357938,11.085383212787395,15.744955476368402,17.12012967003152
411,14.382624972280848,12.48654913610863,13.48693128119228,17.635692480742623,16.981076789568434,15.684505381322612,15.7931302056393,11.114306746901688,15.782219871185978,17.16011276866987
412,14.415423351388823,12.520165792393069,13.51412378577798,17.674818164778223,17.015150188240987,15.709669615253016,15.82903666585872,11.143119612349693,15.819504190855902,17.20008185549323
413,14.448261484031583,12.553835393717227,13.541292692461633,17.71394510241502,17.049225016473976,15.734890949602674,15.864924585556379,11.172025286079618,15.856795628807244,17.240057699015864
414,14.481103783661391,12.587253883828707,13.568470297404694,17.753042253252644,17.083300137512005,15.760133695633954,15.900793090559965,11.200970842989403,15.894220134742707,17.28003570116458
415,14.513891110387698,12.620268831744626,13.59559026152332,17.79214592490052,17.11737547609459,15.785377412649853,15.936617326128914,11.229894909438098,15.931689119738515,17.320069187013313
416,14.546551248883974,12.653080590605443,13.622696379626918,17.83128250915237,17.151452301482284,15.810544651344829,15.97248160113355,11.258890827448523,15.96926188144684,17.360106020510894
417,14.579257973209785,12.685867812372324,13.64981413789316,17.870424380952347,17.185529439810338,15.835710305576693,16.0084553645117,11.287927146923206,16.006869119996978,17.400209610283543
418,14.61198095811142,12.718681788778369,13.676951109797043,17.90954511577301,17.219605693655172,15.86082186925328,16.044500790619,11.316782764654539,16.04439853377361,17.440341370688216
419,14.644685418898943,12.751496156620593,13.704142784329916,17.948630963439378,17.253681777392526,15.885765806023285,16.08055820867058,11.345479298254936,16.08191017142439,17.480568248321777
420,14.677343886002754,12.78423130144059,13.731356663931624,17.98765553593315,17.28775784658952,15.910581973329684,16.116596972855852,11.37433081848479,16.119440199605428,17.520844219508433
421,14.70997200144795,12.816966899072733,13.758570949425899,18.026646100038967,17.321834037769097,15.93536703038157,16.152560889007443,11.403242492809207,16.156935361220604,17.561155967429617
422,14.742510547327475,12.849485812048986,13.78579675183039,18.065633886546305,17.355910110921894,15.959879971363112,16.188543111235653,11.43197787347783,16.19443537127943,17.60154320560806
423,14.77500185592414,12.88212284511469,13.812985527286317,18.104608240526503,17.389986709930984,15.984358517657178,16.22452686040093,11.460768529328147,16.231890112177105,17.64200855128419
424,14.807475485434846,12.914799824688293,13.840183484202882,18.143573164183557,17.42406340790136,16.008805746159492,16.26040547433298,11.489679957406311,16.26930227761074,17.682477226352212
425,14.839949440211033,12.947600625684537,13.867384105843817,18.18264636194677,17.458139588848915,16.033293680742442,16.296162875284114,11.518676727659816,16.30671555598437,17.722868428708733
426,14.872452196070547,12.980446661715924,13.894654526288758,18.22174450105492,17.49221576962074,16.057599677540622,16.331877437977866,11.547526068049834,16.344141214743487,17.763217105234485
427,14.904975876980151,13.013338443426338,13.921954115396147,18.260818409876016,17.526291277910328,16.08187566174499,16.367601060532905,11.57612606234343,16.38160249482122,17.803748769503727
428,14.937605522774248,13.046264576509225,13.949235494143236,18.2998562658872,17.56036569134891,16.106162832438883,16.403268069357186,11.604464309980692,16.41909333290251,17.844424695031613
429,14.970298269826621,13.078946417095286,13.976543164579821,18.338881147111874,17.594439975893096,16.13047821955301,16.438936386622455,11.632833996403857,16.456586416535757,17.885203217364037
430,15.003107254748842,13.11164085721706,14.003905646343668,18.37788156553536,17.62851451363522,16.154827181910836,16.47462628931552,11.661253681296348,16.494047217312854,17.925994019324648
431,15.035952151620483,13.144351684953778,14.03129923660321,18.416847554972765,17.662588945901945,16.179193537231207,16.51035637721135,11.689869709925102,16.53161183740101,17.966802116769617
432,15.06877920344847,13.176868770348106,14.05870061028049,18.45586852705412,17.69666349231216,16.203440470797585,16.546132746627777,11.718696257768011,16.569205722632624,18.007677352493218
433,15.103468036298906,13.211359865539107,14.091537656806931,18.494609827209196,17.73175111418112,16.23510246832786,16.581904709157353,11.752058152010738,16.606607524013736,18.048058112094814
434,15.221992901651646,13.329801681074883,14.209284771903592,18.61394472034202,17.850443470921636,16.35235606284613,16.700823895022605,11.870025703148238,16.725754887318203,18.16762252955015
435,15.229860189510667,13.336158622346296,14.21437988498209,18.62623914426549,17.859488933329857,16.355122905667308,16.711170100764956,11.873879567025034,16.73873727507788,18.182446920715
436,15.259495888466306,13.363911518878197,14.240629616223645,18.661389870043344,17.890687451473884,16.378262519233207,16.743950961716724,11.898539510282706,16.77474789252892,18.220565579899038
437,15.291212152217433,13.3938639195697,14.26901681802444,18.698828138638703,17.92410064606855,16.40335307479124,16.779014371405868,11.925416210373008,16.813090715294315,18.260938684463028
438,15.323073512708802,13.424038123826755,14.297691207316497,18.736513644201008,17.957728947829704,16.428637666099572,16.81433767068208,11.952516401160047,16.8516024293507,18.30167738780762
439,15.354912893763293,13.454224756807621,14.326424165940928,18.774275939268293,17.99138267117786,16.453958813339824,16.849684220808367,11.979780450780734,16.890053211336944,18.342465319383987
440,15.38682841353913,13.484327615265286,14.355186335618406,18.812089598779384,18.025041695395014,16.479250901946273,16.88501964873105,12.0071565973904,16.928467896058137,18.38320822916893
441,15.418768946532316,13.514537889958762,14.383961257682984,18.849909276696756,18.058702038073687,16.5043860731203,16.92034156122476,12.034608523395827,16.96688079235179,18.424008335759797
442,15.45073534503188,13.544815921566041,14.412699907701125,18.887708861694104,18.092365512337075,16.529629107408102,16.955664831942414,12.062117130601484,17.005288134723216,18.46483214622843
443,15.48274475622649,13.57514788219217,14.441446455957069,18.92551190489591,18.12603285960696,16.554933556174205,16.99099283851789,12.089693528839188,17.043685886135016,18.505588503256117
444,15.514765014640505,13.605536224135976,14.47013962858791,18.963310055003365,18.15970156645359,16.580255348771804,17.026329424605173,12.116793311054565,17.082082760827127,18.546218103102273
445,15.546733963188782,13.635931948184293,14.49884971574967,19.00112655362661,18.193370969829637,16.60551795167263,17.061617862950843,12.143774290006677,17.120495077351585,18.586832814909513
446,15.578708106181635,13.666301251699213,14.527471950737318,19.038952573586556,18.22704048533463,16.63067983215025,17.09690169055067,12.17069177372323,17.158985868425976,18.627485747889626
447,15.610702750878458,13.696695964882744,14.556134876136557,19.07677405936721,18.260707560401617,16.655916440655,17.13212776326985,12.197199757064482,17.19767736809384,18.66822347401344
448,15.642726125928597,13.727094249932566,14.584834811699633,19.11456340455418,18.29437085675562,16.681221084060432,17.167276956397767,12.223532199938386,17.23645030253152,18.709127709526406
449,15.674829383087701,13.757503121401607,14.613569301268912,19.152342707190126,18.328034652525663,16.706572817877458,17.202469690506728,12.249872905942944,17.275460261081236,18.750067872300363
450,15.706960147658465,13.787927058903026,14.64231645674679,19.190094754127344,18.361699099010977,16.731946763804547,17.237698029590074,12.27617182594447,17.314619754710524,18.791003714854185
451,15.739099471879797,13.818454811808131,14.671051425027041,19.22776897492072,18.39536562877408,16.757387476965597,17.272956908692088,12.30240408920403,17.353795606200162,18.83198174322668
452,15.771248167339087,13.849063894410161,14.699621278059608,19.265406487573358,18.429035078819535,16.782908478768565,17.308298587252846,12.32860592243715,17.39301645090418,18.87304678385797
453,15.803396131980197,13.879744681422089,14.72815941544404,19.303066476530606,18.4627049992024,16.80847307111791,17.34366168558243,12.354814685023063,17.43224696362754,18.914157058433844
454,15.835410717030571,13.910539673775402,14.756709972220484,19.340751937185185,18.496371938868062,16.833929903538017,17.378995257895056,12.380901076728247,17.471398042799148,18.955265725260336
455,15.867371483406327,13.941372063224602,14.785178347079295,19.378445340314684,18.53004303652552,16.859424794968966,17.414272117655056,12.40683134253465,17.510554128382065,18.996308477647364
456,15.899340175842164,13.97219517825594,14.813649432903443,19.416134397175135,18.56371715607138,16.88474541621639,17.449526975507087,12.432800758691087,17.549753563503344,19.0372717308897
457,15.931308783136688,14.003153652119012,14.842145872507306,19.453787513494145,18.59739180224643,16.91009030361293,17.484783074354873,12.458858515060946,17.588990969461452,19.07839409489375
458,15.963207310772779,14.034149199306745,14.870646742036836,19.491441022400387,18.63106643699938,16.93532559121938,17.52003050333115,12.484974899648515,17.628238875214358,19.11953759625757
459,15.995068118649,14.065055162173806,14.899156164208577,19.529094113510055,18.66474005128063,16.96043801576267,17.5552912498101,12.511102424829915,17.667541808726792,19.16067010247585
460,16.02693225020792,14.095969556318243,14.927582484776162,19.566767241123415,18.698413129758677,16.985581759919054,17.59064540361638,12.537224396333066,17.706859134574916,19.20180718086609
461,16.058775572168912,14.126843422092072,14.956032885378946,19.60444476238627,18.732083291648582,17.010670848294524,17.626025177833597,12.563434709919093,17.74617399223943,19.242858776266445
462,16.090632865283766,14.157751388232564,14.98450507874881,19.642152763810056,18.76575255860734,17.03567439039467,17.661386517309143,12.589776006723655,17.78549395192106,19.283820959308617
463,16.12498995023429,14.191802072193749,15.017691979218917,19.679705759073915,18.80070997825157,17.06764449466607,17.6968729649943,12.622249989667509,17.824492134292832,19.32420554635923
464,16.243375481469066,14.310058915013002,15.135586032971917,19.798874289521965,18.919347650057706,17.18502749401561,17.81573282857762,12.739844618059484,17.94386299093599,19.44377049965743
465,16.25080686647115,14.316880506936862,15.140204245927878,19.810199973137006,18.92890348610858,17.187830723532066,17.82504636607505,12.744445282278198,17.954505696933364,19.45787458685428
466,16.279945366094037,14.34527405528471,15.165856323553385,19.844177143341064,18.96073620728694,17.211111339119963,17.856601088040037,12.769969142605714,17.987646682195173,19.495197049195824
467,16.31120967796852,14.375767116919691,15.193683878501478,19.880415667009295,18.99479435250352,17.23649957498207,17.890361623232167,12.797545086681758,18.023027728595782,19.53486339227859
468,16.34265373595631,14.406427168396736,15.22176777501725,19.916877800514726,19.02907528277096,17.262115854650485,17.924336644796362,12.825368952060654,18.058575670584116,19.574860067497582
469,16.37412372482091,14.437293447450543,15.249933186057435,19.953374972505266,19.063384370944043,17.2877726863556,17.958328198465296,12.853231805089731,18.094139303506996,19.61489466431909
470,16.40563967625415,14.468321367049997,15.278123386675349,19.989875892763816,19.097706208337414,17.31345833792254,17.99231289477561,12.88111389671454,18.129709610358553,19.654907985950338
471,16.43718606046542,14.499430207084872,15.306293563431204,20.026366517488583,19.132030821113013,17.33915724030011,18.02631242431948,12.909017078826206,18.165282526434208,19.69492250086162
472,16.468738565221614,14.530600713504247,15.334454991767947,20.062859830498397,19.16635085788014,17.364885510867918,18.060314313934224,12.936913609102037,18.200875382181795,19.734977560631652
473,16.500304550278358,14.561999900155918,15.362626173056487,20.099356615862423,19.200666530425828,17.39066845008579,18.094306583252514,12.964823736158655,18.23649118980223,19.775100301916478
474,16.531917214913797,14.593528233180226,15.390831991679281,20.135863720033996,19.234985028321347,17.41647055398497,18.12836878301945,12.992687834337374,18.272110433491417,19.81524133698649
475,16.563551160922835,14.625130335501924,15.418965495108495,20.17239268674514,19.269315345798738,17.44222814954466,18.162447830647114,13.020655007620498,18.30771115313517,19.85536868646625
476,16.595212321970003,14.656753506943327,15.447104463619912,20.208943626167894,19.303651227909842,17.467977014938516,18.19647100529464,13.04868521929618,18.34333485932512,19.89543036540909
477,16.62690145089725,14.68828504350516,15.47524071050423,20.24551677743004,19.337987892317585,17.49372949724569,18.230474308447047,13.076506786939422,18.37896160644924,19.935533825826646
478,16.658598150079335,14.71979008747354,15.50338927396625,20.282115624483378,19.372322863043856,17.51936954015705,18.264491707967192,13.104419449460154,18.41457746981893,19.975640339365622
479,16.690268810118944,14.751166134111013,15.531473126555795,20.31872156921437,19.406650072003984,17.545013245655255,18.298562773914142,13.132385772730304,18.45019620297037,20.015750181755436
480,16.721949474063013,14.78255391202032,15.559471031332327,20.355333094117885,19.44096256716158,17.570504532975818,18.33264756404489,13.160377838663887,18.48571964304295,20.0559079095375
481,16.753597709646055,14.813947904753125,15.587528466440883,20.391945798536515,19.475280467965458,17.59590915347806,18.366724458877467,13.188211516231926,18.521268600913515,20.096072859239985
482,16.78521403857263,14.84546882857998,15.61563098319641,20.42856123323923,19.509606043196445,17.621279494490256,18.400805909778512,13.215771329707724,18.55683851457144,20.136221314878213
483,16.81683221624972,14.877021959367893,15.643764008845311,20.46517805014933,19.54393493715612,17.64672265199978,18.434848762540582,13.243276053503134,18.592388829314817,20.176343804078517
484,16.84843460774156,14.908562370950975,15.671908876454607,20.501787623436382,19.57826658940503,17.67221178167034,18.468897439670293,13.27072275691252,18.627916378135613,20.216409084614344
485,16.88005149787973,14.940041841566616,15.700031968063922,20.538405454650096,19.612606356522587,17.697583057199022,18.50296187080756,13.298066694690668,18.663409033908618,20.256470501993913
486,16.911720404641304,14.971372019888769,15.728161129130457,20.57504247899917,19.64694836974683,17.72298565897296,18.537045500088468,13.325388813393419,18.698865510211398,20.296532002477814
487,16.943405030145946,15.002791152634126,15.756266495645404,20.611702971274845,19.681293320186114,17.74843617017781,18.57113568598872,13.352641337846098,18.73434733602721,20.336662517188802
488,16.975097629510643,15.03423619808428,15.78434269231512,20.648368764859267,19.715644053148374,17.773915468961924,18.605229818149592,13.38003884276704,18.769849671327183,20.376868796667726
489,17.006794926070285,15.065839195007511,15.812376934477378,20.68504348934131,19.749995848771995,17.7992804048992,18.639349258907686,13.407555281270712,18.80529917142126,20.417095679247918
490,17.0384892900953,15.09756627359022,15.840416242338495,20.721723969599054,19.78434299582261,17.824656142976828,18.67349883597951,13.435106276389048,18.840778206540435,20.45731678269396
491,17.0702050103515,15.129364441106684,15.86853296313737,20.75840643410792,19.81868226795308,17.849956880503644,18.707682052508854,13.462599465652612,18.876278905437786,20.497494513174594
492,17.101927653183235,15.161180302556888,15.89669319752701,20.79510283486941,19.8530102836618,17.8752744082301,18.74187219632759,13.490113999117302,18.911781530600468,20.53771220848019
493,17.13362753724339,15.193045749574662,15.924860259005396,20.831804495358643,19.887338299846153,17.90054437941559,18.7760219482353,13.517660891358856,18.947267106684393,20.577959980216434
494,17.16794464667977,15.227423406069965,15.957971101551522,20.868426344505618,19.922506658384407,17.93260993853687,18.811114749230395,13.550556518752797,18.9827947062846,20.617781385663804
495,17.286313388198607,15.345817577353548,16.07583321097645,20.987464514497304,20.041232924526028,18.050033028923366,18.92980928120389,13.668328237813808,19.101671853672244,20.737267493537548
496,17.29228411269566,15.354482709382944,16.0802215316185,20.99842967262199,20.050653398077433,18.05268310621804,18.939116526618047,13.672447815446136,19.112441942841592,20.753579609881474
497,17.319613781928876,15.385095664886448,16.105512234926135,21.031994523765242,20.08232067973294,18.075635930592025,18.970689992249877,13.697521062838621,19.145781171297507,20.79349219440618
498,17.349064875530075,15.417655453827502,16.132908431029733,21.067821421138806,20.116212260089736,18.1006230314262,19.00453656837574,13.724601066496936,19.181334276322218,20.83579316177678
499,17.378692697252283,15.450486782956272,16.16055560770215,21.10387843650164,20.150331717302805,18.125801648033633,19.038584600968836,13.75180145855781,19.21714726387935,20.878323240818762
500,17.408342493807673,15.483375198875091,16.18823455914286,21.139961231190256,20.184487412464353,18.150995902839366,19.072638970733728,13.778990948996903,19.253010365581098,20.920900751833166
501,17.43801637920415,15.516183721186401,16.215907271189007,21.176046375227333,20.218648691510346,18.176146677964887,19.106689156208656,13.805972439027913,19.28892868645926,20.963497625511142
502,17.467697739359902,15.549144794600913,16.243615040575747,21.21213121093556,20.252808845534066,18.201344732855784,19.14069729784327,13.832990168133504,19.32485503056032,21.006081775999963
503,17.497395730721976,15.582130570628088,16.271338308762584,21.248211903799785,20.28697195376906,18.226567720199434,19.174682403122713,13.860002382671473,19.36073598999341,21.048708074847003
504,17.527105362597712,15.614810986700203,16.29907156106557,21.28428789598509,20.32113960842476,18.251796719257932,19.208686260611895,13.887075011212039,19.39667282033358,21.09149804361553
505,17.556823164628565,15.647497827090499,16.32681193220954,21.320348693750958,20.355307738048566,18.277023145129238,19.2427038978936,13.914135825461194,19.432621964651982,21.134354895188306
506,17.586546342700313,15.680207437386011,16.35453981215157,21.356404952055453,20.389461412020683,18.302187702081987,19.27673110703323,13.94120530967523,19.468613293483656,21.177286811015513
507,17.616279242560694,15.712870667523957,16.382274856761462,21.39246300484245,20.423609117303506,18.32736017778437,19.310831121304254,13.968450049343854,19.504663030716998,21.2202264463869
508,17.646018491178314,15.745552185392091,16.409937724217425,21.4285229382158,20.45775746215177,18.35255110811086,19.34495411936111,13.99577318344794,19.540723695349673,21.263128913936725
509,17.675809797786425,15.778083112049604,16.437556193130288,21.464580937149275,20.491905722273543,18.377764166522784,19.379100322488192,14.02301651618855,19.57676893317882,21.30603127614626
510,17.705622068233527,15.810725922657628,16.46517192560358,21.500639200662267,20.52604741700495,18.40294775111375,19.41326548284619,14.050160318213669,19.61286729209055,21.348956090896607
511,17.735412883268037,15.843450399839927,16.492768907229163,21.536696466375787,20.56018808189276,18.42802127480706,19.447488337144023,14.0773125020878,19.648975346054126,21.391929545547413
512,17.76515346461433,15.876299425955226,16.52030664906637,21.5727535243136,20.594328632365773,18.453074950284435,19.48172809613303,14.104419483467101,19.68500990787685,21.434905200344875
513,17.794861172106128,15.909189170009366,16.547849827342766,21.608803674308618,20.62845841680315,18.477946244500757,19.515971728173344,14.13137987652843,19.72095168689677,21.47794092325919
514,17.824538614300867,15.94207825035564,16.575394804972273,21.644848592579514,20.662586807668315,18.502843941681178,19.550218080357297,14.158371828157854,19.75685357573425,21.520988582875997
515,17.854202899825598,15.97488390301392,16.60294967431333,21.680890663468702,20.696705022934477,18.527672486640192,19.58439459889116,14.185345919964096,19.792741385709,21.564017140922044
516,17.88386256383923,16.00769886610618,16.63048262430182,21.71692704443918,20.730810261008365,18.55256015732523,19.618516008638444,14.212260295016987,19.82864525391666,21.607029575259986
517,17.913526125986444,16.04070017519958,16.65796441003171,21.752955682041332,20.76490781500048,18.577492610800153,19.65260192516322,14.23912720630091,19.86458629540447,21.649987836503136
518,17.943201201528037,16.07376602934009,16.685458312877433,21.78898575076821,20.79900753542477,18.602483570572172,19.686689401407396,14.265990232967743,19.900537357673823,21.69300606003549
519,17.972893360373874,16.10672574037991,16.712944128098243,21.825016644303705,20.833109235643864,18.6275404271277,19.72078387785472,14.29276191607219,19.936511599492615,21.736062276667777
520,18.002623335349305,16.139664504754407,16.740430432474877,21.86104515262442,20.8672107424123,18.65271559238649,19.754913245717745,14.319492418220548,19.9725360052847,21.779129488797313
521,18.032391025552872,16.17251418543963,16.767897017816633,21.897067562908532,20.90129717092633,18.67794234489047,19.789052167415623,14.34633748027743,20.00867412845307,21.822181544427814
522,18.062170092104196,16.205470121947545,16.795378236700643,21.93308167830049,20.93538426579735,18.70314638921922,19.823151202091584,14.3732247989167,20.04484152342634,21.86515859745961
523,18.09192290833175,16.23857960916622,16.82289707446946,21.96908970153224,20.969472529856894,18.72829205546396,19.8571982811366,14.400196324861193,20.081031938979542,21.90816904453258
524,18.121624302896187,16.271733007914026,16.85042894520538,22.005097238873613,21.003565628728357,18.753328218903427,19.891246355026325,14.427204516729411,20.11722871962279,21.95118932894129
525,18.15133261570337,16.30487486502474,16.877951279389332,22.04110488745525,21.03766267095335,18.77833973459639,19.925301800884004,14.454190054831194,20.153357748698337,21.994227833771387
526,18.184963818002707,16.339665762240376,16.910837344044825,22.077083017359698,21.072757924084044,18.810282455435125,19.960384134376614,14.486868946265751,20.189383531370083,22.036472485558573
527,18.303044478523983,16.458233494626498,17.02860504675569,22.196031066657433,21.191453485954494,18.92765395374295,20.079074269999065,14.60454963622382,20.30833825205524,22.15629784791989
528,18.30707093368969,16.46648418369428,17.033497461458847,22.206186452266845,21.201652835718388,18.931558577376762,20.088379442879233,14.608956865081929,20.31821827542643,22.17200341279325
529,18.33189292616989,16.496577292599603,17.059454015095852,22.238748758243993,21.23429753631226,18.956216349841682,20.119881336749312,14.634276687660396,20.35049348010871,22.21125050916091
530,18.358797454359514,16.528778271238796,17.087568552119947,22.273550918465222,21.269214325840192,18.982917537845083,20.153580819136796,14.661737244091885,20.385076670322313,22.252879079377394
531,18.38590929995864,16.5611532759507,17.115916755771508,22.30857819405739,21.30435803203419,19.009828312188947,20.18751277269723,14.689490185334735,20.419916233753497,22.294730134658753
532,18.41303804150106,16.593535166767094,17.144310995518087,22.343628739731674,21.339542714758338,19.036763602058695,20.22146696834283,14.717319462600127,20.4547752623237,22.336629792447745
533,18.44016739213349,16.625818724221904,17.172726857091742,22.378682765421637,21.374761335990883,19.063684676413267,20.25542269324898,14.745172199009065,20.489650858795493,22.378536258078874
534,18.467300088943244,16.657888477520185,17.201168343947067,22.41374273531643,21.409987467149847,19.09057905026991,20.289379264846204,14.772934956653767,20.524541583131388,22.420460891137324
535,18.49444597204159,16.689962163652563,17.229624540584823,22.448807872878312,21.44522720024348,19.117493624210294,20.32332657656863,14.800691907879534,20.559401521238748,22.46250732992022
536,18.521597034309156,16.722080632013835,17.258084642327145,22.48387882792041,21.480477247399268,19.14442592701936,20.357236785880623,14.828326202626405,20.59422149033366,22.504682094333436
537,18.548755798803587,16.75428858722026,17.28652758838852,22.518952091000006,21.515728026511002,19.17136552483772,20.391133942592145,14.855900706668795,20.62903611800221,22.546930302608047
538,18.575928976742087,16.78652286852465,17.315030807324455,22.554025573350152,21.550973057493913,19.198294991824202,20.425034364298053,14.883579829225194,20.663857534306914,22.589199143138565
539,18.603108289089505,16.81865096171599,17.343573460958194,22.58909839728647,21.586189936682658,19.225216847650636,20.45894316232225,14.911397867570777,20.69871853757446,22.6315178795349
540,18.630272168811707,16.85078052160556,17.37212364791582,22.624175556962545,21.621388209822328,19.25214516874237,20.492854119695785,14.939297314867503,20.733590223758917,22.67396351431838
541,18.657437885870067,16.88299955227183,17.40064538739341,22.65925395701923,21.656551191279203,19.27906604171063,20.526767277755003,14.96731317190792,20.76843032968332,22.71642919503784
542,18.68460550297032,16.915325657719688,17.429205104537914,22.69432624413002,21.6917355006774,19.30599497172244,20.560686261444058,14.995368513630275,20.803219722610272,22.75885438932171
543,18.71176136381516,16.947678050339952,17.457791760454832,22.729394222203865,21.726933803641217,19.332939680767343,20.59460521675343,15.02342112799508,20.83795343469925,22.80125166049126
544,18.73891950837424,16.979932870789796,17.48632803076817,22.76446058058817,21.76213314797347,19.35989814968519,20.628521666205447,15.051470781314649,20.87268890594375,22.843627956076766
545,18.766064376443275,17.011952991107524,17.51485544521828,22.799521979566137,21.797328855941334,19.386843453523653,20.662449688332284,15.079328781869526,20.907418831038296,22.886048168773076
546,18.79321164992617,17.04390264930714,17.543350553838216,22.834587373495562,21.83253387102164,19.413794647488185,20.69638499822094,15.107297905121342,20.942113151564325,22.92847234131776
547,18.82034545128545,17.075873310730955,17.57177972197432,22.869653808529566,21.867744945249886,19.44074103875703,20.730335761121037,15.135311360968032,20.97674719761211,22.97092262788854
548,18.847468795966797,17.10783651731952,17.600236408013334,22.904719125558042,21.90295863941711,19.467668254397516,20.764315527731,15.16335726597928,21.011408855056914,23.013359790723968
549,18.8745997970666,17.139762342710185,17.628727973241855,22.939781715021056,21.93817146041103,19.494563831409412,20.798300546175895,15.191182838658834,21.046077591081193,23.055670877054332
550,18.901743389186294,17.17159408629212,17.65725940442636,22.974843107984853,21.97336340900915,19.52139578020386,20.832276240668225,15.219225673935396,21.080700771993442,23.0979262991359
551,18.928893866781774,17.20335375071102,17.68580429105574,23.009900845425882,22.00856071416395,19.548213575868665,20.866243818505975,15.247394900880051,21.115320093266508,23.140159435572198
552,18.95604912938042,17.235171425407067,17.71434030987975,23.04495568307274,22.043765883821102,19.575053106638595,20.900217107662968,15.275585210510002,21.149904045977074,23.182321618238756
553,18.983209302251332,17.26704197973699,17.742886144267633,23.080008466922568,22.078978077535353,19.601906633662683,20.93421308352031,15.303780758331024,21.184490281814185,23.224466097352376
554,19.010372485372653,17.29893209726393,17.771372842544025,23.115063449105868,22.114193533446436,19.628779423790263,20.96821515273706,15.331987902544633,21.21908009607681,23.26667237842038
555,19.037523321495847,17.330907418160514,17.799752095310996,23.150125411069997,22.149408853051106,19.65567734475137,21.002235798447632,15.360152206624173,21.253663864884654,23.308925844179836
556,19.064676561312716,17.362912053583315,17.82815666667825,23.185189250733092,22.184621941767805,19.682587280286047,21.036314636397854,15.388471390847158,21.2882720400674,23.351203222007683
557,19.091816692504572,17.394893516269722,17.85658415948586,23.22025337875866,22.219835903008775,19.70949607788136,21.07041241446486,15.416909188511786,21.322906189256436,23.393519812526986
558,19.118959759255258,17.426857117164108,17.884953781110124,23.255317391920688,22.25503428562972,19.736476837133708,21.10452550134409,15.445398262913228,21.357592912919998,23.435839771171835
559,19.151704347517878,17.46121991683037,17.918127706404213,23.290717229982185,22.290470336067127,19.76917709079036,21.139627124919368,15.478626924719673,21.39287998295851,23.4774407299492
560,19.269412630143734,17.579607848245754,18.03601631058329,23.40954071752357,22.409309032806394,19.886866752881712,21.258325362376542,15.596538518233936,21.511656107930243,23.597175975289144
561,19.272745223541026,17.588263077632842,18.039931192243916,23.420398664208214,22.420017499594163,19.890389486840938,21.268822653604243,15.602386732938639,21.52158463398486,23.612052189683993
562,19.29666711079689,17.619050310162745,18.064627559904938,23.453816843032314,22.453291570729974,19.914586160327858,21.301780075820606,15.629560419244982,21.55386130244636,23.650304434315352
563,19.322654527404865,17.652084665053536,18.091402356265863,23.489492943970873,22.488856691905458,19.94084101116628,21.3369568824716,15.658941992543237,21.588382569820016,23.69097107069283
564,19.348816656629946,17.68552406938867,18.118391210254746,23.525389576745535,22.524647244318327,19.967260467342143,21.37239946633181,15.68856636941365,21.623086928423035,23.73187824931835
565,19.37498423260575,17.719096485247448,18.145400996991683,23.56130954925156,22.5604561528683,19.993674708968577,21.40788464787904,15.718214121265099,21.657792753268193,23.772854127390875
566,19.40112797093851,17.752727281231234,18.17242069240824,23.597231618284233,22.596264159286108,20.02010021385251,21.443385821159787,15.747749008804767,21.692490329551397,23.81384404177261
567,19.42727664006565,17.78637003691533,18.199451259931703,23.63314742571691,22.632042710216545,20.04652882397746,21.4789187776506,15.777203385321679,21.72721973124263,23.85483267249245
568,19.453409664426303,17.819971760986668,18.226486004644812,23.669048614504465,22.667786022683195,20.072958902122018,21.514469289303065,15.80660541110845,21.76195635313035,23.89587883009346
569,19.47954755523968,17.85341196777471,18.25350251094967,23.70495628877301,22.703514937115273,20.099402784523615,21.550022147380265,15.835950645978459,21.79667719359373,23.93701786942285
570,19.505670145683567,17.886677765533854,18.280531389260886,23.740867168094418,22.73923378847129,20.12580725743052,21.58556893251656,15.864974733733296,21.831398635245712,23.978207592470817
571,19.531772131061555,17.9200695354049,18.307588220214654,23.776785672560756,22.774953355182188,20.152214867138717,21.621107063664006,15.8941661252438,21.866128983899856,24.019403166889145
572,19.557889387496644,17.95353598092681,18.334658124860205,23.812711539423052,22.81061532729065,20.178630734448816,21.656648400776398,15.923481912857604,21.90086442959165,24.06057521265589
573,19.583985621287017,17.987089928976825,18.361702695598503,23.84864361639442,22.846285536711733,20.20506029481523,21.69226561484744,15.95298661688637,21.935565419155736,24.101839997005367
574,19.61003489474985,18.020667317199113,18.388732339189385,23.884586364814936,22.881974867679116,20.231457731345564,21.727901721411584,15.98270270316978,21.970297631933207,24.143143924984123
575,19.63608419066398,18.05418509789472,18.415774785128313,23.920531802271057,22.917694066058907,20.257856592502563,21.763509127328906,16.01248343278841,22.005106690306878,24.184425150293006
576,19.66207925451166,18.087704435695375,18.442827202618737,23.956475410765755,22.953467700528712,20.284263854061734,21.799087376478045,16.042137650103058,22.039930856584164,24.225633395822783
577,19.688083745550333,18.121171472891174,18.469882621871204,23.99241988334162,22.989264776270616,20.310680027028113,21.834664407756417,16.07159721920078,22.074691026081076,24.266838311713848
578,19.71413931975623,18.154564714263124,18.496979618149698,24.028365476791024,23.025061826205434,20.33708328415946,21.87022964538393,16.10096930893973,22.109439638538525,24.308021619645988
579,19.740222772320745,18.187971384079187,18.524101299776426,24.0643092457564,23.06082351000996,20.36346639290865,21.90581298430058,16.130423358738337,22.144152406225086,24.349169900134413
580,19.766313282800393,18.221324868412292,18.551213052742202,24.100252408395832,23.09658493241722,20.38981974592401,21.941354913018852,16.15992183015305,22.178895335572594,24.39025802655502
581,19.792384486510347,18.25439904883808,18.57833447507695,24.136197071079877,23.132349444053137,20.416164008199345,21.976853532651656,16.18930646667465,22.213646515934595,24.431342499016765
582,19.818444662172688,18.287513303238395,18.6054591628244,24.172148881091598,23.168114356576602,20.44251968783901,22.012318592368846,16.21869528187668,22.24839651693722,24.472399865201844
583,19.84449803234855,18.32061034264745,18.632557513187837,24.20810274416477,23.203882211368576,20.46886096965526,22.047726815878544,16.24809179424768,22.283151325527346,24.513405534148983
584,19.870555886259023,18.3537121025174,18.659658731150596,24.244057499962505,23.239650841845492,20.495156649456423,22.083129310283457,16.277504690790273,22.317919429871097,24.554377043569506
585,19.896637138155292,18.3867482666409,18.686779967863682,24.280017233952833,23.275400101088927,20.521441860739817,22.118532479601846,16.30690672397192,22.352725042187966,24.595358380709474
586,19.92274599842689,18.419778272251826,18.713912021483523,24.315979227386368,23.31114845971197,20.54775557018504,22.153950210088137,16.336202042180027,22.387539554374428,24.636371459020772
587,19.948876126730855,18.452762029224694,18.741011139860976,24.35194055846925,23.34688857904613,20.57408353546572,22.18936904518465,16.365510525172745,22.4223868208458,24.677390872206708
588,19.975014734451307,18.485717462332882,18.76812096414773,24.38789567884702,23.382626385774977,20.600390350396466,22.22478687093696,16.39485912287096,22.457245983167358,24.718399574542723
589,20.00113986183424,18.518604693638004,18.795249202654432,24.423852240370817,23.418334843764868,20.62670034104086,22.260158807885578,16.42391306910571,22.492089688516124,24.759435749148793
590,20.027280852527845,18.551348396612532,18.822409448695332,24.45980798801036,23.454034316203586,20.65302039215011,22.295508951431152,16.452859328769577,22.526917568336355,24.800479539577886
591,20.053431263071776,18.584020675918367,18.84958669893957,24.49576168069222,23.48971254358352,20.67933897629445,22.33083626987016,16.4817979183381,22.561698213557435,24.841542355172024
592,20.079592725435358,18.616694969409878,18.876725965975663,24.531705263035057,23.525357710287892,20.70570068899458,22.366111322798698,16.510767002926805,22.59648509870847,24.882609608292714
593,20.11198964335975,18.65132001940094,18.909476375224106,24.567614074069,23.560959348620994,20.738174648851555,22.401575716770864,16.54411541793487,22.631798173861476,24.923120734418767
594,20.229551904443547,18.769818095952743,19.02718710266401,24.68655241872486,23.67985468909874,20.85576926754704,22.52042631779473,16.662077307793812,22.750585220981293,25.042703403187524
595,20.232986913927633,18.77934837086388,19.03208028557748,24.69708510119363,23.689305560367004,20.858962380251214,22.53030596925646,16.667205919112796,22.76159018761686,25.056326203028437
596,20.257037527304124,18.811081680972663,19.058060174015033,24.730110705053885,23.720995508761913,20.88268420060316,22.562527148831265,16.69348510130778,22.795148623693628,25.09312086999575
597,20.283132422436932,18.84490248963605,19.08614508272717,24.765386405386124,23.754912822531306,20.908488274262375,22.597002094342603,16.722005944855788,22.830959192034143,25.132205217984552
598,20.309422631957766,18.878852568617507,19.11444708458283,24.800885718086004,23.789056405249333,20.934493517142712,22.631745589450297,16.750745447790223,22.86695818289706,25.17150906229296
599,20.335728758285924,18.912720300225686,19.142772174107073,24.836407470324612,23.823223026620823,20.960514998688094,22.666544626468696,16.779486334675305,22.90297303769389,25.210861324158717
600,20.36202885137022,18.946563440413225,19.171115855457977,24.87193151557102,23.8573913464586,20.986544273156877,22.701384425460923,16.80816384531538,22.938986037546762,25.25022085393894
601,20.388315111031122,18.980412863926528,19.199486795738224,24.907455517613844,23.891573107397278,21.012556440725785,22.736234169101515,16.836792170463337,22.974932575548788,25.289574180220438
602,20.414572974822097,19.014257154001548,19.227865628399645,24.942979288218414,23.925759321728094,21.038581300883216,22.771091266778807,16.865338935207596,23.010816395198592,25.328930123929567
603,20.44082021687466,19.048040932326693,19.256199838229946,24.978504344937228,23.959944441569185,21.06461404492597,22.805950204291882,16.893951115259863,23.046684383509906,25.368286445282425
604,20.467031427150875,19.081942154767493,19.284535535643453,25.014030004444656,23.994135263846697,21.090632167342978,22.840768274676407,16.92268301001619,23.08246261417741,25.40764054921349
605,20.493237347119283,19.11586599401083,19.312895956083306,25.04955682937875,24.02832776355917,21.1165474905188,22.87555652925645,16.951518880575243,23.11815069922219,25.446984667421656
606,20.51944864607599,19.149667400616227,19.34127052183445,25.085088432398095,24.062513991961193,21.14240738816449,22.910313510347724,16.980395177403047,23.153782141609415,25.486322909463
607,20.54562137771346,19.183410199460518,19.369643985189086,25.120621326018966,24.096698959086986,21.16824350437749,22.945066618275895,17.00908992012439,23.1893425883175,25.525680152186762
608,20.571796163054312,19.217075013242454,19.39804348848707,25.15615273196598,24.13088724887314,21.194064723312692,22.979822223143383,17.037770031736976,23.224890434529684,25.565044695014283
609,20.59797396202868,19.250706136999113,19.42650124261533,25.191680014748524,24.16507752441988,21.21987706398546,23.014572257861893,17.06647823906439,23.260373599917738,25.604378409779837
610,20.624128643292643,19.28424418133075,19.454983102583036,25.227205022747967,24.19926105392621,21.24568985711588,23.049361445770373,17.09515674278756,23.29581965136199,25.64366726035037
611,20.65028119684988,19.317678877335457,19.48350563014654,25.262726778291192,24.233445141474387,21.271555090608086,23.084215056480154,17.123760959943457,23.331286334052617,25.682886087909296
612,20.676400658076616,19.351106254490908,19.51204455724826,25.298249252892866,24.26763089134588,21.297451996808533,23.119095142136132,17.152333587409586,23.366779353482706,25.72209076368221
613,20.70249015275852,19.38448469670918,19.540605142744756,25.33377267244729,24.301817517610935,21.323290062879504,23.153991459100247,17.1809605516784,23.402309384300835,25.7612340249928
614,20.728578652219383,19.417841780776158,19.569180595232925,25.369295118448346,24.3360056323078,21.34909419550826,23.188935886848064,17.209602709616743,23.437866928681277,25.80036609294514
615,20.754674037893455,19.451143710591865,19.597704950491753,25.404821016408416,24.370193923425585,21.37492296562954,23.22390153708176,17.238307555287445,23.473436319938557,25.83949577468559
616,20.780775542713982,19.484413902481123,19.62620307711574,25.440348159631334,24.404376078318254,21.400763128345584,23.25886906108841,17.267060202220687,23.509043268506087,25.878606372689973
617,20.80688673661278,19.517683452777465,19.65471714084147,25.475874800346478,24.438555838578633,21.426576776800836,23.293827638141593,17.295788730035593,23.544658684025954,25.91770941320578
618,20.832997078239224,19.550963295732146,19.68324105901691,25.511402863932187,24.472724851803598,21.452392876469766,23.3287589268835,17.32448632810303,23.58027017151004,25.956764265532694
619,20.859086382724797,19.58432148460328,19.71173246494891,25.546931546281538,24.506893417296858,21.47820397887108,23.363690917558703,17.353201634547382,23.615895552996506,25.995816517578277
620,20.88517035308359,19.617689084249054,19.74020461693814,25.582460750763747,24.541063750120248,21.504027741479455,23.39863232405133,17.381906906715333,23.651522025902715,26.034890097910377
621,20.911237481081226,19.65075343512503,19.76869337329315,25.617989820328035,24.575234169140046,21.52980965541323,23.433578694872146,17.4106361041907,23.687142024843425,26.073971539846877
622,20.93725159405903,19.683737473893373,19.797212778139922,25.653514980080246,24.609402988104875,21.555493731801086,23.468523423339732,17.43924508496338,23.722736735686812,26.113052229508572
623,20.96323537001529,19.71679708245467,19.8257098753226,25.689038128527137,24.6435727200498,21.58105465989957,23.503420955965275,17.467774859657506,23.758293545903,26.152171841155823
624,20.98921044384082,19.74987618380964,19.854201929316698,25.72456112573687,24.677736453023687,21.606626661941522,23.53837072832081,17.49622794444689,23.793859835247595,26.19129832516261
625,21.01516768930876,19.782917260055285,19.88262189990925,25.760084705633133,24.711893738043827,21.63214412077963,23.57336315094197,17.52470877402485,23.829423544298837,26.23038354221332
626,21.04113056386038,19.8159963780516,19.910989078956646,25.795609822727627,24.746051973239425,21.657665018639978,23.608393188491622,17.553203086054534,23.86497807064973,26.26946593315042
627,21.067111099577286,19.849070264852333,19.939355810148623,25.831136026308982,24.780203920494316,21.683175059528654,23.643434223290075,17.581648350052298,23.900520052813075,26.308554449517253
628,21.099441627795088,19.88378250669426,19.97252600847443,25.86668247671338,24.81531525541069,21.715314308307637,23.678828579316985,17.61484515206812,23.93606695556377,26.347321559021314
629,21.21697600520212,20.002317203823424,20.090413047326823,25.98556754143878,24.934017571631124,21.832768348350363,23.797649764403843,17.732743364470323,24.054952210274617,26.466660065462992
630,21.21980544216619,20.009302230250764,20.095963772631425,25.99659180899861,24.94382174163439,21.835121536867536,23.80704641233048,17.73797848353827,24.066705804035635,26.479889258480785
631,21.243075531332593,20.03781415869699,20.12282484808912,26.03020398539121,24.97595662129309,21.85771309750422,23.83866284393423,17.764515110389894,24.101214760675187,26.516218063737977
632,21.26839342478287,20.068395310532498,20.15187803645369,26.06607117723772,25.010320247402106,21.882311209544685,23.8725066195726,17.793232614730524,24.13796495305305,26.55481317532082
633,21.293902658460723,20.099182049548816,20.1812315527428,26.102160783695222,25.04490411722654,21.90711943728518,23.906592028446198,17.822261653614923,24.1749346087204,26.593643360111276
634,21.319450957445525,20.130028656337338,20.21066276786288,26.138284658720153,25.079502197326438,21.931956577469215,23.94071916234274,17.851363993353246,24.21191450495687,26.632497263845345
635,21.345013528382673,20.160893640851416,20.24011137466218,26.174422099425943,25.114057686242152,21.956765489587596,23.974876148196188,17.880223061827646,24.248822993476267,26.67134853642105
636,21.370570614326038,20.19169399339532,20.26963705241128,26.210560865028782,25.148604458929317,21.98151303357663,24.009068600812988,17.909009791874237,24.28569483988977,26.71017866589843
637,21.396146108590944,20.222518401291474,20.29922684074029,26.24668630991103,25.183161615057575,22.006194848151534,24.0432698910655,17.937818502169993,24.322570116715646,26.74901035813633
638,21.421731399561203,20.253244404150692,20.328830207400145,26.282807020891596,25.217739657439605,22.03082291410836,24.077484972547204,17.96663082185387,24.359461627900966,26.787834514964032
639,21.44735232127594,20.283892636308742,20.35843381327527,26.3189288051125,25.252322746771288,22.05546557433383,24.111747971998806,17.99530386104025,24.396366924817887,26.826604399706195
640,21.473030742856587,20.314537069182798,20.388011622851547,26.35504933952594,25.286891744787518,22.07990459198787,24.146021104235427,18.023883393201864,24.433275179507003,26.865373815040428
641,21.49875229730197,20.345220695268402,20.417573554743228,26.391154602167244,25.321443566275683,22.10429454113162,24.180214696979988,18.052386830441062,24.470174839464327,26.90414847319157
642,21.52450359391387,20.375914206592313,20.447120572119996,26.427249967884453,25.3559800843016,22.128651960941763,24.21438596358977,18.080740233199375,24.50710600255957,26.94293028365668
643,21.55028442938292,20.40664471476404,20.476619530483905,26.463342630182158,25.390520389274226,22.1530003567368,24.248563006792377,18.109056673515127,24.54404505035526,26.98171111991244
644,21.576104870818018,20.437391002713035,20.50613154266912,26.49944128942658,25.425068581366066,22.177351267940026,24.28272964006114,18.13735406400703,24.58101014783825,27.02048115629037
645,21.601939726441856,20.468168616047308,20.53565208006137,26.53555480348057,25.45962285530738,22.201674443755792,24.31687347295695,18.16566428729948,24.618007025900134,27.05926998238876
646,21.627795175033885,20.49897952351776,20.565172149285782,26.571684101642056,25.494179810730593,22.226099021249233,24.351023937683255,18.1939551290712,24.655005741805137,27.098062813470534
647,21.653662057615993,20.52979767562485,20.594634451962918,26.607816127232677,25.528737946244707,22.2505671362817,24.385223739950003,18.22221198867009,24.69196510960441,27.136849188005478
648,21.67953206820973,20.560481897236063,20.62407052747771,26.64394822667843,25.56329588848115,22.27502108376974,24.419438828951577,18.250416125705172,24.728978503512703,27.17566956939209
649,21.705379979306823,20.59108675836552,20.653541332971194,26.680082856104345,25.59784798485589,22.299483627959855,24.45365853527047,18.278640521719073,24.766045012352798,27.21449642686869
650,21.73122494542445,20.62161385329567,20.683053900898223,26.71621681939086,25.632400269824423,22.323933910269375,24.48787962843454,18.306918975952794,24.8031192874934,27.253296564993548
651,21.7570706560492,20.652071973620153,20.712580973438772,26.752349557064907,25.66694668281855,22.348402652450822,24.522055737248536,18.33522115037815,24.84022539062402,27.29210226524492
652,21.782941931770562,20.682541160074585,20.742067591420387,26.78847152757591,25.701494956798225,22.37282399972735,24.5562081065975,18.3635415218706,24.877344691378287,27.330915599265595
653,21.80882610572418,20.712928408563904,20.77152577250305,26.824605207612084,25.73603257161106,22.397257958288076,24.59035584818941,18.39190966024217,24.91446615383109,27.369700283789424
654,21.834715072401504,20.743303040215732,20.800912310196313,26.86074140776756,25.770555425283856,22.421686271852796,24.62451645821369,18.42029716635636,24.9516544261876,27.40841525265226
655,21.860584975193465,20.773665999786353,20.830273312410352,26.896867989084594,25.805062288381457,22.446130394618542,24.65867810812514,18.448719001339764,24.988858299161173,27.44712378989763
656,21.886407520077768,20.80397284922696,20.859579336728387,26.932985032850063,25.839556357006646,22.47058729572483,24.69282647667653,18.47719130719162,25.026053760876362,27.48582317618182
657,21.912257107371325,20.834278545905452,20.88883724917136,26.969104719412577,25.874044093631234,22.49501723902151,24.726958534751198,18.505754480779558,25.063256919669946,27.524516718129238
658,21.938118671311198,20.864608588202316,20.918109985575974,27.005232220964388,25.90852820365611,22.51951436544802,24.761092456521084,18.53449680105832,25.100507811930836,27.563172474006066
659,21.963980475798277,20.89497052792589,20.947283206432495,27.041368812529612,25.943002416619272,22.544072234098927,24.795200629695273,18.563299260522836,25.137768938208662,27.601792175638952
660,21.989832875960385,20.925243124203448,20.976451116509256,27.07750810753403,25.977457963171975,22.568654993832507,24.82932147125393,18.592089409024823,25.17500472671361,27.64042405097713
661,22.015703620193175,20.955518082349798,21.005627805482586,27.113647404969754,26.01189950409237,22.593210514618285,24.86344446437281,18.620774598725394,25.212231054994195,27.679059618684825
662,22.04158974475697,20.985758361767214,21.0348121818116,27.149792405418697,26.04633177925006,22.617794890728174,24.897565505722493,18.649452667332312,25.249469554744525,27.71768270830306
663,22.06745808761446,21.0159829558995,21.06401104517573,27.185938918579655,26.080765324920097,22.642396419026085,24.93164970441571,18.67811932607788,25.28677911275248,27.75632515155245
664,22.099751821237522,21.0497663449554,21.097483984459977,27.22203759396589,26.11596465831029,22.674191955352228,24.966720958406015,18.711407835894004,25.323976881044853,27.79471997333243
665,22.217270744914764,21.167910923914437,21.215498174514916,27.341002519631076,26.234703933889726,22.791501636164764,25.0854064406375,18.82934456557233,25.443095679716897,27.91400635949274
666,22.220903027295908,21.1734085258753,21.22071172122883,27.352321021395266,26.244533833129903,22.7927498185429,25.094663169821967,18.833720168013443,25.45461636330223,27.925504930319722
667,22.24522068063294,21.200169302600585,21.247057534735315,27.386336157208472,26.27671176768636,22.813840606625845,25.12612915344514,18.859031344769182,25.488760928579744,27.95970727603582
668,22.271603253709188,21.229040573611606,21.275534792614977,27.422629224338323,26.311122726437787,22.836931572545403,25.159818700391632,18.886472640098187,25.525142437737117,27.996192850209436
669,22.29819663270401,21.258073765101752,21.30425689928894,27.4591634550103,26.345753532270358,22.860311624034722,25.1937321089961,18.91417486697495,25.561749611219742,28.032904753456627
670,22.324809434408436,21.28710930614792,21.333039650543704,27.495725277160286,26.38041831009877,22.883781125235526,25.227662624319304,18.942009500874313,25.598372604337065,28.069632309946517
671,22.351420196217372,21.31613191518121,21.361837273828232,27.53229849230722,26.415088373330345,22.907289342039267,25.261584484304343,18.96991953540029,25.634975401291328,28.106362417318167
672,22.378023484717165,21.345163046753623,21.390623505347573,27.5688738933355,26.449762358067503,22.93070475468589,25.29550189591816,18.997855615602507,25.671540280083956,28.14309309319624
673,22.40461950572434,21.37414532743484,21.419412707854292,27.605449232333722,26.48445335486579,22.954052217565803,25.32942752452007,19.025685909733326,25.708037691186302,28.17981855953008
674,22.431218285591143,21.403117078438836,21.448227778913747,27.642034366932734,26.519147941396863,22.97742184850491,25.363357354880137,19.053382190415633,25.744491196284066,28.21654097422391
675,22.457804930350807,21.43199283675492,21.47709560410476,27.6786364958729,26.553846131777043,23.000868976442973,25.397276327176602,19.080986408016127,25.78087267438061,28.253257634566925
676,22.484385542784143,21.460823215441664,21.506010771488796,27.715242575112985,26.58856394750957,23.02435351335241,25.43116685452822,19.10857780754445,25.817256728562715,28.28997666178621
677,22.510934356872013,21.48967919803502,21.535018924184413,27.751857029984457,26.623296162401083,23.047845442870894,25.46502460953388,19.136240868663677,25.853574271756838,28.326695466301054
678,22.53746725884248,21.518583996117304,21.56411322924957,27.788471953688035,26.658031486963875,23.071373471844055,25.498863975887613,19.163974700380898,25.88988463079735,28.363409049036356
679,22.563982410087323,21.547519419304994,21.59323294158988,27.82506923079682,26.692766022232874,23.094946917282883,25.532707830824503,19.191737281679956,25.926196790698594,28.400124607399565
680,22.59050481475972,21.576471162309932,21.622300471836148,27.861670049789357,26.727506047678094,23.118448987372133,25.56653796132518,19.21953662242637,25.962479790708233,28.436851950827457
681,22.617035580128018,21.605430267012423,21.651293183416946,27.898256503807882,26.762253911059517,23.14189027887265,25.600356378231172,19.24736384929408,25.998798144383176,28.473582535000588
682,22.643574268000577,21.634353288996405,21.68025985506456,27.9348268275995,26.797029361836557,23.165181007534752,25.63415887540305,19.275055729272946,26.035135061837085,28.51031050424754
683,22.67012058992651,21.663205406663064,21.70916564069431,27.97140179647052,26.831812630487143,23.188431784529165,25.667948793472497,19.302746347202888,26.071473829302434,28.547022714739683
684,22.696669977738654,21.692081210662312,21.738083500322517,28.007978203728275,26.866589761008058,23.211726847813356,25.701735154056227,19.33028940027425,26.10780025166002,28.583735019794418
685,22.72321604255938,21.72097602444938,21.767052954396583,28.044553538002535,26.90137193995431,23.235043763423054,25.735526052053963,19.357675338490772,26.144103558179047,28.620447750983082
686,22.749770959644188,21.749894225544818,21.79603979206605,28.081114175131038,26.936164056953263,23.258390948458338,25.769324871774263,19.385025748369216,26.180404767946385,28.657147460349158
687,22.776332690470984,21.778821078286633,21.825038807397398,28.11765800958348,26.970957762936838,23.281606658844037,25.803128282523545,19.412359925562143,26.216741136523286,28.69384139642695
688,22.802897324580947,21.807758938481467,21.854073619432143,28.15418829846168,27.005738817914825,23.304781740949174,25.83692282653889,19.43967571142823,26.253096910138733,28.73052964930511
689,22.829463248442796,21.83673708217266,21.883117066887735,28.19071580080991,27.04051302662157,23.32784457209262,25.870722137464018,19.467010041979815,26.28945349280193,28.767209233694448
690,22.856030374603932,21.86572745305841,21.912179724501488,28.227252391393975,27.075300891707073,23.350848241745002,25.904553902012633,19.494295124185204,26.325807934026514,28.80390039398181
691,22.882600962887373,21.8947097080178,21.9412957221326,28.26380767974694,27.110097364522264,23.37377282928451,25.9384150245345,19.521524606393918,26.362232679548516,28.840602967524596
692,22.909168336349868,21.923662852909523,21.970429840246503,28.300369661671372,27.14492025351966,23.39671531174384,25.972308913351927,19.548702648457883,26.398711099039513,28.877314850168258
693,22.93573609553164,21.952625828137073,21.999554525571455,28.336947252046976,27.17975107502382,23.419677093650783,26.006212951591102,19.575760740554887,26.435195038784798,28.914030763132626
694,22.962286490802992,21.98162845422036,22.028679994616358,28.373542637060034,27.214583761562913,23.442671574651033,26.040116936383782,19.602880379884642,26.471659603737137,28.950749878780424
695,22.98883779434406,22.010674467174194,22.057808410707274,28.410140456795492,27.2494168478129,23.465543952375253,26.074009710158116,19.630027724018714,26.508111620592597,28.987468421181248
696,23.015398367845922,22.0397383776975,22.08693165069972,28.446721790686965,27.284245574706922,23.488428915114145,26.107902778782535,19.65719721971378,26.544557724510387,29.02418388335861
697,23.04197412766038,22.068722998641444,22.11607571594306,28.4832932236685,27.319076654796593,23.51134646970742,26.14178649757153,19.684465781718785,26.580964481646312,29.060901887820087
698,23.068555199453936,22.097718167683727,22.14526640197566,28.51984942771853,27.35391263494038,23.534283615529226,26.17567407029498,19.71178713538182,26.617394363975286,29.097614145268953
699,23.095135137045578,22.126586404497562,22.174478853819828,28.55640266021062,27.38874855183201,23.5572337357396,26.209537371196653,19.738968743089533,26.653840411552544,29.13432057541048
700,23.121716536159283,22.155377740967353,22.20369612403308,28.592946792114173,27.42358081334918,23.58019203873829,26.243401718720886,19.76619524805798,26.69021347666784,29.171024218051723
701,23.15426171427046,22.18869304654061,22.23716101088913,28.629425414466272,27.458910153731452,23.611373007297356,26.278421355117587,19.798980557090363,26.726453577150902,29.207647925032102
702,23.27188624463271,22.306641030436936,22.35517181892423,28.748443532706677,27.57770403224756,23.728424569647718,26.397085157959758,19.91670594243952,26.845438302329644,29.326686355120465
703,23.275691043750783,22.31208894041468,22.36121021943723,28.76105659146539,27.586968218563502,23.730628689065632,26.405817068452354,19.920004931532613,26.85550809202495,29.338027567424774
704,23.30023173679929,22.338801893195647,22.38875080631079,28.796590470539247,27.618432248499282,23.753091929652932,26.436632242430775,19.94392274333049,26.887991104204662,29.37204226969369
705,23.326844279415198,22.367658034332333,22.41846605760944,28.834448586478562,27.65211177426181,23.777587113913537,26.469670671670194,19.96994332794227,26.922683928236612,29.408332035846826
706,23.35366487243532,22.396753998543794,22.448393932613218,28.872549924039017,27.686011745761185,23.80229908360666,26.5029395416923,19.996146339693496,26.95757508529082,29.44484932181702
707,23.38050331897653,22.42588005987942,22.47834059371246,28.910674660123213,27.719931985233504,23.827047611336653,26.536235811527344,20.022355651241472,26.992478266935564,29.481383118068635
708,23.407342584604613,22.45501031717097,22.508254461787807,28.948799075569006,27.753855561785905,23.85181054091298,26.569542419424096,20.048607213494023,27.027369976122372,29.517915506561845
709,23.434182270085646,22.484103068717424,22.538163355486002,28.98690790888084,27.787779519967373,23.876578529029995,26.60285136856928,20.074915844847975,27.06225127240104,29.554443058720775
710,23.461031007725968,22.51316727412103,22.568048552275577,29.025032721891712,27.821694278145355,23.901360000473158,26.636155781556702,20.10125164061119,27.097136806233692,29.590968582857272
711,23.487888085705215,22.542244022509106,22.597941272911925,29.063202253313825,27.85560890657926,23.92615998293056,26.669460422429204,20.12753385300932,27.13197994216612,29.62749047360883
712,23.514753802556005,22.571316862912795,22.627838040188436,29.101398796771672,27.889528332099598,23.950918166893167,26.70275230680534,20.153763967534566,27.166827678906703,29.664009876491622
713,23.541622517205404,22.600394302639952,22.657725436388116,29.13963328306461,27.92345325208099,23.975684439811136,26.736011164550636,20.179977910627066,27.20167243580848,29.700534076547132
714,23.568492878494443,22.629473076251266,22.687717048407322,29.177927366948232,27.957379073945216,24.00049126283813,26.769253664522395,20.20608580302023,27.236519977213213,29.73706491706001
715,23.59536541505498,22.658537733471515,22.717803049079546,29.216261214047904,27.991302226608063,24.025328886743605,26.802494388407542,20.232211990134434,27.271359865492645,29.773597077415307
716,23.622244135324536,22.687609013038582,22.747945333104248,29.25459765383908,28.025223837999196,24.05018624289794,26.835738366489952,20.258342330179325,27.306195862271917,29.810132917257825
717,23.649125819303123,22.716666230410517,22.778103429304974,29.292897767220346,28.059150360852914,24.075051462087586,26.868989711883188,20.284460901771766,27.341005623698464,29.846670752942288
718,23.67600346947122,22.745769274054865,22.80823040413286,29.331190740143825,28.09307860652486,24.09991747582827,26.902255956461808,20.31057677166202,27.375773894657662,29.883208873418784
719,23.702877498061586,22.774941645356282,22.838410916503996,29.36948732352414,28.127007636244397,24.124782185286634,26.93552575142203,20.33672835013274,27.410478860308835,29.919755105539043
720,23.72975233167375,22.804159571364277,22.86861481042161,29.40778148118552,28.160937950605717,24.149655726182175,26.968789618979493,20.362905754009276,27.445182859631934,29.956303237297078
721,23.756623111956888,22.83341560164199,22.89868834957,29.44605874654653,28.194869126565013,24.174492759744798,27.002038730358205,20.38901237942223,27.47988072986869,29.992850072965055
722,23.783495510824018,22.862707905329824,22.928862554715895,29.484329411667172,28.2288003988117,24.199283740597345,27.035280123304176,20.41513219778193,27.514625386966337,30.029401611606566
723,23.810365719631672,22.89201298033868,22.959077325869778,29.522545605427467,28.262728464320695,24.224094042042353,27.068515518916012,20.441240566745694,27.549399614704907,30.065954276508407
724,23.837233430719568,22.921274579987333,22.989249715744588,29.560761030274495,28.29665684452135,24.248906091763686,27.101762578145664,20.467298388749093,27.584178639574283,30.102511790315166
725,23.86410090366254,22.950534449983262,23.01939672589338,29.598981812525416,28.33058824339519,24.273724814085195,27.135012656594096,20.493340106345407,27.618952774935085,30.139069740787534
726,23.890969783603698,22.979801783803946,23.049565239610597,29.637200226353265,28.364525887661646,24.298594854292627,27.168286705860563,20.519348772098393,27.653716471956177,30.175617965715976
727,23.917838466526327,23.00901863942834,23.079650097602947,29.67539239606539,28.398470102423623,24.323479939228882,27.201574195934374,20.545301545727444,27.68849739215529,30.212173141201138
728,23.944711582684267,23.03822290412212,23.10970677517184,29.713606959146805,28.432418020253483,24.34837138571314,27.234877883876223,20.571270798684036,27.72329734251926,30.248731569690097
729,23.971591288439743,23.06736309862497,23.13976804088727,29.75186521437853,28.466368760397113,24.373222123231642,27.2681862514379,20.597261148809444,27.758105895771173,30.285296079785784
730,23.998473920091243,23.096487459698974,23.169809173027307,29.790156802283015,28.50032018667584,24.398096115907872,27.301488518226282,20.623121821851957,27.792913910106268,30.32186205357148
731,24.02535326449037,23.12562192237642,23.199840860392737,29.828460187012162,28.534271308873798,24.422983726614987,27.334783524778004,20.649002435475687,27.827707152278652,30.358428861307456
732,24.05223463457339,23.1547786686,23.229874525301902,29.86676737213825,28.56822221005011,24.447849488327318,27.368067174384123,20.674954333322198,27.8625048629979,30.395001106320205
733,24.079120981550457,23.183971395850964,23.259877742689838,29.9050745675225,28.602173135081745,24.472731250181802,27.40132407250508,20.70095494651299,27.897285764963314,30.43157574502626
734,24.106010789090238,23.213175888831277,23.289877611243227,29.943385455310313,28.63612521766822,24.49763107435163,27.43457002665533,20.726816454917735,27.93206349094957,30.468150497855053
735,24.132913534664784,23.2423989461281,23.319819597871053,29.981711689859445,28.670080495804733,24.522507841369933,27.467804242294893,20.75275027241192,27.966843107340093,30.504722331122135
736,24.15982667845964,23.271663363328532,23.34967018037238,30.020034952034276,28.704038832010713,24.547403545354353,27.501034392344156,20.77872822548672,28.0015917494094,30.541285382414376
737,24.18674743508429,23.30094039008821,23.37953749601515,30.05833054707414,28.738002269672858,24.572315294453276,27.534271662955412,20.804654240041693,28.036334299247134,30.577850530998408
738,24.21367447508986,23.330214311845562,23.409305238932845,30.09662935188311,28.771969292017573,24.597171800951966,27.56751337784207,20.830608657967478,28.07106816066238,30.614426098197494
739,24.246347157824356,23.36371172329722,23.442958345219534,30.134691042029587,28.807022983477264,24.629066263723633,27.602331322308363,20.862932442306366,28.10636561140905,30.650933633524797
740,24.3640252401284,23.481736191662474,23.5610482054155,30.253930789761206,28.92570108944589,24.74641749364329,27.720910414539762,20.980463987284256,28.225146096278205,30.76995579958173
741,24.36653475839842,23.48809493168507,23.566835228269806,30.267180208461156,28.935269065017906,24.749797244728338,27.729876640853984,20.98508141702419,28.233341916076867,30.78191080627572
742,24.38936246471574,23.51592445150845,23.593983296221882,30.303479219355005,28.96712652840573,24.773774061077827,27.760987057683742,21.010683973069664,28.263480791182413,30.816682355172798
743,24.414227028582022,23.545871093580963,23.62333998986547,30.342132059057654,29.00122309910299,24.799786373047084,27.794335030579727,21.038416041052827,28.29581428574732,30.853719399462257
744,24.43932521081457,23.57597770374881,23.65293619271741,30.381065617992736,29.035533679593563,24.825974517574803,27.827909806081745,21.06633323752106,28.328367061200623,30.890969618937714
745,24.464467884599706,23.606126108526674,23.682550697582904,30.420061515038977,29.069857514143788,24.85217158406105,27.861528450571026,21.09431454204872,28.36094112040898,30.928232242319265
746,24.48964201131592,23.636296222354588,23.712164466694922,30.459088263245444,29.10417868446174,24.87835634257774,27.895156391223473,21.122349980933663,28.393516967663338,30.965477813884835
747,24.514828489875775,23.66635675800319,23.74167717913665,30.498133479444558,29.138491662641766,24.904529533316243,27.928797135051916,21.1503986192889,28.426093215288123,31.00271435864356
748,24.54001994251886,23.696399549517313,23.771192493729547,30.537228074226448,29.172807000194997,24.930725518215603,27.962441300505798,21.17840557996717,28.45867034012568,31.03993713105901
749,24.56518477648556,23.72644832971258,23.800671256018596,30.57632731391779,29.207128804532285,24.956944649926303,27.996059957954827,21.206350464497934,28.491248493968392,31.07715383910965
750,24.590341695560976,23.756499867088298,23.830115279339637,30.615384894694735,29.241461621616907,24.98317037439563,28.02968761175737,21.23426121664158,28.52382742198695,31.114362751832108
751,24.61553318156452,23.786542179916673,23.859562270513976,30.65443726546618,29.27579945587844,25.009396657429587,28.06331874931223,21.262156359137496,28.556406734644753,31.151548150063373
752,24.64074556998238,23.81650222141423,23.889003329971633,30.693448365414636,29.310140923168017,25.035621533779153,28.09693803682341,21.290074103438204,28.588986118094816,31.188712440126412
753,24.665926557605534,23.846426260832285,23.91841794756844,30.73249050486911,29.344482743087813,25.06183995073121,28.130536173766167,21.317903828799214,28.62156588783973,31.22587872272664
754,24.691037278697948,23.876309253341592,23.947772569150686,30.771540186481978,29.378811517646685,25.088059624990407,28.16413698738323,21.345777274072173,28.654145836207192,31.2630457708919
755,24.71615084586999,23.906200084262363,23.977127113524485,30.810640990997502,29.413134954225054,25.11427641851313,28.197737712264203,21.373750119548568,28.686725700026138,31.300197796536747
756,24.74127849364285,23.9360842664557,24.006443717350614,30.849785851536016,29.447462581522867,25.14049097925399,28.23130915130806,21.40179148984832,28.71930589690152,31.33735299016607
757,24.766375168497085,23.965973694783887,24.035728536642317,30.888936533260463,29.481797830734568,25.166672849827552,28.264866738874193,21.429849338793016,28.75188711101904,31.374520381628592
758,24.791483649374165,23.99586090764776,24.065054076329226,30.92807111856085,29.516134834908634,25.192887851860426,28.29843841546604,21.457886532744574,28.784468724272703,31.411694925534192
759,24.816600853387307,24.0257194980167,24.09439518493772,30.967192522011008,29.55046758555657,25.219131633035573,28.332015508400218,21.485912381970415,28.817050372262674,31.44886972554327
760,24.84171110464605,24.055540205405894,24.123727646926078,31.00626197735912,29.58478519644198,25.245384658606202,28.365600463851074,21.51393333025926,28.849631228396525,31.48604018563668
761,24.866869285784688,24.085289143742955,24.153062770620444,31.045280443314322,29.619098766175274,25.271624893693,28.399199419730596,21.541931725590523,28.8822115692098,31.523210881899395
762,24.8920465241416,24.114992136234566,24.18237631590833,31.084296807490766,29.65341149132373,25.29784078107835,28.43280934515404,21.56989641456483,28.914791370486313,31.560370151633954
763,24.917217209385388,24.14465990695516,24.211690043545765,31.123322732480798,29.68772212746046,25.324061062285526,28.466439312846774,21.59787297480456,28.947371540340743,31.597507624347568
764,24.942373064724165,24.17432795111598,24.240961977864995,31.16237747652938,29.722033654731224,25.35026901151675,28.50008400775725,21.625872709279825,28.979951964013825,31.6346464243087
765,24.967524953169946,24.204007331721492,24.27019129249448,31.201429559364797,29.756343545620616,25.376461833542944,28.53373046998725,21.65390688914178,29.01253200739341,31.671780772012962
766,24.99266422731786,24.233716064599143,24.29943596035167,31.240452855910853,29.790650794638164,25.402646613780284,28.56733933450358,21.68193974840344,29.045111210946814,31.708901166974353
767,25.017770655647542,24.26343787238459,24.328697222701066,31.279476605399108,29.824959280801572,25.428836302802825,28.600945177428905,21.7099497343298,29.077688987112737,31.74601922615904
768,25.042846351044663,24.293192471602193,24.35793167586668,31.318455572977452,29.859282126203095,25.455022335774142,28.634553194139375,21.737964380228654,29.110265280768203,31.783136141252534
769,25.06792995875073,24.32295967926423,24.38717974842795,31.357466394497692,29.89362339211423,25.48120349333864,28.66815064492149,21.765980073737726,29.14284161454261,31.820266284484166
770,25.09298765914608,24.352721529824507,24.416445152093726,31.39648184449555,29.927968712260412,25.50737824504289,28.701745436517214,21.794012166570656,29.175418351201294,31.8574128553454
771,25.118042043116485,24.38249035261106,24.445684545830847,31.435469127262383,29.962313975292965,25.53351994972288,28.735359788524075,21.82203641361208,29.207995243242372,31.894573870879942
772,25.14312179152695,24.41227960782422,24.47493142489726,31.474446351625346,29.996663571007016,25.55964950562021,28.76897844863933,21.850085442019772,29.240572607410122,31.93174571885497
773,25.168215085160316,24.44207730318854,24.50414510512461,31.513410843897052,30.03101364306496,25.585776528882903,28.802589220143307,21.878100697732282,29.27315024756883,31.968935453537167
774,25.19329300647439,24.47187784456933,24.533357043534522,31.55232893762466,30.065355525535235,25.611882720921653,28.836203513406364,21.906130381144035,29.305727367481055,32.00612961142312
775,25.218373405195873,24.50165576928851,24.562588926287795,31.591235061102093,30.09969777027139,25.638015664158004,28.869837382317037,21.93419246848257,29.33830411738733,32.04332081033205
776,25.24346378540694,24.531424361893617,24.59182830198464,31.630121881872995,30.13403990873644,25.664165900135323,28.9034751078325,21.962270928516833,29.370881446985432,32.080502785675726
777,25.268588716781426,24.56114888611491,24.621063794987933,31.66901031346425,30.168381983188468,25.69031878754424,28.937110146741627,21.990307989680293,29.403459804854055,32.11768585938227
778,25.30060746572209,24.594795366941888,24.65453764018724,31.707605274523473,30.20355404442799,25.722709409152817,28.972049622791655,22.023365478644042,29.438064742795472,32.154744867613346
779,25.418010895832726,24.712882444444773,24.772552210726506,31.826919680182872,30.322281865704145,25.840269025783975,29.09067975828822,22.14120517956437,29.55655437228642,32.2738442398768
780,25.419833810736957,24.719457720071222,24.77679546802657,31.840097634093727,30.332065283622313,25.8441465538501,29.10012872807497,22.14667944899915,29.563583079571604,32.28582784074206
781,25.441708040716723,24.747564706184473,24.80191186093363,31.87632352161547,30.36417499103112,25.86879318630279,29.13183950501542,22.173440354617266,29.592257694911304,32.3206222302863
782,25.465543195103763,24.77782974539704,24.829129443060356,31.91481285628217,30.39852741078407,25.89551431153445,29.165792806157878,22.202269185384086,29.623108265585564,32.35767595389401
783,25.489576850544857,24.80831700024698,24.856553555480914,31.95349650255639,30.43311100297853,25.9224471601806,29.19993087897779,22.231363213283466,29.654178845818407,32.394970159753626
784,25.513661418684134,24.838825995708703,24.88399755545834,31.99218968743916,30.46771529747518,25.94940964873312,29.23408195145044,22.26057370609172,29.685266326776752,32.432299302096354
785,25.53779276749847,24.869338437153022,24.911456276360298,32.03087893432742,30.502348015380623,25.976376845997073,29.268240394740072,22.289919903659424,29.716345695632327,32.46963383016541
786,25.56194460551437,24.89985636534556,24.938922213699072,32.06960906667867,30.537016101453613,26.003342770356355,29.3023998766341,22.319309095203412,29.747426305189435,32.506967911342
787,25.586100821476585,24.930297289299496,24.96638966842991,32.10834776981688,30.57170388579766,26.030308664926157,29.336586073631995,22.348749511152818,29.778503754493588,32.5442919021827
788,25.610130366183235,24.960778095145525,24.993853298799454,32.14707299243167,30.606396152000876,26.057276689009473,29.37079600768855,22.37823881666527,29.809588673078135,32.58160423564767
789,25.63412245779137,24.991269249032513,25.02131242512453,32.185843995921786,30.641087399700886,26.08424581907242,29.40504259122048,22.407747373202337,29.840651757266347,32.618922886567475
790,25.65813027715538,25.021739663872946,25.048782125307792,32.22467127595518,30.67576978705592,26.111215663986016,29.439336985610886,22.4371947257709,29.871711701585525,32.65624203197743
791,25.682121922276323,25.052171101065152,25.076261701444587,32.263517056901684,30.71045836603289,26.13818233958484,29.473647340047513,22.46667610073105,29.902783034186985,32.693566222653025
792,25.706164422784553,25.08256257381174,25.103762827051057,32.30239232142795,30.745151063460035,26.165147221214255,29.50795745932238,22.496041417978624,29.93385736080326,32.730898311820965
793,25.730231745431013,25.11285856596793,25.131271636633883,32.34132526610922,30.77984418513695,26.19212247355821,29.542252515408073,22.52534875683569,29.964927348201588,32.76824685399683
794,25.754284522781457,25.143168684545024,25.15878187996894,32.380349791922406,30.814530823463745,26.219101351752705,29.576556945116042,22.55470561028978,29.995999727867154,32.80559909406889
795,25.778348511208023,25.173497081964495,25.18627849778979,32.41939349422957,30.849227107155485,26.24607985387487,29.61086340347197,22.584101114338893,30.027069028948084,32.84294372952622
796,25.802410161674587,25.203751157175162,25.21377531992644,32.458434481308785,30.883926714189666,26.27305946122324,29.645208622594303,22.613550043707573,30.0581446558747,32.88027892067616
797,25.82640502549325,25.233906000977573,25.241246077015198,32.4974762652902,30.918635032515045,26.300039336630068,29.67958203113553,22.643070649030623,30.089221481663014,32.917613934342754
798,25.850379093645845,25.264050790922482,25.26869857802146,32.5365160458763,30.95334579194624,26.327019794876513,29.713959960655185,22.672628726388346,30.12029461022953,32.954954582714045
799,25.874338693657204,25.294125865515017,25.296151525280678,32.5755504220821,30.988053100504477,26.354003369020404,29.74836437056436,22.70195035965341,30.151369675514694,32.99229320375209
800,25.898322997812638,25.324179777485863,25.323618159956226,32.6145138282441,31.022761168868684,26.380992446110845,29.782792467880313,22.73128648974358,30.182455518333857,33.029608059493974
801,25.92229945789039,25.35420300236937,25.351101263852485,32.653401933813335,31.057487903877327,26.407983064470173,29.817228887753377,22.760539084080396,30.213549062959636,33.06691670750694
802,25.946172325658118,25.384231171104233,25.378590954568324,32.69226286076373,31.092226750626097,26.43496599140998,29.85166628126788,22.78980305202245,30.244653753400783,33.10422046926272
803,25.970040561093928,25.414239381570507,25.406086390490994,32.73108597952983,31.126977643206153,26.461945698666074,29.886106115942898,22.819070201564,30.275762665827866,33.14151992171267
804,25.993935156762287,25.444260798229536,25.43358745272105,32.769876457256224,31.16174728357567,26.4889125752205,29.92054696076007,22.848450665812635,30.30685374252597,33.17880597808234
805,26.017845324191306,25.474300443973245,25.461093040568628,32.80866861333147,31.196521060221183,26.515873535534393,29.95492186876308,22.87789859211322,30.337943483256552,33.21608285757271
806,26.04176544136142,25.504361272250424,25.488599926478955,32.84746149289119,31.231290939623545,26.542840380872548,29.989292626861424,22.907430080916622,30.369047144677637,33.25335263109168
807,26.065669980828943,25.53442890845084,25.516108116730358,32.886265619264876,31.266069711247138,26.569809068576575,30.02366506634836,22.93701279642878,30.40015586170502,33.29061584076895
808,26.089553207663172,25.56448887571618,25.54360817159872,32.92509475848934,31.300858862644546,26.59677844120173,30.058022620759537,22.96667263920176,30.431237849081715,33.327882728571254
809,26.113415921663012,25.594426358428564,25.571114264447168,32.96392214779475,31.335650370634376,26.62375083729913,30.092351910686798,22.99635936671002,30.462298147202205,33.36514983863598
810,26.137296425069717,25.624363966882594,25.598623620543975,33.00274075146872,31.37044447232522,26.650733187952177,30.126682895112296,23.02607650739799,30.493361579329154,33.40240849519194
811,26.16119939311236,25.654268869104087,25.626116194557635,33.04157196820346,31.405255401838748,26.67772423498696,30.160986775196783,23.05581061182306,30.524425707194165,33.439667300774154
812,26.185118113162392,25.684181829690093,25.653595810564944,33.08040164048906,31.440075400849988,26.704718154899428,30.19528154303212,23.08551831238979,30.555470351115222,33.47692571567934
813,26.209039011756346,25.714060164225284,25.681070929696045,33.119208453909124,31.474907267365886,26.731706359549868,30.22957625072672,23.11512767587746,30.58651478992705,33.51420133545059
814,26.232990604496813,25.743950783437946,25.708531846569304,33.15799143209827,31.509741793043876,26.75869291652288,30.263872602081843,23.144767391963217,30.617563455347092,33.55148146841128
815,26.256949043698814,25.773804211537083,25.735994141377795,33.19675826006203,31.544570605471797,26.785683135134157,30.298173422938962,23.174577216792493,30.648573130696107,33.588737411051085
816,26.28090618210591,25.80363135148328,25.763458572436612,33.23553488503808,31.579408091944924,26.812675168817325,30.3324813762892,23.204450890552486,30.679606181749666,33.62598462163342
817,26.304874953570106,25.83353390200021,25.79092352013811,33.274312819051694,31.61424611495103,26.839661280560712,30.366795943442114,23.234252679491025,30.71065071723909,33.66323636806769
818,26.336444682749562,25.86725589345046,25.823790330738248,33.31281826162224,31.649567129495814,26.872351415774112,30.40195693258221,23.267936430733176,30.74474841481184,33.70036476749701
819,26.45365952456049,25.98537468541512,25.941549946745862,33.43212013469322,31.768357511160175,26.990036828119297,30.520680103576606,23.386039161810434,30.86302500334795,33.81947385452822
820,26.455308012664993,25.991358893841436,25.945234573819246,33.44409442867531,31.778391041649847,26.994880623393556,30.530712928156202,23.391342662110766,30.869672114618645,33.831224793699384
821,26.476978727990986,26.01869927383779,25.969623880091422,33.47886748953996,31.81081515421488,27.020794630349965,30.563157953932002,23.41786971774912,30.897854284159862,33.86574540484813
822,26.500658549953517,26.048190336253853,25.996083074646396,33.51590699074192,31.845473746174946,27.048817824844523,30.59782186369758,23.44649257021164,30.92815570760152,33.902546892274614
823,26.52455897141435,26.077910570536577,26.022746516137815,33.55317381224286,31.880362879786546,27.077045366270394,30.63273691433342,23.475325620046963,30.958667818456696,33.9395897635665
824,26.54848587736689,26.107651527372276,26.04943427817461,33.590458517258405,31.915271536269373,27.10528935085063,30.66767888024052,23.504203621887676,30.989204932097234,33.97665310279508
825,26.57245768601565,26.13737943254697,26.076127426265156,33.62774982852072,31.950176486566995,27.133534460110365,30.702595382599515,23.533090925977085,31.019752128175654,34.01371072670113
826,26.59646394032291,26.167090934148018,26.102821825887126,33.665047253930105,31.985072853173403,27.16177618215345,30.737505244582742,23.56203217810392,31.05030303818246,34.05074931782354
827,26.6204886339179,26.196712251683557,26.129512907190126,33.70234522619504,32.01996232653259,27.19002507665841,30.77244668885866,23.591020738766048,31.080835342674288,34.08777479540499
828,26.644540673136024,26.22632938351588,26.15620505229568,33.73963456726479,32.05482479760343,27.218280333968274,30.80743712142037,23.620022898921246,31.111343209619836,34.12480995198505
829,26.66860860893099,26.25595940695647,26.182891409843393,33.77689702137658,32.08968676541935,27.24652521485667,30.842453751074956,23.6490364967831,31.141825140991816,34.1618495594493
830,26.692662218380935,26.285593306200678,26.209571593459696,33.81415521848003,32.124536034355415,27.274758419076548,30.87747412181747,23.678080178382853,31.172293675033774,34.198897246094624
831,26.71672747959351,26.315241356937477,26.236253154216534,33.85141584845716,32.15937534775257,27.302989534073625,30.91248459066257,23.707128514603117,31.20277452399846,34.23594665184691
832,26.740777165447582,26.344901096635834,26.262927633125674,33.88866494227914,32.194226853049685,27.331197528336205,30.94745488051775,23.73613630038019,31.23325840387947,34.272991229692224
833,26.764777982360417,26.374562617767,26.28960266221275,33.925918567118146,32.22909571094727,27.359400033527642,30.98243746116331,23.765144293125,31.263756717679428,34.310046976200724
834,26.788780242538046,26.404232925230673,26.316279324617398,33.96317314935795,32.26396862650114,27.387598762401844,31.0174347415867,23.79404738883714,31.294262772411233,34.34710637926572
835,26.81277260119639,26.433856584386394,26.342958148684346,34.000412719425064,32.29885107926195,27.41579240367429,31.052479773171843,23.82300771454845,31.324735626136615,34.384161652848604
836,26.836731606783047,26.46347248374293,26.369642810980338,34.03762489630689,32.33373839238575,27.44399118444748,31.08759884748896,23.851991067848772,31.355218627331478,34.42121195397814
837,26.860692525243554,26.493110626749527,26.396329773939556,34.07483393607187,32.36862770065431,27.4721960161637,31.122752539215686,23.880955326230556,31.38572981099454,34.45826100756709
838,26.88465240961686,26.52275867728151,26.423012611530435,34.11202619829409,32.40351685891993,27.50040806696292,31.157940620087718,23.909962848174995,31.416249407578093,34.49531947519249
839,26.90863526503902,26.552416540030364,26.44969708294306,34.14918756924596,32.43841375907008,27.528623541439085,31.193161043460677,23.939043969933078,31.446774775228658,34.53237939034703
840,26.93258950752452,26.582113177612765,26.47637645285177,34.186344184164035,32.47334888129817,27.556829229689814,31.228388400554692,23.968153751726113,31.477306412651604,34.56944020782509
841,26.956597906759473,26.611861574491112,26.50305502784453,34.22350253597424,32.50829318763106,27.585037578667926,31.263606717093314,23.997203024930926,31.507844698385252,34.606503770029754
842,26.98063901873836,26.641625799206786,26.52973845527582,34.260658001332644,32.54324006661674,27.613237389358076,31.298754365658905,24.026285500901906,31.538385212166844,34.64357548263441
843,27.00462556284272,26.671374497730255,26.556428565511915,34.29781390211881,32.57818769312284,27.641458771534356,31.33387918925944,24.05542213568628,31.56892450193164,34.680649406158324
844,27.028610210590855,26.701168795161195,26.583124824602862,34.33498728774872,32.61310176898836,27.669698620414664,31.368937541066952,24.08467529452206,31.599465904177055,34.71772074999273
845,27.052576080439714,26.730988218906884,26.609823842161184,34.372173249321435,32.64802660501144,27.697942691231884,31.40398345340189,24.11396842938648,31.629973736315968,34.75478082871843
846,27.076567795424822,26.760811415983614,26.636527494304087,34.40936885307156,32.6829570575542,27.726185713513296,31.43903221985626,24.143293157633227,31.660505343447362,34.79184939878393
847,27.100644355872465,26.79067535973619,26.66323383511999,34.446565527505285,32.71788819140249,27.754423262691663,31.474106504631422,24.172637718370027,31.69105720909091,34.82892860476076
848,27.1247607146408,26.820584337819056,26.689934264680236,34.48375172350859,32.752818427062515,27.78266782429493,31.509185076159874,24.201937238454285,31.721613916622044,34.86601253463135
849,27.148864585931573,26.850506002899035,26.71663532348244,34.520942431970084,32.78773487372872,27.810916170171293,31.544190974099767,24.23124847632878,31.752160815351232,34.903096251211174
850,27.172973262888352,26.880401424910932,26.743334701580707,34.55813526256643,32.82264282438255,27.83918106046152,31.579198466449032,24.260496836123423,31.782687813992403,34.94017032205291
851,27.1970870912134,26.91029527304739,26.77003702688876,34.59532500207705,32.85754458310146,27.86745450700703,31.61421089319567,24.289819966257856,31.813221876848147,34.97724426188955
852,27.221210352460034,26.940138933962693,26.796745181294593,34.63251154981892,32.89247905236721,27.89570777205527,31.649242310432058,24.319220285242793,31.84372405852507,35.01431715031251
853,27.245365735518956,26.969988963007154,26.823455522361037,34.66969631671475,32.92742296856468,27.92395653204841,31.684275660748728,24.348641658761245,31.87422732094446,35.05138912217465
854,27.269538439034076,26.999851048088388,26.85016494659696,34.706869839175056,32.96235311817385,27.952194460969206,31.71933982874842,24.378059767856847,31.90471506273679,35.08846087592758
855,27.29367015029419,27.029684153788914,26.876870197981333,34.744031839888756,32.99726212486308,27.980414867989257,31.754411621779585,24.407466785365255,31.93521020645306,35.125513932911275
856,27.31779425692444,27.059527539285686,26.903575913291267,34.7811974858703,33.03217316095847,28.008623284573115,31.7894485226899,24.436891302478337,31.965717320706098,35.1625632634654
857,27.341980925830487,27.089358232055808,26.930282482272514,34.81836149748329,33.06710135738069,28.036825092822472,31.824452700830612,24.466232465428753,31.996227459390596,35.19962153229515
858,27.366207961492,27.11915820694384,26.956988763667685,34.85550421907202,33.10204450979027,28.065031830639224,31.859517979959943,24.495533939206013,32.02673897867477,35.23668232771401
859,27.39788778557685,27.15282360671997,26.989581234543323,34.89253104230167,33.1374087850726,28.09815902483075,31.89492541273764,24.529027665002264,32.060652390270036,35.2736322499057
860,27.51514886724804,27.270918630181498,27.107225627866647,35.01162590866493,33.256217336246735,28.216028001946746,32.013752090059825,24.647050585392247,32.1788515786956,35.39271635012365
861,27.51718949225606,27.27780642789351,27.110324503773906,35.02264996296875,33.2656274363579,28.220128522608075,32.02358395405006,24.65353069882561,32.186411411937236,35.40331440617764
862,27.539408320631612,27.306261377770557,27.133931944721503,35.05627699297893,33.2972819041863,28.245054974275003,32.05575159330394,24.68144098819521,32.215767403385925,35.43642089075192
863,27.563644193301077,27.33685275248788,27.159589298263693,35.09216585086738,33.331159807459734,28.272063105542173,32.090149465860485,24.71139088572747,32.247301311521106,35.471781496008795
864,27.58809834940242,27.367633897711865,27.18544380247611,35.128284061492145,33.36526179390909,28.299278258470036,32.124772707124954,24.741481717247805,32.27905551394071,35.50736797447805
865,27.612600583770732,27.398423770630806,27.21132284225414,35.16442004507326,33.39939167855757,28.32651410597534,32.159466496469875,24.771680041751797,32.31083541950995,35.5429801389091
866,27.637125959140395,27.429195079438177,27.237208517241523,35.20055366480009,33.43352466613293,28.353751804619485,32.194174995235905,24.801929874480237,32.34261992430942,35.57860195896493
867,27.66167943583842,27.459971637875636,27.263084801841682,35.23668113083745,33.46765337798195,28.380989487797706,32.22885111183842,24.832225029685166,32.37441272743062,35.61422591049334
868,27.686249143428764,27.490750570553814,27.288966180405417,35.27280935236698,33.501783335744314,28.40822744377418,32.26353537511164,24.86254676645652,32.40620827654898,35.64985130132424
869,27.710836483940344,27.52151028832837,27.314850456290007,35.308938475146576,33.53591717852856,28.43546515199577,32.29822030895717,24.89278681150437,32.438002706503,35.6854812598702
870,27.735436105548956,27.552251854050535,27.340738608123065,35.34506334579885,33.5700516761468,28.462703684770624,32.33288306536624,24.92297829057737,32.46979903485573,35.721112542593275
871,27.7600451731279,27.58296943379304,27.366631712637137,35.38118918134828,33.604183981741386,28.48994073249651,32.36755134191864,24.953134594178476,32.5015964043671,35.7567436067916
872,27.78466394683394,27.613671112904857,27.39250824635269,35.41731879344885,33.63832244300825,28.517178230348193,32.40221993088178,24.983233905688195,32.533394048824206,35.792372516274696
873,27.80929356487066,27.644323810649166,27.418386521792545,35.45345176492547,33.67246732432008,28.544413409159414,32.43686936225005,25.01322291221777,32.56518580190129,35.828001553965194
874,27.833933773412195,27.67490582456175,27.444272964150567,35.489585173098845,33.70661340603112,28.57164724749474,32.47151343063596,25.04324468012531,32.59697663420436,35.86362791080587
875,27.858539070236652,27.705435204602313,27.47016179616157,35.52572076000503,33.74075154465788,28.598878303837463,32.506124263931554,25.073283751572443,32.62876159536424,35.8992564095268
876,27.883119765660513,27.735969458300076,27.496052948315977,35.56185660348191,33.77488647600609,28.626108842747612,32.54071414970686,25.103402583602914,32.660552283742575,35.93488990379626
877,27.907717096580345,27.766533532668255,27.521945588699268,35.59798895636783,33.80902456505003,28.653338028935714,32.575315120802806,25.13355384223014,32.6923470710359,35.97052477382073
878,27.932355009837163,27.79715135983243,27.547843142237582,35.634122431599806,33.843167632770346,28.68056949451382,32.609918062829074,25.16363417004084,32.724144739975515,36.00615967963094
879,27.957041566811217,27.827786320150988,27.57374548933905,35.67025950154705,33.87731214879178,28.707801648417693,32.64449385289169,25.19363130211984,32.75594423130147,36.04179354271168
880,27.98175748725866,27.858389397254886,27.599648337748796,35.70639913668485,33.91145707484378,28.735033690789408,32.679019623777634,25.223578733002437,32.78774412745141,36.07742606499103
881,28.00640703648188,27.88893875208243,27.6255596423721,35.74254058438697,33.94560331209777,28.762266728164086,32.71352475904789,25.253406647960066,32.81954331329986,36.11305944307149
882,28.031019376818172,27.91939054499342,27.651477119427494,35.77868444608869,33.97975271858249,28.789500464976697,32.74801253668657,25.283192237586533,32.85134345913751,36.14868888011952
883,28.055631547736628,27.949841297699987,27.677398803426414,35.814828310782524,34.01390675559929,28.816735558921252,32.78251735915491,25.31297300672176,32.883146880957256,36.18431813017152
884,28.080270298836265,27.980350676168154,27.703303733037757,35.85096528920181,34.04806160922341,28.84397300512974,32.817026664216584,25.342768802167427,32.91495349180268,36.21994531061574
885,28.104921275468932,28.010885691101034,27.72921043870514,35.88710152527894,34.082206919081514,28.87121209700284,32.851529780446555,25.372595335479005,32.94676084694495,36.25557240689421
886,28.12956546989207,28.041424040059866,27.75511119455031,35.92323277883018,34.116344856974735,28.898451599904472,32.885999660952436,25.402396688598962,32.97856714338304,36.29119607306079
887,28.154182635560993,28.071943788320763,27.78101449859421,35.95936927885013,34.15048379024693,28.925690747784337,32.920459526788655,25.432280227738115,33.010371714473465,36.32681603642493
888,28.178820535398685,28.102466853692274,27.806919801845847,35.99551045675196,34.18463088619569,28.952929796369016,32.954917793370434,25.46223304422913,33.04216673171705,36.36243544016544
889,28.20346338816166,28.132949389579455,27.832815262581445,36.031652566851555,34.21878220201217,28.980168707325404,32.989374993630584,25.492312679628075,33.073953824343086,36.398051185487105
890,28.228138597377445,28.163430850665154,27.85871227436646,36.06779391847161,34.252933782867245,29.00741063680271,33.02382640889676,25.522460406369124,33.10573804139477,36.433668273610756
891,28.252833090337457,28.193909245097313,27.884604620408094,36.10392994085392,34.287079558077465,29.034655883754386,33.0583092194198,25.552685835602368,33.13752204350871,36.46928757995769
892,28.277510196717564,28.224327626019154,27.91049085044124,36.14005819092968,34.32122524430836,29.06190240881594,33.09281522524305,25.582955355792762,33.1693151969625,36.50490733124365
893,28.302199320339593,28.254735177788476,27.93637662404712,36.1761943233361,34.35536708962037,29.08914818813102,33.12733245183575,25.613233274899237,33.20111126378835,36.540525664283265
894,28.32683205285802,28.28519401609078,27.962266073534963,36.21233460655486,34.38950245179871,29.116395515513613,33.16185411993579,25.643503971487732,33.232911791182666,36.57614390759137
895,28.351468215916963,28.315692177415578,27.98815696305263,36.248475695196625,34.42362615560715,29.143643269626338,33.196401127369846,25.673823755852936,33.264714180366866,36.611762040012536
896,28.376106639154738,28.34626426848687,28.014044980198246,36.28462003756649,34.45775113552632,29.17089074158934,33.2309603985617,25.704161712441227,33.2965206848727,36.64738241897446
897,28.400763904462764,28.376861890192025,28.039935539597813,36.32076526938819,34.49187747851026,29.198138745890574,33.26552615990469,25.734424693504316,33.32833342766667,36.68300318587494
898,28.42544512402083,28.407436621387127,28.06582901156755,36.356912381531494,34.52600395501893,29.22538393642734,33.300123304398824,25.76483866062908,33.36015118525972,36.718623140276364
899,28.45013733193631,28.438012896145626,28.09170926717125,36.39306024801501,34.56012533427062,29.252629559510968,33.33472813199925,25.795366162709875,33.39197100048873,36.754243299167676
900,28.474826019343148,28.46858300532218,28.117583027307376,36.4292117995461,34.59424548815562,29.27987495744165,33.36929795560835,25.825976815136038,33.42379620023343,36.78986176893717
901,28.506661214749894,28.50252218857296,28.149871856215636,36.46532500632561,34.62934609633388,29.31266109511902,33.404541492559,25.859937725120233,33.45815432254994,36.82547424850388
902,28.62398755237628,28.620732201093844,28.267388719912663,36.58429196638585,34.74804390732431,29.43038682849907,33.52329933363382,25.97815686286915,33.57654028947842,36.944371106754325
903,28.626686373553717,28.627613653515407,28.271927510093043,36.59379238614849,34.75829695553085,29.43439933892794,33.53307318376532,25.984749111831725,33.583728115890196,36.95563457782728
904,28.64976955583853,28.656108865058574,28.297453028188748,36.62555133379795,34.79099478153151,29.459214252682738,33.56517026369957,26.01279403775053,33.61260758970398,36.98956217664538
905,28.674875877377676,28.686750341968935,28.325092120969813,36.659537237037824,34.825948188140174,29.48610608444652,33.599513416128836,26.042937558471603,33.643656276407185,37.02576526774989
906,28.700176182186347,28.717591040964898,28.3529488908381,36.69374269085702,34.86115723235388,29.513204505561315,33.63407260352567,26.073322831060104,33.6749304741809,37.062187482677864
907,28.725504773638463,28.748446825415066,28.380850240316914,36.72797031875857,34.89639077941807,29.54032584054161,33.66864419937129,26.103739404435114,33.70623864308106,37.09862903765956
908,28.750848765856578,28.779348514446994,28.40876394282166,36.76219998552074,34.93162099456412,29.567451660855046,33.703230636768495,26.134208508973053,33.73755550425242,37.135072141954765
909,28.776198910317966,28.81026723465782,28.43668794215273,36.79643026899436,34.966877315489675,29.59457877944567,33.73785619568158,26.164707692943686,33.76887889610162,37.17151814210465
910,28.80155118374311,28.841171176715626,28.46462400767818,36.8306812709912,35.00213952293617,29.6217062754025,33.77251540202981,26.195171316077996,33.80020419590081,37.207974460100736
911,28.826912046026425,28.872074071832216,28.492561963398472,36.86494527582287,35.03741385766344,29.64883251129538,33.80723336096019,26.22561934272265,33.83153529410252,37.2444352839892
912,28.852277165629623,28.90289147946078,28.520510480936057,36.8992131491198,35.07269744020764,29.675957701838378,33.842009660249815,26.25605439922378,33.862873942947765,37.28089550227734
913,28.877642798223093,28.93370927939023,28.54847231793456,36.93348799575671,35.10798073543979,29.703083632807896,33.87679892140947,26.28644442586763,33.89421454623949,37.317343869261585
914,28.902985103227046,28.96452871176743,28.576396690731983,36.96776466713042,35.14324734610406,29.730210031728024,33.9115967747593,26.31684920296167,33.92555145830887,37.35379127242327
915,28.928328846705195,28.995323877871993,28.604290859365975,37.00204870991988,35.178499877108656,29.75733637776628,33.946412614508574,26.34727899283959,33.95688889376176,37.39023429856257
916,28.95369461859784,29.026122934497426,28.63219783199114,37.036341212948464,35.21378002374174,29.784460691933504,33.98123327064902,26.377636242018177,33.98821707899841,37.426665824356306
917,28.979079371286563,29.05690806098905,28.66012148677391,37.07064048641276,35.24906843473862,29.81158452827585,34.016079843736016,26.407990615558358,34.01954392226983,37.46309790827789
918,29.00448183130381,29.08767875324216,28.688056289533307,37.104941139658834,35.284334192482376,29.83870413859405,34.050957717489084,26.43836447311471,34.0508739186606,37.49952757503966
919,29.02989485563667,29.11841562063818,28.715995027733634,37.13923380396136,35.31958201093903,29.86582256963266,34.08586726716031,26.46873857321321,34.08220185680981,37.53595351842932
920,29.055311286629323,29.149163001135715,28.74393174281702,37.17351816836639,35.35483152271208,29.892937186933956,34.12078292445069,26.499126295317556,34.11353109040846,37.57237713353031
921,29.080722668612555,29.179867665828557,28.771799784338494,37.20779793329442,35.39008572147785,29.920052610389554,34.155679058453806,26.529476117848397,34.14484686892374,37.60880247763016
922,29.106111910386687,29.210574607720016,28.79962561679205,37.24208276757625,35.42533421090643,29.94716459079199,34.19057550386666,26.559874675298044,34.176161813859764,37.64522894969939
923,29.131467113265483,29.241306027591026,28.827448460572167,37.2763699154266,35.46056926799668,29.974272348937777,34.225438815455476,26.590289696490583,34.2074594695537,37.68165597668144
924,29.156821663283257,29.272072423943225,28.855285578353122,37.31065449257609,35.49579412035762,30.00137714904708,34.26028833600095,26.620643924616367,34.23874726412046,37.71808176425772
925,29.182179591030266,29.30285068568217,28.883137332347864,37.344932553752216,35.53098546027494,30.028482794402237,34.29512545795074,26.650919978533857,34.27004123999183,37.75450132248453
926,29.20752422180001,29.333603067307305,28.911004261800283,37.37920144030189,35.56617601681501,30.055589778047608,34.3299617306808,26.681223193911684,34.30134046684497,37.790916750267144
927,29.23285990051597,29.364391566525043,28.9388825507841,37.41347006245841,35.60135104479416,30.082696343688237,34.36481634451475,26.711542489996443,34.33264357307673,37.82732924450318
928,29.258182253642442,29.39518971868129,28.966764247500596,37.44772447592555,35.63652257347377,30.109803322114065,34.39968047831591,26.741778644348216,34.36395285235387,37.86374999335549
929,29.283501213500028,29.425945121554946,28.994644442010745,37.481963066339276,35.67169169759132,30.136908468986817,34.43452572180996,26.772030320915977,34.39527113470984,37.900174040795584
930,29.30882782819248,29.456648000937953,29.02253597852742,37.51619533407018,35.706826696654275,30.16401443579292,34.4693873926206,26.8022145356794,34.426592333218494,37.936598258193065
931,29.334146004115485,29.487325730205235,29.05043205314,37.55042922480698,35.741960254810245,30.191118608137618,34.50425302043606,26.832333064103477,34.4578982738284,37.973021245092376
932,29.359470347247235,29.51800283745672,29.078323395274875,37.58466926283633,35.7770919033989,30.218223826556375,34.53911350716858,26.862300819542607,34.489196590763406,38.00944741259508
933,29.38480471652347,29.548726128424786,29.106228389686716,37.61891240255956,35.81222668104492,30.24532786032515,34.573978351678015,26.89225085050418,34.52049507336494,38.04588053785523
934,29.410145782402378,29.57947217189176,29.134139053974327,37.65315076456967,35.847361303259014,30.272431254311172,34.608841569513324,26.922136526845456,34.5517978591388,38.08231481577705
935,29.435470571645318,29.610256011745285,29.162046315668075,37.68738878894142,35.882491803429225,30.29953404838444,34.643663003957286,26.95197233565362,34.5831077277107,38.11874381852077
936,29.4608103460606,29.641058527248415,29.18996013911005,37.721633231510445,35.91762468131641,30.326636639624756,34.6785153728265,26.98179665152408,34.61441994219474,38.155169078715524
937,29.486156301384923,29.671907656078513,29.217886031488355,37.75588421682732,35.95274171653604,30.353735455828044,34.71337880802059,27.011597397836734,34.64572434155988,38.19159783801834
938,29.51150493981749,29.702818329218292,29.245837927127972,37.79015166196679,35.98786114842462,30.38083292477241,34.748219610662254,27.041350341358942,34.67702592472249,38.22803232328672
939,29.53681829438921,29.733747373309384,29.27381231556392,37.82443620981841,36.0229883911407,30.40793205797963,34.78302308112554,27.071127316145837,34.70832315339741,38.26447081522521
940,29.562127340804107,29.764641636637705,29.301790820563934,37.8587356084028,36.05811629147222,30.435033161008242,34.81782427948554,27.100921401247223,34.73961693098967,38.30090982044719
941,29.58743728428244,29.795558225600654,29.329752720077618,37.89304414236085,36.09323177202121,30.462134998155673,34.85264361141179,27.130700308249693,34.77090946653943,38.33734579119464
942,29.612755711998997,29.826480192268043,29.357700471518342,37.92735434949242,36.128359039600475,30.489233083914613,34.88747241601367,27.160556882276794,34.80219664101164,38.373777649622575
943,29.638045978161625,29.857418410054734,29.385629806408573,37.96167596396409,36.16349572928481,30.51633218282928,34.92229089641011,27.19044049639469,34.833469617028335,38.41021018840584
944,29.670118647339372,29.891484214511582,29.418658953064774,37.99684399466937,36.19892035824772,30.54906464048061,34.95760259409015,27.224129000456614,34.86764275923948,38.446584358265646
945,29.78754472394958,30.009747407939013,29.536486750215932,38.11557012312114,36.31775425796769,30.66676782824972,35.07638906267132,27.342233727718178,34.985951034523715,38.565587853157126
946,29.789679050745892,30.016255501797833,29.541289918663384,38.125085283886165,36.32881713669164,30.671330542165354,35.08769267049052,27.349192079013648,34.993544807774995,38.5783262534916
947,29.811992890691876,30.04428414019955,29.567152080344627,38.156861531867186,36.36250440317756,30.696869445648552,35.12169151231051,27.377830028613822,35.02294063425282,38.614060791597936
948,29.83633562860237,30.074469097512353,29.595141809380817,38.19085783689377,36.39844863477607,30.724506925890505,35.15796445594234,27.40870324265584,35.05451657252861,38.65208938639434
949,29.860887216907646,30.104904122145,29.62333742448488,38.22507531378538,36.43460842071505,30.752359133219464,35.19446273784826,27.43980578263042,35.08631080663671,38.69034421312255
950,29.88546429774544,30.135369252013522,29.651548513218366,38.25931275217814,36.47078879531171,30.780231260965056,35.23097456718015,27.470939050067145,35.11812790827933,38.728620351944706
951,29.910046413666997,30.16582819446355,29.679726692241633,38.29355073469262,36.50697083875636,30.80810572027191,35.267473261252654,27.502081232335197,35.149947087097196,38.76689574904852
952,29.9346270761434,30.196311810359372,29.70787375229626,38.327779885393554,36.543183300179685,30.835982422193492,35.303977400347286,27.533148367659496,35.18176321009662,38.80515075388396
953,29.959210665086587,30.226805843822092,29.735994125108693,38.362003417063384,36.57940098362241,30.8638613391086,35.3405002684817,27.5642286770565,35.21357903345094,38.8433768958164
954,29.983809652505343,30.257251080966206,29.764097626821183,38.396226776815205,36.615565565441905,30.89174938164675,35.37702550387171,27.595322300473928,35.24539502403752,38.881621016036185
955,30.008420728903126,30.287694753318394,29.792169750638028,38.4304521752261,36.65171308769707,30.91964099749148,35.41356554411143,27.62645131335812,35.27721117349725,38.91986651572377
956,30.033038034113066,30.31814157322933,29.82022474187247,38.46467607102405,36.6878341105409,30.947532960783697,35.450121129323975,27.65762148729892,35.30902766277253,38.95811216320393
957,30.057642346270313,30.348600927796003,29.84828976369587,38.4989096778627,36.7239118927216,30.97542325397019,35.48666528573932,27.68887656541001,35.340844689512615,38.996377894457076
958,30.082208547513975,30.37906396479469,29.87636000225432,38.53314583821082,36.75996424763097,31.003314634624303,35.523206078347016,27.7201608339299,35.37266248722542,39.03464153875443
959,30.106792734125552,30.409528710488473,29.904439980797417,38.56737509154983,36.79599587459961,31.031204756502,35.55970776723178,27.75131911385016,35.40448003494335,39.072863591920715
960,30.131321209011976,30.43998069746513,29.932525625241677,38.60160795089141,36.83202337355052,31.059100984711044,35.596181092531594,27.782499686483547,35.43629461574883,39.11108616408197
961,30.15579997194499,30.47048745793127,29.960592921659096,38.63584051986893,36.868050914958125,31.08700040497495,35.63268318774906,27.813706607009294,35.46810672276642,39.14932188924759
962,30.180269119067027,30.501029833672415,29.98864461344845,38.67005634114511,36.90405114596802,31.11489232521255,35.669184071577334,27.844873901653227,35.49991816200956,39.18756169310454
963,30.204749708846148,30.531605578500017,30.01668728507501,38.70426793361645,36.9400427850082,31.142792518528655,35.705646741774835,27.876065871436037,35.53172993952764,39.22579142771155
964,30.229239520233133,30.562194173859055,30.044710866414185,38.73847963662965,36.97602849333721,31.17069591121452,35.74210187563174,27.907260599077393,35.56353823286009,39.26401492019602
965,30.2537134496002,30.59278455715841,30.072724390911752,38.77268103610364,37.012048796652145,31.198607044618687,35.77854793519293,27.93848025763118,35.595347542802784,39.30226889921685
966,30.27819833297217,30.623359465078618,30.100735431189012,38.80686672639735,37.04807661865784,31.226521836706,35.814993508626394,27.969723944747287,35.62716049111069,39.34052886305727
967,30.302691171755917,30.65393812724297,30.128744022465643,38.841052008410216,37.08407904536977,31.254433239147765,35.85140824643938,28.000972860095388,35.65897491573976,39.37877798421043
968,30.327160886049935,30.684491544897956,30.156784154672515,38.87522183738906,37.12009111183933,31.282329992235482,35.88779357159935,28.032178354874315,35.69078944937749,39.41701057807052
969,30.351618391217727,30.715092868311206,30.18485530306163,38.909379873232155,37.15610546565347,31.310228532736144,35.92414858277711,28.063372736968198,35.72260364608958,39.45524274360344
970,30.376049412607866,30.745708865688222,30.212951040129184,38.94352137381433,37.19211823811692,31.33812886333287,35.96045854620619,28.09454050526213,35.75441808953058,39.49349978693525
971,30.400464360529494,30.776249721759132,30.24105477950697,38.977648798088396,37.2281482320303,31.36602625529018,35.996730089356504,28.125606801103352,35.786229999220794,39.5317703120932
972,30.424888721833092,30.806736204355214,30.26914602521577,39.011780945788594,37.26418974419813,31.393929878559053,36.033021700309696,28.156742244150927,35.81804260945322,39.57004697242423
973,30.449321022077743,30.83722719591767,30.297241173092434,39.04591593524485,37.30023330400366,31.42183477901458,36.0693166276364,28.18802893395663,35.84985620437712,39.608332600175515
974,30.473737334443246,30.867711645666592,30.325344508218418,39.08004217609652,37.336271720859415,31.449740027989492,36.10556551860046,28.219362594146816,35.881668083548696,39.646647960448526
975,30.498164011020354,30.89819546041951,30.353475666785616,39.11416700418497,37.372313797540244,31.477642848993373,36.14186572730818,28.250654128881116,35.91348038358273,39.68496506303382
976,30.522560407014335,30.928609973086232,30.381618086100712,39.148293573263345,37.408355688981885,31.50554490433598,36.178178694307746,28.281945919410184,35.945290102664096,39.72323877680863
977,30.546929905390922,30.959025446819904,30.40976504591956,39.182416060344046,37.444386668791594,31.533450451213955,36.214487790526036,28.313064968203545,35.97709990725052,39.761511779516844
978,30.57128614161189,30.98946024295157,30.437928325938778,39.21653849563886,37.48045279569189,31.56136818349603,36.250799999956136,28.34429958920975,36.00890862353449,39.799795662834796
979,30.595640954300663,31.019904179609227,30.466104267050216,39.25065522232889,37.516554337870545,31.589291443308255,36.287097413886556,28.375588918710612,36.04071705682793,39.83809201545161
980,30.620001886942433,31.050311901434647,30.494284012609633,39.284769103437256,37.55268726001108,31.61721582312216,36.32330499846864,28.406869165350283,36.07252402548337,39.87638998624075
981,30.644253913126946,31.08073033904415,30.52246378018198,39.31887980387818,37.58882676945593,31.645141271665242,36.359509866846835,28.438135825022982,36.10433104214889,39.91468287272089
982,30.66852120734608,31.111107187186924,30.550612155847077,39.352994080266306,37.62495678254632,31.67306807090803,36.39567922713243,28.4694066836191,36.13613930479793,39.95296675200667
983,30.692811393034976,31.141522831496296,30.57874864138538,39.38710103859676,37.661077638299794,31.70099950527633,36.431817148259306,28.50064009487635,36.1679483666754,39.99125392319404
984,30.7170492593819,31.171995729514954,30.60686289683873,39.421203471568056,37.697203082078296,31.728922958185294,36.46790934767308,28.531757842341058,36.19975733017071,40.02955349276069
985,30.741268068414005,31.202498714604605,30.634991458192317,39.45531582173211,37.73332527633403,31.756843937495503,36.50401319390016,28.562920758804992,36.23156077410979,40.06785953242241
986,30.765506534532687,31.23303871657433,30.66313372979022,39.4894310017098,37.76944274819402,31.78476332817717,36.54011867980402,28.594096185451352,36.26336309004106,40.10616595295722
987,30.789665936221514,31.26359228921117,30.691244160555218,39.52355183431342,37.805573695612715,31.8126774611075,36.576189369021996,28.625268090985806,36.29516734430971,40.14447916509508
988,30.82130618593022,31.29750999869953,30.724329466705093,39.55865563202011,37.841670002700155,31.84570098656296,36.61221546920885,28.65940175433871,36.32951817850465,40.18257443633715
989,30.93855064636343,31.4157109922402,30.842180850843597,39.677354782612476,37.9606345968035,31.963526422809807,36.731170234346116,28.777693448502486,36.44790108442208,40.30181888542214
990,30.941108231027602,31.423187291466373,30.84608794707596,39.687782742256374,37.972437027921224,31.968886147156244,36.741750798771555,28.784686783174322,36.45576517719578,40.31476826285207
991,30.964023154106712,31.45245357431396,30.87076723664684,39.72068749610625,38.007043139154504,31.99544263356848,36.77483519426461,28.813365406196137,36.48550234062422,40.350717800703535
992,30.98898314294723,31.4840135846918,30.89753128792171,39.75584087215118,38.04398519387812,32.02413792803118,36.81017634219604,28.844219077003306,36.51742555054199,40.388977356102906
993,31.014158182609656,31.515878091578756,30.924514798012442,39.79121921328661,38.08117055844858,32.05306492815235,36.845730437337,28.875279090173766,36.54956580228041,40.427486498368445
994,31.039355119307935,31.547833787478073,30.951528773478213,39.82661869539304,38.118370148498535,32.08202305161324,36.88130928566126,28.906353543725093,36.5817268051918,40.466034651260344
995,31.064550625164287,31.579837856887714,30.978548687791186,39.862021023326385,38.155541101351716,32.11098675578814,36.916889997570955,28.93740088614692,36.61389190186799,40.50458160632394
996,31.089751759704402,31.61185219331039,31.005553679293406,39.89742557160459,38.19270905955547,32.13992835291095,36.95245695080482,28.968440495365506,36.64605998513505,40.54308878430559
997,31.114928438070383,31.643802939500443,31.032562111410034,39.932830644409705,38.229898166709305,32.168862456065966,36.988026633113805,28.999467652242473,36.67823086301091,40.58161866788866
998,31.140077441692004,31.675639095542152,31.05957534235469,39.96823606129238,38.26708783960561,32.19779381584005,37.02358618785314,29.03050110865922,36.710402839363645,40.62015409380446
999,31.165221484763876,31.70745689925785,31.086564980378085,40.00364232735018,38.304230421711125,32.22672933679888,37.0591618991639,29.061412804511278,36.742577113924476,40.65868512788002
1000,31.190369551690658,31.739216017675922,31.113546452193397,40.039051390081084,38.341356502574634,32.25566677413476,37.09474565405689,29.092340093400644,36.77475215082877,40.69723843486505
1001,31.215506931363155,31.77088953034053,31.140525999867613,40.074462578704534,38.378416902561405,32.284596036947875,37.13032911304902,29.123288100022208,36.80692577245215,40.735809199155874
1002,31.240650461146927,31.80255751534957,31.16751108494889,40.10987416479701,38.41549214970513,32.313532053705416,37.16590097551812,29.15415450041301,36.839100117076555,40.77438036229306
1003,31.265788525190423,31.834315203722486,31.19449922931602,40.145285564173896,38.4525731430545,32.34247419920332,37.20147885054419,29.184990288513166,36.87127636904074,40.812978510182
1004,31.29093278668747,31.866103348155804,31.221485076232337,40.18069720991897,38.489620596878844,32.371398522062634,37.23706609403087,29.215896734553613,36.90345323301174,40.85158790080294
1005,31.316084934253865,31.897875840485597,31.248467281765464,40.21611103419268,38.52665886105788,32.40032137171335,37.272654571266564,29.24682353377569,36.935628887217604,40.890188749988745
1006,31.34124150566076,31.929747235161337,31.27544615035723,40.251527357363656,38.56368558102583,32.42924858984402,37.30822599867614,29.277689229317602,36.96780618004464,40.9287775014514
1007,31.3663948319877,31.961654043412977,31.30242414472759,40.28694577986991,38.600704176769845,32.45817513216101,37.343788371480386,29.30856168620818,36.999983998368336,40.96737385437065
1008,31.391561057085887,31.9935189855912,31.329389285816898,40.32236524402484,38.63774198358607,32.48709894848145,37.3793557745143,29.339441589245613,37.03216158826572,41.00596746729439
1009,31.416733332295948,32.02538558068516,31.356356033716565,40.35778627616542,38.67478187854397,32.5159805268174,37.41491838062304,29.370189495603995,37.064339124250296,41.044507241424135
1010,31.44190022789736,32.05728337222116,31.38332423958376,40.39320753406822,38.71177559867677,32.54483731277727,37.45047847751482,29.40084085036072,37.09651677962023,41.08302547467891
1011,31.467069505397713,32.08920507248818,31.410293024346718,40.42862578528806,38.748750975770704,32.57367545563538,37.48598582595152,29.431452021428758,37.1286929982611,41.121541236547095
1012,31.49223468469217,32.12117795085105,31.437262373605144,40.46404252560769,38.785728283496766,32.60250098140496,37.52152208316729,29.462106488145327,37.16086773354947,41.160070962199946
1013,31.517401756651438,32.15318699538528,31.464226782871783,40.49945938073724,38.82267753982351,32.63133103813882,37.557067694057935,29.49279448167381,37.1930423825613,41.198607374431454
1014,31.54258666037205,32.18523265355761,31.491200762386352,40.534877672982304,38.85960273038414,32.66016325226768,37.59260657267777,29.523495869690493,37.22521697262724,41.237175264370634
1015,31.56778311518212,32.217289321114635,31.518181963079652,40.570296428258935,38.89650746795347,32.68898507459428,37.62815984628277,29.554204779149636,37.25739052016658,41.27576274001948
1016,31.592980126887003,32.24925449868475,31.545164702765067,40.605717881296194,38.93344488086094,32.71781536048911,37.66374893321736,29.58491759479798,37.289564103841315,41.314351968058716
1017,31.618149765749674,32.281168065512816,31.572154865813726,40.64114002919294,38.97039127719746,32.74665067351076,37.699352747194865,29.615576612346207,37.321739450797935,41.35292562687264
1018,31.64330139428871,32.313003078604055,31.599152852962295,40.676560575388976,39.00729641083111,32.77545875011431,37.7349863547669,29.64623929142495,37.353915058661435,41.39145573279618
1019,31.66843561877823,32.34477292855139,31.62615300484135,40.71198181465367,39.044178528370814,32.80422196635015,37.77062973024787,29.676828481378916,37.3860895901505,41.430007248232194
1020,31.693570778725146,32.376592237343324,31.653152441135415,40.747403309797356,39.08109272325935,32.83296294003313,37.80627061933236,29.707413889334596,37.41826325960388,41.46856282915517
1021,31.71870290208566,32.408425910461055,31.680147929134215,40.78282537063594,39.1180103421109,32.86169883881795,37.84187337949065,29.737942881178412,37.45043733084729,41.50710089697294
1022,31.743830064301648,32.4402553895276,31.707138081037332,40.818249689964276,39.154914432927775,32.89045742120566,37.87746816095667,29.768415983558345,37.4826117411045,41.54561810846487
1023,31.768961125051934,32.47206269665102,31.734124756551147,40.853674627109484,39.191812342210895,32.91922456778916,37.91306739563229,29.798952138635943,37.51478625584852,41.584122693084694
1024,31.7940989773765,32.50395298671997,31.761097146492098,40.88909896256468,39.228629880917225,32.947989386161574,37.94866751029907,29.829504735215224,37.54695913132205,41.622638726361764
1025,31.819239838256678,32.535900769089785,31.78806559351909,40.92452169560639,39.265496422405285,32.97675645867968,37.98426698517032,29.860047726545332,37.57913000384274,41.661159138085615
1026,31.844385371770326,32.567860250625316,31.815043945871487,40.95994457767344,39.302400783189796,33.00553932614956,38.01987709790684,29.890465233541182,37.611300538395284,41.69966556696825
1027,31.869535045156702,32.59977698908203,31.842031203451516,40.99536707700795,39.3393480109397,33.03433496200788,38.055490800902746,29.920896655261632,37.64347108039626,41.738151108293685
1028,31.89467790716666,32.63168496341666,31.869009105944883,41.030790188202744,39.37635083529296,33.06313496218124,38.09109794113873,29.951215496713647,37.67564167319244,41.77663270175104
1029,31.91978637588202,32.66360328824672,31.895984918344116,41.06621481289152,39.41336485664951,33.0919290948114,38.126646050481746,29.981509740080533,37.70781281558175,41.81513394947732
1030,31.944899690649006,32.69556021390812,31.922955042234886,41.10164031214111,39.45035491725966,33.120740243712305,38.1621824072741,30.01175076663858,37.73998411148122,41.85364025879592
1031,31.970024539670217,32.72753081455485,31.94992458770193,41.13706751137528,39.48729991087696,33.149566474997876,38.197715660708184,30.04189946644606,37.77215315670818,41.892167014392065
1032,31.995158809675875,32.759504190732805,31.976900902078054,41.17249634067921,39.524287855404516,33.178397428464166,38.2332520916114,30.072056406040105,37.80432242941036,41.930698324669336
1033,32.027168566302336,32.79391682089579,32.009591631110126,41.20801237024076,39.56118515402699,33.21173884891562,38.26879768886178,30.105823118963933,37.83879297672553,41.96897581966316
1034,32.144568219641,32.912325681119796,32.12727729285915,41.326884658212165,39.68026188694524,33.32969780106079,38.387682395262495,30.223960693947497,37.957226162153454,42.0882457800734
1035,32.14587784115893,32.92086138652461,32.13115792145066,41.33784850079662,39.691871800172905,33.335384137030175,38.39809786790076,30.229898914495244,37.9651260032413,42.09932711031142
1036,32.167097612092576,32.951485716582134,32.15580106159903,41.37141087084751,39.726221223921776,33.36235992265587,38.431023392173245,30.257177682384597,37.994902200858874,42.133015073768405
1037,32.190309518501735,32.98431686963969,32.182516012892,41.4072372240396,39.76282943701101,33.39144195262719,38.466218240746336,30.2866259440655,38.0268689817964,42.168965895160184
1038,32.21369140181656,33.017346176198146,32.20944255711135,41.44328861623172,39.79965460270176,33.420716114563426,38.501647390716734,30.316317730549496,38.05905429600088,42.205145453468404
1039,32.23707804352116,33.05038606989808,32.23639954294251,41.47935981947928,39.83651985350541,33.45000381403013,38.537114898954336,30.346091105335024,38.09126259678734,42.24134479817609
1040,32.260476681382215,33.08340110569752,32.26336164646542,41.515431411976415,39.87339113945396,33.479269418292944,38.57261904161781,30.375887894978508,38.123473155758376,42.27754476418155
1041,32.28380204839322,33.1163444122687,32.290323901886694,41.551495301784676,39.910249123636575,33.50854406767721,38.608182767326866,30.405678583485326,38.155683630792694,42.31374377683651
1042,32.30699956235524,33.14923291224284,32.31728686955522,41.58755383719898,39.947090073445416,33.53782906878681,38.643761625889034,30.43540577728458,38.18789586415032,42.34993862782108
1043,32.33021610586833,33.18219847543927,32.34424591803941,41.62361176559726,39.98391850681341,33.56711203923103,38.67933221121447,30.465136856358093,38.22011172014903,42.3861338070558
1044,32.353465446876946,33.21519573498004,32.37120674632067,41.6596836821937,40.02077037708023,33.596382892510704,38.7148530385964,30.494855842655976,38.252329302428386,42.42232897188648
1045,32.37673912802507,33.24821015114636,32.39816156953421,41.695758963304485,40.05762150751633,33.6256576760466,38.75036582954836,30.52458196649165,38.284547166716926,42.45852385823172
1046,32.400039986075086,33.28123453736761,32.42510640799808,41.73183673342533,40.094441050318935,33.654930257906344,38.78587108639721,30.5543803604068,38.31676776001213,42.49471560381746
1047,32.423375151224754,33.31423322964855,32.452055535176186,41.767927586109806,40.1312642391233,33.68417614663197,38.8213621110719,30.584212617852646,38.34898951743874,42.53090891432125
1048,32.446723846186764,33.347284118682495,32.479006183846,41.80402384483814,40.16807855880333,33.71341842121172,38.85680302284339,30.613930505339365,38.38121254079728,42.5671024809178
1049,32.47008946338183,33.380382944299285,32.505961337357135,41.84011980222846,40.20490910381848,33.74266407608955,38.892200360935206,30.643698763395623,38.41343654379807,42.603294161391794
1050,32.49337279027686,33.41351047727526,32.5329184195287,41.87620474741203,40.24176950296109,33.771914080149585,38.92758201345184,30.673487866139197,38.44565783765757,42.63948555898545
1051,32.51666674029408,33.44664167484894,32.5598761234893,41.91228933210523,40.278635097322805,33.801189538828986,38.962964451786256,30.70322097918747,38.47787378402761,42.67567464786005
1052,32.53997416653919,33.47965708488779,32.586830811052266,41.94836683930276,40.315474056526234,33.83047454755388,38.998387686068085,30.732963864200748,38.51008892586352,42.711861060326754
1053,32.56324209239868,33.51267008471003,32.61378985782722,41.984443401474294,40.35231043933932,33.85973836244118,39.033853629756,30.76274737701383,38.54230693425134,42.74804783820813
1054,32.58645525250822,33.54568883713219,32.64073254203235,42.02050792368359,40.389134941486454,33.88898129241433,39.069349493767135,30.792613368101218,38.57452568514222,42.78423440678191
1055,32.6096483105173,33.578595651096656,32.66768505696971,42.05656005965777,40.42595122843058,33.918190439622215,39.10487469321651,30.822511693843182,38.60674395215043,42.82041809442395
1056,32.63279925857145,33.61150939497979,32.69464327498645,42.09260052992582,40.462735158176855,33.94738810902888,39.14043865651513,30.852487824893686,38.63896252652233,42.85660042485752
1057,32.65590724545111,33.64444224400343,32.72159244866741,42.12863163302501,40.499538149639534,33.9765880868642,39.17600934304562,30.88249323047743,38.671183855083314,42.89278104854152
1058,32.679022329357,33.67743433654436,32.74854128862336,42.16466544738418,40.53634762315489,34.0057955507806,39.21158134906492,30.91250513561085,38.70340612722647,42.928961641796604
1059,32.702119730168235,33.71044590689598,32.77549265325346,42.200712115966695,40.57317252340943,34.03502119835968,39.247166218123944,30.942535518335262,38.73562890131264,42.96514271983028
1060,32.72523927467563,33.74349194501015,32.80244771842828,42.23676202728104,40.61000225799328,34.06427354372821,39.28274750155537,30.972483553333245,38.76785188064556,43.00132488005248
1061,32.74837515496997,33.77656451928875,32.82940518769392,42.272817156179485,40.64682908803993,34.09355627005698,39.318308044365274,31.002410158729948,38.800072842945774,43.037507164417065
1062,32.77148492422002,33.809668753945616,32.85636394094943,42.308878611574485,40.68364903317302,34.12284870678732,39.35386714244422,31.03238354247905,38.83229395343389,43.0736878871399
1063,32.794587710910974,33.84278101010172,32.883320276494516,42.34494039154079,40.72046803072949,34.1521320969805,39.38942594448798,31.062375830248293,38.86451614528367,43.109868628059296
1064,32.81769500357316,33.875802971000006,32.91028408600326,42.38099127220038,40.75729708556126,34.181412892755695,39.42497894079176,31.092370551967683,38.896740486904335,43.14604970917587
1065,32.84079655659164,33.90873373612702,32.9372571488084,42.41704090295112,40.794130249889925,34.210697639968394,39.4605305342969,31.12234023834001,38.92896519914644,43.182231841877815
1066,32.863853765772646,33.94166779745338,32.96424139835003,42.45308627677172,40.83096374701309,34.23998682988709,39.49604089699167,31.152319158754192,38.96118915248015,43.218414489369245
1067,32.88688767742291,33.97457629528253,32.991230141783156,42.489118658524575,40.86780147382806,34.26927490242689,39.531562562319124,31.18229974578676,38.99341372743998,43.25459623043225
1068,32.90991031425838,34.00737034147007,33.01821962508489,42.52514513083428,40.90464452208203,34.298554885151475,39.5670904740341,31.212276891212582,39.02564176973464,43.29077810945738
1069,32.932916656686785,34.04012259178715,33.04521387058833,42.56116747235936,40.9414887206364,34.327833609303916,39.60261597755373,31.242230935549394,39.05787081817416,43.326958976181906
1070,32.95593199347535,34.07284592153048,33.07221308431164,42.597189741063886,40.9783578892502,34.35710152060256,39.63814175528379,31.272103172738547,39.09009908024098,43.363138821252335
1071,32.97896378711443,34.105513254481465,33.09921426236098,42.633209701786626,41.01523934146125,34.386379488884614,39.673650648006536,31.30185927784488,39.122328294536736,43.39931760994458
1072,33.001974402316606,34.13810171171392,33.12621075519338,42.66922142481272,41.05215935592391,34.415675091503594,39.709139432149186,31.331626054510554,39.154559862964376,43.43549381780928
1073,33.02491972121221,34.17070185278639,33.15319942440822,42.705231589327255,41.08910179989071,34.444976654337815,39.74465015844444,31.361420770285562,39.18679424133563,43.471667196467166
1074,33.04788886936402,34.203305576510026,33.18018821471064,42.741239909538656,41.12605060477836,34.47427775319412,39.7801716366875,31.391249337842492,39.21902987360301,43.50784211405444
1075,33.070765641165174,34.23591124332626,33.20717934732651,42.77725010863019,41.16302898663979,34.50359330264471,39.815709608721654,31.421091574870047,39.25126568833221,43.54401922454225
1076,33.093642374640375,34.268533458902034,33.23417297792169,42.813260320079266,41.200015243838855,34.53294292820791,39.85125173830187,31.4508329637806,39.28350137842006,43.580197783494356
1077,33.116542220313086,34.301130676529304,33.26117661406706,42.849260958077494,41.23699048830278,34.56230905629398,39.88678231290172,31.480618340173493,39.31573620423969,43.616376337535385
1078,33.13947304601814,34.33361195846236,33.28819355581655,42.885260911145494,41.273956373323315,34.59170215020497,39.922306884233315,31.510420954358782,39.34797113674375,43.65255162537151
1079,33.170656605756726,34.36818063903753,33.320899331100165,42.92123365172184,41.31083341251192,34.62524357926145,39.957841819209854,31.544098040079387,39.38246370482124,43.68868371922797
1080,33.287709256402486,34.486655040434655,33.43859131227484,43.04018094651364,41.42990730910943,34.74328653502072,40.076722047455554,31.662197971637596,39.50090613896934,43.80765332347898
1081,33.287949780339154,34.49341436681807,33.44208665432968,43.0509711080257,41.4413692411476,34.749038573155204,40.08762713639443,31.66764371241,39.51029994182791,43.817826037475896
1082,33.30765379767654,34.521750725270806,33.46622216376494,43.08431278720246,41.47550313238365,34.77611032280956,40.121144066469654,31.69431485287917,39.541936472346556,43.85041080167704
1083,33.32925969106901,34.55222250243933,33.49242160125307,43.11991403065494,41.511879173751666,34.805324313127585,40.1569283297505,31.723134326285027,39.57582062990318,43.885235108880366
1084,33.351022411325346,34.58290631360441,33.51882703511865,43.155739232883704,41.548438081914,34.83475839344095,40.19296707523154,31.75217214898304,39.60994509743577,43.920280462479134
1085,33.37282151673496,34.61360923876681,33.545252224351906,43.19158262074009,41.584998189443475,34.864242465860784,40.22903131190169,31.781227311319352,39.64411207711799,43.955343112568755
1086,33.39467420562634,34.64432074287942,33.57167884296935,43.22742775947346,41.62152496065834,34.89376756372431,40.265114111051126,31.810257215473783,39.67828496020473,43.99040569270715
1087,33.41653879735276,34.675076735033855,33.59810631847606,43.263274324267535,41.65805381168972,34.9233320774901,40.30120104954644,31.839301684491346,39.71242687376478,44.025461613877
1088,33.438390559191895,34.705860325736104,33.624535000083675,43.299122494303795,41.69458218356398,34.95292459012912,40.3372598516645,31.868361116591654,39.74654905664089,44.0605136874865
1089,33.460224549345256,34.736649471176875,33.65096433990529,43.33497081682079,41.731115340746726,34.982524510848975,40.373293310459026,31.897409079247495,39.78066545832399,44.095572660894646
1090,33.48211130184776,34.7674408868473,33.67739480602073,43.37081581264869,41.76764817999869,35.01211377193896,40.40933761486092,31.926464106851284,39.81475305715808,44.13063521975594
1091,33.50402769703608,34.798168036940396,33.70382614196846,43.40665844869641,41.80420597532198,35.041704613325656,40.445390844620356,31.95547345456113,39.848836232855554,44.16569958620135
1092,33.52589659118787,34.828859278304435,33.730257730663745,43.44250624830744,41.84077812211028,35.071288190119674,40.48144383161361,31.98451174236336,39.88292742301136,44.20076415934748
1093,33.54777253674254,34.8595491163603,33.75668883510151,43.478358867728836,41.87737260619398,35.100873566296976,40.517485204354124,32.01358424646674,39.91701958307809,44.235825028663314
1094,33.56963346356656,34.89016598568092,33.783119942715494,43.51421725690928,41.91398505590223,35.1304538238535,40.55352323659196,32.042667710703356,39.951095948154624,44.27088549011239
1095,33.591559108836194,34.92073664295317,33.80955099479983,43.55007672229997,41.95059792540574,35.160049263062774,40.58951538589746,32.07175460346115,39.98517551850346,44.305947005813856
1096,33.613522954446054,34.95130857652761,33.835982588103775,43.58593151983503,41.98719580703107,35.18965273360712,40.625509668299095,32.100875349592386,40.01925003956634,44.34100695567665
1097,33.63546488739595,34.981837222111444,33.862414623674525,43.6217835540957,42.02381127228778,35.21925999711706,40.661545081770974,32.13001798382756,40.0533169016005,44.37606129373396
1098,33.6573511099837,35.01233798431602,33.888846912289225,43.65764324632816,42.060430111102164,35.24883411357535,40.69759458313433,32.159210336779765,40.087359810452014,44.41112152524939
1099,33.67916053578679,35.042844736980285,33.915278637368274,43.69350787554094,42.09704515382032,35.27837427690102,40.73364415161752,32.18842470696427,40.12138385034071,44.44618917166539
1100,33.7010355726484,35.07335577193417,33.94171110965924,43.72937675134311,42.13367656623809,35.307908122297356,40.769698488626226,32.21758752764254,40.155398186861305,44.48125807013956
1101,33.72298147949769,35.10392633495259,33.96814455604143,43.76524985735663,42.17031371156175,35.33746087160765,40.805767304837204,32.24669825387797,40.18941121464498,44.51632981611967
1102,33.74495717828781,35.13454051966817,33.99457865112116,43.8011234230387,42.206942604014415,35.36703106396113,40.84188105035915,32.27579872622254,40.22342151971273,44.55140296782636
1103,33.76695108970846,35.16516361968001,34.02101301832925,43.83699030779979,42.24356663605372,35.396638123118805,40.878006653784716,32.304911688545864,40.25742920409516,44.586479987406896
1104,33.78897307886845,35.19576459559507,34.047448364854084,43.872849902042134,42.28019542151505,35.4262700960349,40.91416762420306,32.3340042285849,40.291413118019534,44.621558494853865
1105,33.810951550620786,35.226391800859574,34.07388428947951,43.90870341479617,42.31681969139338,35.45590738343947,40.95034749815843,32.36310326778557,40.32538962452315,44.656636009224236
1106,33.83300392991772,35.25707662186686,34.10031902625546,43.944556169009054,42.35345406806415,35.48555013846487,40.98654949005398,32.392210855906775,40.359350125571915,44.69171681603097
1107,33.85508739817033,35.28780034225462,34.12675317965359,43.980404740078974,42.390103923549056,35.515204002735764,41.02275761570188,32.42125176717902,40.39331231669161,44.726800212271584
1108,33.877182259767366,35.3185328829301,34.15318760044503,44.01625554207146,42.42679031506934,35.544861804729315,41.05896438061296,32.450239867273254,40.42728111472727,44.761890278875995
1109,33.89921893873403,35.34925346089521,34.179620738390675,44.052106820285275,42.463530464758804,35.57453820177044,41.09515930246808,32.47925448184947,40.46126108133815,44.79698218770472
1110,33.921301689710425,35.37999459885612,34.20605421288458,44.08795924161752,42.50028306948553,35.60422178068956,41.13132100383033,32.50828400529761,40.49524732761537,44.8320727396289
1111,33.943410286157054,35.41075544529682,34.232487836928534,44.123812409947355,42.537030899893324,35.63391371274399,41.16743017034905,32.53725799974249,40.529233438376096,44.867153889251185
1112,33.965567041557335,35.4415215636283,34.25892136120942,44.15966699567113,42.57378547930403,35.663611941793164,41.203543906058314,32.56616907584534,40.56318903118752,44.90223142490043
1113,33.98775063964634,35.47228668212772,34.28535469702452,44.195521603373024,42.61054015754972,35.693300147315206,41.23969704153488,32.595071857675705,40.597148894700375,44.93730641462576
1114,34.009946939015514,35.503043258081796,34.311787198765664,44.231368888676876,42.64727617498961,35.72299468531593,41.27587239786489,32.62399514044232,40.63111055842693,44.97238344304597
1115,34.032097038348695,35.53380092770578,34.33821939485872,44.26722157055889,42.683998466748896,35.75269269918772,41.31204919563309,32.6529075003728,40.665085835510666,45.007461944986076
1116,34.05427567496087,35.56454819558433,34.364651902242855,44.30307530916081,42.720700516388504,35.782375818713035,41.34821226862251,32.68178642541528,40.69908254740129,45.04253599285457
1117,34.07650035573714,35.59530018652747,34.39108461460237,44.3389234572202,42.75739519142087,35.812065840332764,41.38441641668673,32.710654409462016,40.73308277810991,45.077607340348884
1118,34.09874265789023,35.626083834714386,34.417516609547675,44.37477097507776,42.794112176166536,35.84175752974079,41.42063170539851,32.739543994320094,40.76706565153998,45.11268129400125
1119,34.121012926416256,35.65690137518105,34.44394871641052,44.41061706640863,42.83083772725807,35.87143065472263,41.45683620626103,32.76848046409942,40.80103975885734,45.14775739469636
1120,34.14319506585618,35.687733993074275,34.470380605760575,44.446460929770076,42.86753093762546,35.901107025482325,41.4930049740784,32.79743919704997,40.83501415691699,45.18283373490641
1121,34.165312087421135,35.7186037241793,34.49681155719176,44.48230476711366,42.90421691344599,35.93082468149889,41.52916932303941,32.8264033986965,40.86898902429027,45.21791009221735
1122,34.18743971762792,35.74951159043211,34.523241456458116,44.51814358385673,42.94089094888749,35.96055829738051,41.56530166754872,32.85535685442569,40.902953335866584,45.252986719663234
1123,34.20951021217692,35.78043933002977,34.549670619154575,44.5539809059133,42.9775601040729,35.990285738888176,41.60143315792577,32.884375546254155,40.9368999890881,45.288051156731335
1124,34.231604029158824,35.81137195784272,34.57610001189931,44.589808468455836,43.014237014447055,36.02001910362417,41.637533170812745,32.913424461620984,40.970838457074386,45.323117537463276
1125,34.2537228789582,35.84230176944704,34.60252837193881,44.62564323971514,43.05094000234575,36.049746501827826,41.67359414924609,32.94247953052563,41.004776761031756,45.35819004797937
1126,34.28455018926371,35.87636534967359,34.63502020121252,44.66146190190114,43.087568069569464,36.08338539199308,41.7096085387368,32.97588832934435,41.039817415029155,45.39359467412164
1127,34.40145321514758,35.9946276089243,34.75262232506303,44.78038762571829,43.206607110091895,36.20146928141805,41.82856166437661,33.09387558040377,41.15849004526362,45.51242017265694
1128,34.401660916445884,36.00155509779289,34.75652245259193,44.7914546085829,43.21639856556217,36.20726048516256,41.839792822448906,33.100452354156516,41.16716887523253,45.52288791792983
1129,34.42135854241621,36.030147396261725,34.78120721920293,44.825140013934146,43.24850844693752,36.23438526129633,41.87363095799455,33.128541943033206,41.19790669515809,45.55583972678953
1130,34.4429845540336,36.06092117198264,34.80797644739539,44.86108905788589,43.28285052933447,36.263642523816074,41.90972973005088,33.15881396913227,41.23084549036764,45.59103981061878
1131,34.46481127924683,36.09188220835829,34.834957330455666,44.89726980601815,43.317415192798485,36.293131239684975,41.94607389356185,33.18929777565673,41.26401514633802,45.626462498300384
1132,34.48667257057348,36.12284904108219,34.86196812051058,44.93346909486881,43.351999521805524,36.32264563140083,41.98247031340029,33.219792590306334,41.29721055009589,45.661908948202694
1133,34.508510512088776,36.153806768243925,34.88898691313605,44.969675873372694,43.38658470321211,36.35214572804934,42.01891955882738,33.25026758731915,41.33040962626269,45.69736006223645
1134,34.530341865519084,36.18473217441038,34.91598257064402,45.00589335325425,43.42116789826437,36.38165250341872,42.05541066800855,33.280733652428545,41.36360932103509,45.732815031223154
1135,34.552103483385125,36.21564417201368,34.94296805169227,45.04211253651331,43.45574721905055,36.411188854082354,42.09195597238205,33.3111822113997,41.39680612248189,45.768272810882955
1136,34.57387903289842,36.246511634994995,34.96994208484045,45.078326536295826,43.49032673622521,36.440736367581195,42.12850914733223,33.34161499190294,41.43000261830742,45.80373079598765
1137,34.595626042190716,36.27738122166749,34.996919897415474,45.11454461873781,43.52490481825347,36.470275468531334,42.16499626912424,33.37213602573231,41.463206978424104,45.83918367054319
1138,34.61733676870417,36.30823854431373,35.02389236229573,45.15076326783057,43.559484353499656,36.499808867446866,42.2014121778814,33.40268011706463,41.49643094071972,45.87463563717649
1139,34.63906245386423,36.33906186453968,35.05086399885639,45.18697619516939,43.59407132404979,36.52934100428776,42.237774704595665,33.43322224542195,41.52967675604705,45.91008615397493
1140,34.660803303712335,36.36988868293106,35.07783399432372,45.22316905611139,43.62867184331646,36.55884925736608,42.27410185339533,33.46375463079787,41.56292796979304,45.9455372488101
1141,34.682444778959244,36.40072758049813,35.10479893735194,45.259368730915185,43.66327852752035,36.58834717609406,42.3104711457533,33.49428571158749,41.59618615389156,45.980988255050406
1142,34.70406960111769,36.431534545611676,35.13176709248469,45.295579762466886,43.697885885806336,36.61783272918304,42.346850546866165,33.52483484599648,41.62945941475315,46.016438966089225
1143,34.72570572200753,36.46234878346929,35.158737310429956,45.33179488408462,43.7324908096529,36.64727061484067,42.38321493348306,33.555392329865,41.66274260759035,46.051890029111355
1144,34.74731362097735,36.49316595432801,35.18570664621444,45.36801428135501,43.76708232753575,36.676700497244774,42.41959840871768,33.58593169791632,41.69603820230096,46.08734005803768
1145,34.76893186806106,36.52393987724993,35.212675610498806,45.404234106766076,43.801666383414045,36.706147631526534,42.45598717608022,33.61646702627838,41.72933702789399,46.122791696919904
1146,34.79051808772324,36.554710720136384,35.23963681528458,45.44044510703492,43.836250196800684,36.735603354281004,42.49237016738597,33.647020492339166,41.7626247330461,46.15824344867144
1147,34.8121053349173,36.58546453637325,35.26661325631441,45.476650394368775,43.87083812135057,36.76506109672395,42.528737196516374,33.67759351657289,41.79590101618218,46.19369084729662
1148,34.833697177382675,36.616239216803386,35.293596076234664,45.5128556894226,43.90542943964451,36.79449971529691,42.56507396199147,33.708173697191235,41.829180186880265,46.2291365637711
1149,34.85527769288148,36.64701937044713,35.32057794579578,45.54906263522223,43.94003005575372,36.82392918919537,42.601423952829194,33.73876000507423,41.8624537294398,46.264583231065565
1150,34.87677315092067,36.67779737475106,35.347572491524225,45.58527355798379,43.97463352394212,36.85335713764786,42.63777298474303,33.7693499407627,41.895727242557165,46.300031200374065
1151,34.89825360446633,36.70853978844223,35.37458064204495,45.62150120827521,44.009241708027545,36.88277428887984,42.67407210470234,33.799931506816556,41.928998575949954,46.335478565559434
1152,34.91967277426077,36.739259996584174,35.40159594557617,45.65773822936963,44.04386056750763,36.912189240522686,42.710350402506926,33.83056197437725,41.962289408744944,46.37092643003355
1153,34.94114236926878,36.76996562012571,35.42862126992645,45.693976899923506,44.07848170561235,36.94160707389732,42.74663008944517,33.86124358459433,41.99559030971099,46.40637536531499
1154,34.96262612972223,36.800703425755685,35.455652145890696,45.730214461371595,44.11310113950823,36.97103501057372,42.78290590340808,33.89193995900259,42.028892450190604,46.44182483314429
1155,34.984115805419044,36.83147305686588,35.482667523370466,45.76644418731491,44.14772045601329,37.000448069356345,42.819184264713,33.922658389917714,42.062194208177885,46.477277412083644
1156,35.00565791437312,36.86225082053891,35.50969101513814,45.8026588280003,44.1823350185949,37.0298321087467,42.85546394135789,33.95339571378672,42.09550566855437,46.51273481805544
1157,35.02723145966401,36.89301698741084,35.53671925261581,45.83886951657482,44.21694198757799,37.05920665184497,42.891734409762385,33.98403158396766,42.12881909736415,46.5481954176777
1158,35.04878075216543,36.923716148109506,35.56374210803693,45.87507296103677,44.251544346506854,37.08858227145715,42.92800498180588,34.01465710781633,42.16212218393453,46.58365698545016
1159,35.07028925107727,36.95438755748566,35.59075471109805,45.911279492068026,44.286156313968306,37.11795090853427,42.964270900227916,34.045301630444854,42.195421283040346,46.61912033994635
1160,35.09177750156209,36.985062206286635,35.61775946383306,45.94747614761653,44.32077068250622,37.147319151335914,43.000553059094,34.07602725764562,42.2287085115495,46.65458397113731
1161,35.1132552566379,37.01570078321681,35.64475631178874,45.98367388787264,44.355381593864784,37.176691569856324,43.036843645795194,34.10685027280352,42.26202030541457,46.6900441224694
1162,35.134761568542864,37.04636795061797,35.67175392694492,46.01987262163046,44.38999486883463,37.206009771502686,43.07315626110708,34.13769990379769,42.2953394514017,46.72550252239895
1163,35.15627904720165,37.07708881545591,35.698748978316665,46.05607273515105,44.42461213875955,37.235305160336736,43.109469357594726,34.16857790897822,42.32863674493147,46.760957664480216
1164,35.177816725009116,37.107832545922065,35.72574506920218,46.092285559569696,44.4592296329475,37.26458512016362,43.14573304976435,34.19947117723857,42.36192961454332,46.796415592505646
1165,35.19937067469476,37.138621858575085,35.75274016628077,46.128510098393576,44.493847470392765,37.29388602658226,43.182015429367645,34.23030822173942,42.39523104481649,46.83187777087068
1166,35.22094131014047,37.169444447051326,35.779736975694476,46.16474482745706,44.528466270125904,37.32320681768541,43.218307365049995,34.261109514047156,42.428536299980024,46.86734273695926
1167,35.242359471730175,37.200291871710725,35.8067313146647,46.20098313839132,44.56308907849798,37.352533334247774,43.25459987168537,34.29192910441803,42.46183174703722,46.90280825745178
1168,35.263792089998425,37.23116085977758,35.83372884478369,46.237230698773665,44.59771536097946,37.38185174870097,43.29090396828616,34.32283199951366,42.495120788690954,46.93827438689573
1169,35.28520619069132,37.26203581213022,35.86072877771181,46.27348866633796,44.63234204353552,37.41116331174159,43.32728297915423,34.35376507769251,42.528413810978655,46.97374167866653
1170,35.306657821509944,37.29289666863134,35.88772087416346,46.30975068110792,44.6669677997298,37.440480340599116,43.363697235869864,34.384660069101,42.56170244282168,47.0092137078589
1171,35.328047094485385,37.32377073583271,35.914716074301055,46.346012858589994,44.701590354506514,37.46979832431858,43.40014391013769,34.41556412527949,42.594986206862295,47.04468687219571
1172,35.349453735687966,37.3546792485293,35.94171821089613,46.38227280433968,44.736211140221094,37.49911969670035,43.43659800193504,34.44648289388033,42.62827280430579,47.08015642962575
1173,35.370862857093364,37.385601523482926,35.96872907975965,46.41853283059714,44.77084479746331,37.52843104382788,43.47303676601569,34.47734049624681,42.66155991252933,47.11562723370019
1174,35.40144379928313,37.419628681268115,36.001432170795496,46.454741168975644,44.806111497386716,37.56193635153193,43.50936422494347,34.51138116481587,42.69639106340886,47.151156625588584
1175,35.518243350558386,37.53787564309345,36.11912302458611,46.57372144745975,44.9248790669101,37.67996413632318,43.628361180304466,34.629633801170435,42.81497570233382,47.270034525737266
1176,35.51831463405868,37.544403727086895,36.12245821847528,46.58508039571557,44.93564444926633,37.68586192848629,43.63937187024473,34.63630741965907,42.824018687829614,47.27937125084552
1177,35.537721258960225,37.57246408393222,36.14638285381049,46.61910693627452,44.96893087459135,37.71310872831601,43.67298592788893,34.66459455926952,42.85521434545643,47.310930567912585
1178,35.5590253870108,37.60269239594476,36.17236528920669,46.65539387991472,45.00444943256855,37.74249763009413,43.708832499325155,34.69507879009404,42.88863189204941,47.34470834442372
1179,35.580527464993644,37.63316662266007,36.198551322469655,46.691900615133186,45.04018597235812,37.77208423969372,43.744896441931026,34.72579940120293,42.92228522331999,47.378702391411146
1180,35.60208620562075,37.66366844130752,36.22475761624276,46.72842182828018,45.075967188883126,37.801682945029526,43.78098990757371,34.756577510755676,42.955979084526724,47.41271720004798
1181,35.62350623509103,37.69415638298729,36.250966550469435,46.76493229315915,45.111765277361364,37.831290718824434,43.817086241333534,34.7873698266048,42.989679398799595,47.446746979310205
1182,35.64494910694922,37.724649168369965,36.27717622733089,46.801434970302275,45.14756365528739,37.86090195672381,43.85318163748148,34.81814364551281,43.02339174814454,47.480780659962036
1183,35.66638639484397,37.7550833184659,36.30338303560579,46.837940304885464,45.18333395844325,37.89050915269217,43.88929285713141,34.84892136161136,43.057117787681435,47.514803453769574
1184,35.68785575615201,37.78551571162827,36.32959142168934,46.87445623459504,45.21910107781483,37.92009266754149,43.92540345770956,34.879774115351424,43.0908573569146,47.54883210690784
1185,35.70927014209151,37.81597471751904,36.355801354176634,46.91097600888123,45.254868470723636,37.949661983658835,43.9614603759836,34.91065629083304,43.12460260197179,47.58286299945498
1186,35.73066515294359,37.846444346660505,36.382008140332246,46.947495582473444,45.290638649867525,37.979218471665085,43.997498380988525,34.9415338253559,43.15834853870123,47.616888734464155
1187,35.75201489451141,37.87690349487089,36.40821553721477,46.984013749139244,45.32641293645185,38.008756883275694,44.03350143544545,34.972431875229944,43.192103904087084,47.65093488211987
1188,35.77337177290543,37.90738690389824,36.434420037473025,47.02051618528412,45.36219333022072,38.038299550724254,44.06951771307001,35.00329182238995,43.22588670211459,47.68499464965422
1189,35.79473435012417,37.93787885695525,36.460624733202835,47.05702626144987,45.3980019159253,38.06785233322058,44.105536154413926,35.03413885196468,43.259685055998084,47.71905627609675
1190,35.81605923623877,37.96835530657524,36.4868289371269,47.09353818678332,45.43382607889407,38.097406952215145,44.141539643444666,35.06488060710568,43.29348570211895,47.75310065349979
1191,35.83747445093057,37.998834195158544,36.51303002239891,47.13003487163179,45.46965938086219,38.12695280462242,44.177540139362314,35.09569796531807,43.32730263447675,47.787131497057494
1192,35.858925391221234,38.02931360934182,36.539233377514265,47.166542779075826,45.50549416749252,38.15651986029315,44.21354627573604,35.12656157194073,43.361126571297426,47.821170102812346
1193,35.88037352437716,38.05978737237762,36.5654381445014,47.20305737984309,45.54132048141601,38.186094782377246,44.24952481078518,35.157434382997636,43.394934835099576,47.85521022968518
1194,35.901839292966685,38.090245074826335,36.59164306607169,47.23958142190354,45.577128574434404,38.215681982445595,44.28550986260396,35.188199271317394,43.42874312379017,47.88923452139348
1195,35.92335230956386,38.12068142864864,36.617847894747634,47.27610593289579,45.612928221439496,38.24527972853838,44.321499854829796,35.21898298897751,43.46254708146325,47.92324824777522
1196,35.94491810386735,38.15107994827999,36.644052382353536,47.312610500440414,45.648729496076506,38.27488172298364,44.35751460200757,35.24980828152598,43.49633363491798,47.95724235030837
1197,35.966512340122314,38.18146109954053,36.670256497125166,47.34911508779092,45.684526544570154,38.3044571893192,44.39353912381549,35.2806484093931,43.530112455976045,47.99123701241696
1198,35.98813326193706,38.21181211393624,36.696460304066356,47.38562280329776,45.720306951877454,38.334038674871046,44.42955190094007,35.31151705261153,43.56387820430242,48.02523064987842
1199,36.00978970628112,38.242188703386745,36.722664887444274,47.422132773789286,45.75608782517901,38.363622218015806,44.46555889997378,35.34240965229934,43.597635119593576,48.05920543750314
1200,36.031472106755,38.27257713596493,36.74887142446478,47.45864093878565,45.791876742916905,38.39320104253184,44.501545822841074,35.3732656954043,43.63137141585339,48.093185454549804
1201,36.05318662856281,38.30297924101293,36.775078978507246,47.49514354775596,45.82767930805362,38.42278362634844,44.53753512325738,35.40409598928348,43.665087136141935,48.127167119607385
1202,36.074933614674165,38.33339985058155,36.80128520678914,47.5316371297509,45.86350103802364,38.45237053783253,44.57350832798404,35.43494784246584,43.69879334820835,48.1611472635992
1203,36.09662732444726,38.363853364423036,36.82749315451225,47.56811307195572,45.899343933903246,38.48198916518469,44.609451858233825,35.46575855365653,43.73249913200504,48.19512352019678
1204,36.11835842643066,38.394319620938404,36.853701885263284,47.60457000342599,45.93519135554849,38.51162216313499,44.64536255095719,35.49651298081557,43.76620565856222,48.229113651828825
1205,36.13998968739312,38.42478677358979,36.87990990320219,47.64103981447823,45.97103168332107,38.541268369703744,44.68126109180395,35.527291208997866,43.799928814159394,48.263127333246686
1206,36.16166177637866,38.45525038272239,36.90611834803213,47.67751961583812,46.006852041078254,38.57093283239048,44.71717561416515,35.5580868691453,43.83365742955023,48.29715222522015
1207,36.183374960449925,38.48570953189313,36.93232534489579,47.71400052258197,46.04267020404936,38.60060292551037,44.75309410998633,35.58881399435897,43.86738503595217,48.33118379245556
1208,36.20511165704092,38.516169076390824,36.958531852674554,47.75047780399713,46.078501125801026,38.630277273665115,44.78899217249081,35.61952936092886,43.901113394400774,48.36521609625377
1209,36.226812109265616,38.54664469897237,36.98473936497542,47.78695089902206,46.114333525558735,38.65995827935595,44.82486552362694,35.65012096183352,43.934812346566716,48.399246593029474
1210,36.2484475827372,38.57708190435033,37.01094624371486,47.82342588724341,46.15016703390387,38.689641516782615,44.86073942176953,35.68073484846378,43.96849871415946,48.43329011171705
1211,36.27006805479258,38.607511037291886,37.03715073344242,47.859899963254136,46.1860278105545,38.71930746838081,44.89662000262963,35.71135050647157,44.00215026120891,48.467340360287466
1212,36.291675999719054,38.63792742338018,37.063353677824466,47.896354549136746,46.22189408522757,38.74897404760875,44.93250641861315,35.74195060043098,44.0357794559111,48.50140299182282
1213,36.313277373207164,38.66834551551979,37.08955519483486,47.932815918619276,46.25775211453439,38.77863488940036,44.968413271722284,35.772515557416384,44.069397336632,48.535503297706875
1214,36.33491789609194,38.69873238958054,37.11575564950927,47.96928085793305,46.293635790947995,38.80829681500115,45.0043389523704,35.802960026929014,44.10300614597911,48.569622041792115
1215,36.3566188887838,38.72912384240187,37.14195548458318,48.00574460677688,46.32952609082986,38.8379621394378,45.04026746542272,35.833458623526674,44.13661018614476,48.60375064490899
1216,36.378363777723145,38.759515148120904,37.168153048519706,48.042195019223485,46.365419517748386,38.867634285319276,45.07621908205121,35.863985949666166,44.170194803062415,48.637886874488615
1217,36.4001301658331,38.78992644894621,37.194350380239925,48.078658503723105,46.40131303624392,38.89728400150741,45.11218278015363,35.894544512600454,44.203777920978936,48.67202342452538
1218,36.42185477690585,38.820364138307404,37.22054606807321,48.1151248438269,46.43718046902578,38.926935808153644,45.14814628070332,35.92511707487227,44.237364855257226,48.70612739018436
1219,36.44356319190645,38.850844347327474,37.246742460932964,48.15158055744444,46.473038410516494,38.9565837844155,45.18410223702518,35.95558315216601,44.27094571194408,48.740234047025034
1220,36.46513905905993,38.88136888438077,37.27293670975032,48.18803914103975,46.508870383508274,38.98624025298965,45.22008207792311,35.9860525658341,44.30452958743662,48.774343586293995
1221,36.48674432677045,38.91190540322155,37.29913123592607,48.22450283037403,46.54470609668815,39.01591499451488,45.25607207290327,36.016484997067224,44.33812883510779,48.80845041956222
1222,36.508404192919485,38.94242882242805,37.325324044993636,48.26097877461406,46.5805509580038,39.045596257627764,45.292083140986904,36.0468862899853,44.37173235128774,48.84256441537834
1223,36.539046438168945,38.97634841598422,37.357730827834125,48.29739471825993,46.61637556201611,39.07922747659209,45.32807023938264,36.080753240561826,44.4066665031514,48.87766532990653
1224,36.655871736729274,39.09455020083337,37.47529723218268,48.41640406148146,46.735302117688946,39.197308144112654,45.44701954426915,36.19893291535952,44.52529440248969,48.99636326956392
1225,36.655826304330475,39.10124550070609,37.478634171705444,48.42757597475443,46.74627935463895,39.204289695081904,45.45866046928112,36.20548551680771,44.53359768312155,49.005310657647435
1226,36.675131210601556,39.12950489734977,37.50256404483001,48.46138114692026,46.779876638537,39.23296509460191,45.49305341547419,36.23358308256008,44.56387695608681,49.03636957455986
1227,36.6963405007703,39.15992802996483,37.5285539935687,48.497450230315614,46.815772323818415,39.26384561258789,45.52976208927369,36.263838977619095,44.5963609140727,49.069640648752724
1228,36.71771054536118,39.1905937535182,37.55475121518392,48.533749500276436,46.85189429194172,39.29492939031263,45.56672575550561,36.29439276067338,44.62907034596744,49.10315284358042
1229,36.73908503477575,39.22128567308002,37.58096829720894,48.57006999713998,46.88803355195378,39.32602252233967,45.6037224305268,36.32499479395161,44.66180550155271,49.13670992283895
1230,36.760460891474594,39.251967535726685,37.607186588662216,48.60640426738878,46.924184142587826,39.35712385240472,45.64073124120152,36.35558717422176,44.694543172057465,49.17029428335103
1231,36.781837417076964,39.28265009751098,37.63340464304568,48.64274733630398,46.96033566666578,39.38825369255821,45.67778520856244,36.38617292710781,44.72727606521153,49.20388469310459
1232,36.80322395441084,39.313378532086375,37.65962336242466,48.67910310157959,46.996459447345536,39.419391011961736,45.714846768716754,36.41680223614741,44.76000915793862,49.23745528549644
1233,36.82464308545003,39.34414581230303,37.685843398662,48.715464656793095,47.03255372813643,39.45052243054046,45.751862829568566,36.44751159459897,44.7927401518974,49.2710250935077
1234,36.84598089991668,39.3749235357676,37.712063868918456,48.75182536750712,47.068637700188084,39.48167246527906,45.78889225868812,36.4782691548467,44.82546891530674,49.304571528429896
1235,36.86731726161045,39.40565929540045,37.738284048180745,48.78816877991103,47.10472834611781,39.51282876676408,45.825946695387564,36.50909602099348,44.85819454680472,49.338125455011586
1236,36.88862666760282,39.436392857015065,37.76450444913156,48.82450910083846,47.140819043708625,39.5439231718565,45.863040773946224,36.540005437492226,44.89091922466495,49.37168641189931
1237,36.90997866816651,39.46712971975633,37.790724022866584,48.86086084884185,47.17689115896252,39.57502072968322,45.900134439145035,36.57095392051173,44.92364872864446,49.40524757140437
1238,36.93135215094566,39.497867645590645,37.816943114494784,48.897218315680334,47.21293540298713,39.60608394511684,45.93715086217897,36.60190890022541,44.9563798054358,49.4387843819928
1239,36.952733093004625,39.52858964616251,37.84316300091337,48.93357476748014,47.24898119937201,39.637151338747366,45.97417675217235,36.632857841118344,44.989108259420725,49.4723365122242
1240,36.97413554914902,39.55927440190053,37.86938220392061,48.96991527891663,47.28505663484657,39.66820490220147,46.01120059251605,36.66375374927921,45.021836657489395,49.505892638324426
1241,36.995476028520166,39.58999166540309,37.89560198904844,49.006255760446024,47.32114067589948,39.699279268353926,46.04823964926115,36.69465597282709,45.054570267975656,49.53941699805049
1242,37.01677875959785,39.620735682094804,37.92182214434649,49.04259018501974,47.35722132574449,39.730372072615744,46.085304524036005,36.72550205233052,45.08730936587018,49.5729062066556
1243,37.038077077685955,39.65148659510001,37.94804199044367,49.078917268948615,47.393287937163784,39.76146943621594,46.12239089139523,36.756286915290225,45.120050346234564,49.606398556317586
1244,37.059426654390265,39.6822281512161,37.974262268039084,49.115245203313144,47.42935946634299,39.7926050442692,46.15950550365558,36.78710256527203,45.152791460694544,49.63989251027876
1245,37.08079582009886,39.712934537657475,38.00048269416603,49.151574919256724,47.46543515412527,39.82378472992627,46.19662184846546,36.81793214289269,45.18552805772089,49.67336787563585
1246,37.10216202259461,39.743645115595776,38.02670261023202,49.18790611422947,47.50148842348284,39.85497479385709,46.233686665932495,36.8487138512906,45.218256040540815,49.70684278614446
1247,37.123552105668,39.77432911150754,38.05292094349375,49.224236404485445,47.5375420301898,39.88613208121569,46.27071635505434,36.87939178938836,45.25098447098623,49.74030175432095
1248,37.144886366044176,39.80502718586793,38.079138796234666,49.26055310647349,47.573591414167325,39.9172504196028,46.307771479588666,36.91000780808472,45.28372046516084,49.77376002025336
1249,37.16613795849345,39.83575748733569,38.10535710322832,49.296865718639175,47.60961963786013,39.948384496957566,46.34484896439917,36.940611442964155,45.31645940124432,49.80725356429125
1250,37.187409543411114,39.86649652373216,38.131573631443004,49.3331751561872,47.64566105998747,39.979553950290686,46.3819302564128,36.97107900555315,45.34919850216255,49.840758282290366
1251,37.20864985565564,39.897233670375705,38.157789611494636,49.369490398559655,47.68171003185548,40.010751513927076,46.41901539912251,37.00148214997018,45.38193560987798,49.874281985030066
1252,37.22980288385292,39.927973961714926,38.18400523160005,49.40580676929422,47.71774451413472,40.041974375201804,46.45610733887629,37.03185284284375,45.41467233054871,49.90781318776627
1253,37.25094982980979,39.958694004085665,38.210221130662056,49.44212422681247,47.75376874032745,40.073216296257364,46.49321869911645,37.06222424344912,45.44741169197074,49.94135831641554
1254,37.2720079176199,39.989386556792894,38.23643746016395,49.47844319518073,47.789818024860786,40.10447924023981,46.530335354772646,37.09268911375851,45.48015520643798,49.974907036233674
1255,37.292988764085216,40.0200704276126,38.262653719174786,49.51476162913806,47.8258747189837,40.13574859826518,46.56747987883662,37.12318634327709,45.51290597457806,50.008424424155066
1256,37.31395932828918,40.05074889592445,38.28886809678458,49.55107139682548,47.8619154915195,40.16700006856284,46.604631275343976,37.15366643922461,45.54565941049561,50.04192390799955
1257,37.334871094165194,40.08145463703896,38.31508120862734,49.58737838647145,47.89797170715376,40.19824720910568,46.6417635196117,37.18414775326458,45.57841302898808,50.07543101971871
1258,37.35576822117442,40.1121662584511,38.34129480263361,49.62368314104612,47.93403436607043,40.22946348482853,46.67885727014465,37.214634472470095,45.61116378899251,50.10894993320616
1259,37.37667791918895,40.14285506720325,38.36750994186624,49.65998703705796,47.970101427527354,40.260662277822966,46.71594736237548,37.24518162953032,45.643908475421895,50.14247866185951
1260,37.39756367719092,40.17355970326657,38.39372578300021,49.69628853602263,48.00617118939974,40.29186658387508,46.752995188309775,37.27574713566604,45.67664817767532,50.17600946300655
1261,37.41844824325219,40.20427174872532,38.41994134335463,49.73259780982684,48.042241405120976,40.32303198693124,46.79003404154697,37.30631679919806,45.70938121865331,50.209527121385975
1262,37.43936940215337,40.234980228273066,38.44615769314793,49.76891277367462,48.0783100818217,40.354238008515566,46.82707343733596,37.336901603363366,45.74211081841561,50.243038909686895
1263,37.460178214279004,40.2656952839914,38.47237440945975,49.805228424960454,48.1143560522965,40.38547007522916,46.86410840001691,37.36750224200819,45.774841235044924,50.276540585533674
1264,37.481006610930564,40.29644880105687,38.498590566611504,49.84154635029119,48.15036635898426,40.41670647213122,46.90114767357811,37.398107336324976,45.80757809649134,50.3100458048293
1265,37.50164083421992,40.32723599454705,38.524806301460295,49.877865691477545,48.18639678280902,40.44793613667266,46.938167920956666,37.42870740730723,45.84031706629468,50.34354072357071
1266,37.52228378756697,40.3580353495371,38.55102210072548,49.91417948581838,48.22244150687552,40.47913070663169,46.975172035765844,37.45930917307428,45.873054545824445,50.37702618085821
1267,37.54291425825493,40.38884750200199,38.57723715631048,49.950482630200625,48.258490755143,40.510353263975475,47.0121496740116,37.48991378327263,45.905794478401845,50.41052014063289
1268,37.563480851007995,40.41966445058077,38.60345197840589,49.98676911955347,48.294540555891594,40.54160772808149,47.04908494282115,37.52052989492991,45.93853510155349,50.44403151575112
1269,37.58384404588849,40.450482125643894,38.62966796225419,50.02305181245779,48.330588108169906,40.57286834315268,47.08598936999005,37.55115505568969,45.971269487429204,50.477548691290245
1270,37.604179897310324,40.48128504121656,38.65588457293966,50.05933696304248,48.36662147026174,40.604134458221786,47.122875129006104,37.581796572730724,46.00401232155031,50.51107010620919
1271,37.624546288524975,40.512065207095034,38.68210147182513,50.09562143646275,48.40266658182198,40.6354525766035,47.159769832703624,37.61242120943083,46.03675792915129,50.54459249691639
1272,37.64489193080105,40.542818134916196,38.70831704691692,50.13189700988836,48.43871288241353,40.66681441626717,47.196742757549345,37.64308033139421,46.06950041613449,50.578102553113595
1273,37.67504562873963,40.57680824288346,38.74073173736171,50.16812546897145,48.4747096282126,40.70102146945894,47.23363133892348,37.67705812428163,46.10415674097067,50.61300577331347
1274,37.79166573742939,40.695039643785265,38.85830146290408,50.28710856435419,48.59366028373558,40.81934398735503,47.352706851426966,37.7952843528499,46.22266795295742,50.731620681352965
1275,37.79030452687845,40.70181923719494,38.86321838703023,50.29896204222369,48.60527636957013,40.82697823356855,47.364719899709016,37.8025989126553,46.23035028199314,50.74156916345611
1276,37.80769048979147,40.73016129062728,38.88921577984195,50.33358843255633,48.63966464897041,40.856434166843826,47.39952288387305,37.83169524915783,46.259852384103006,50.77388500877142
1277,37.82690645117959,40.76064380825677,38.91729560653774,50.370482017378045,48.67630995331642,40.88805786230662,47.43654775765253,37.86300023160061,46.29153624888244,50.80843410781656
1278,37.846290140030675,40.7913177527934,38.94556805998732,50.40761650812893,48.71312465995843,40.91989742846085,47.47380996453827,37.89457226508855,46.32343860154932,50.8432058637679
1279,37.86564705692897,40.822005544827284,38.97385579946192,50.44480390855714,48.749937392169215,40.95179000150695,47.51111137542525,37.92618843742525,46.35536304201131,50.87800082540542
1280,37.88502875834579,40.85271531692959,39.00212533304165,50.482000020944696,48.78671979623902,40.98369517551976,47.54841675602155,37.95780986074977,46.38728951583594,50.912802940685154
1281,37.9044018822976,40.88343429502937,39.030389703430416,50.51920437340869,48.82351187853304,41.01558682376165,47.585722391857686,37.98938558521997,46.41921609025173,50.94761328194311
1282,37.92359629953665,40.91410512309994,39.05861888791247,50.55641033813152,48.860316863204176,41.047499380788224,47.623024070115434,38.021019208127356,46.45114268364208,50.98243159449109
1283,37.942757076787025,40.94474860679494,39.08683850042669,50.59360405413631,48.89712115752025,41.07941651501347,47.660275395962096,38.052672289849376,46.48306933297402,51.01725723373019
1284,37.96194040734231,40.97536674722437,39.11505465873247,50.63079892187597,48.93388665641416,41.11130669365359,47.69747819925937,38.08417849003838,46.514995264860595,51.0520845569846
1285,37.98115673241962,41.00596811128669,39.143267753558746,50.6679875142994,48.9706519194247,41.14320211773655,47.73468434004,38.11565345018907,46.54692058977371,51.08691102117695
1286,38.00034536906489,41.036562199112375,39.17145830272724,50.705153351985174,49.00743791024495,41.17514915684952,47.77189339415777,38.147128765725824,46.57884566645742,51.12173632744258
1287,38.01946195946236,41.067127975729676,39.19964032686404,50.74230072310451,49.0442326605172,41.20711473420692,47.8090755806048,38.17856405287737,46.610770472969755,51.156553936155724
1288,38.03836070871312,41.097701013567864,39.22783089081734,50.779454643642026,49.08103441525495,41.23903647986153,47.84624600016641,38.21000426710906,46.64269534310125,51.19137474725938
1289,38.05723235655148,41.12828501324851,39.25602595120644,50.81661404472996,49.11785877831827,41.27098204964806,47.88339734200484,38.2413535476103,46.674619729500094,51.22619826589676
1290,38.076098589414165,41.15887107985465,39.2841931177364,50.85377300886266,49.1547057197994,41.302952811065424,47.9205010149658,38.272665144831,46.70654411698772,51.261022263001664
1291,38.0950303595027,41.18944680587127,39.312348988113214,50.890924115723124,49.191555981927884,41.33493018782045,47.95762655082652,38.30397921780367,46.7384684141638,51.295853452643236
1292,38.113803572392975,41.220034891530645,39.34050744790935,50.92807482918755,49.22839469216793,41.36690335836284,47.99476676696586,38.33528151533302,46.77039297300252,51.33069014273816
1293,38.1325767418246,41.250628864046234,39.368699691393644,50.96520519065547,49.26525454330509,41.39888578711981,48.03190749239243,38.366581167457355,46.80231796883328,51.3655325476491
1294,38.15143142569597,41.28117258510365,39.39690796444618,51.00233339914971,49.30213102953835,41.4308418608874,48.069029330779834,38.39792096070027,46.83424308498585,51.40037653164941
1295,38.17009609669005,41.311743179291845,39.42510537392973,51.03946246283994,49.339017656085225,41.46276330761733,48.106165487578295,38.4292765741398,46.86616824149085,51.43522014009483
1296,38.18867561595759,41.34233215931474,39.45331006782377,51.076595448068716,49.3759210146562,41.49463888410037,48.143306928260046,38.460595267972266,46.89809341797049,51.47005989957952
1297,38.207196002330996,41.37292598872867,39.48151435088769,51.11373468094334,49.41283502321731,41.526515927060515,48.18043014777229,38.49188166236256,46.93001858930166,51.50489481632922
1298,38.22575612965594,41.40355240697013,39.509746940376104,51.15087414457371,49.44975084784998,41.55842311208816,48.21754027230756,38.5231796277392,46.961943590970364,51.5397283572089
1299,38.24429288246239,41.43419166183763,39.53798947786617,51.1880099849061,49.486665517181706,41.59040333158067,48.25462276389509,38.55448160749726,46.99386909869604,51.57456415488724
1300,38.26280300610822,41.46481352323207,39.56623279690573,51.22514711880056,49.52361138570598,41.622404077363974,48.2916242669956,38.58573326853725,47.02579487664568,51.60940041004729
1301,38.281352696765765,41.49544098967186,39.59447512324494,51.2622884470175,49.560568178361315,41.654392486489485,48.328613475597805,38.61698773103297,47.05772076767714,51.64423761206877
1302,38.29992490743103,41.526064324717666,39.62274571064567,51.29942271787398,49.597521900360974,41.68635972698288,48.36560281246636,38.64824235720578,47.08964668796844,51.679081031787625
1303,38.31852637962192,41.556700928313354,39.65102932729503,51.33654138779377,49.63446402548599,41.718333387984316,48.40257399424715,38.67954292692582,47.121572978379845,51.71392705085396
1304,38.3371058061809,41.5873421468074,39.67930044792103,51.373655765195245,49.671380842122375,41.750302276259866,48.439560172816726,38.71085724804825,47.153499645841,51.74877308086348
1305,38.35574659275353,41.61797870837055,39.70757680854709,51.41078689414328,49.7083095332148,41.782246002158494,48.476562602225854,38.74208011573802,47.1854263530801,51.78361468420653
1306,38.3743415044032,41.648606135024465,39.73584079526982,51.447918826382384,49.7452458337643,41.81420482581754,48.513564877589786,38.773265693751426,47.21735323287171,51.818456049850234
1307,38.39272990420408,41.679237703077355,39.764106995295194,51.48501670933454,49.78219589435577,41.846152181260905,48.55052846008487,38.804467294477384,47.24928024626008,51.853292823505086
1308,38.411121668173074,41.70986750546,39.79236174834351,51.52211651125227,49.81914960484477,41.87809105205448,48.58748308975676,38.835685785840326,47.281207340328116,51.88812615731949
1309,38.429527097682495,41.74050923513557,39.82060156215453,51.55921999999559,49.856082646674345,41.909995769078435,48.624442789238294,38.86686336845725,47.31313452610823,51.92295737346767
1310,38.447915833512894,41.77117394442506,39.84881376008386,51.59633064303654,49.89300574550345,41.94187945670408,48.661365526560836,38.898038453474285,47.345061146057674,51.95779103603633
1311,38.46618469010235,41.80184581644049,39.87703522004659,51.63344279698105,49.92990496793146,41.97377040103912,48.69828790624644,38.929217744085854,47.37698791177655,51.992628004667736
1312,38.484392501622956,41.83251309883507,39.90524351190774,51.67054735957038,49.96679822536162,42.00566389677986,48.735189113249,38.96043848795721,47.40891473045474,52.027465918214844
1313,38.50255523789723,41.86315626716247,39.9334569149138,51.70762060451805,50.003670964639774,42.03752903570592,48.77205671297346,38.99167370931668,47.44084079801735,52.06230369799918
1314,38.52073785202722,41.89382793567383,39.961667546842996,51.74467208923528,50.04053602194351,42.0693986345092,48.80892677340002,39.02285743598851,47.47276681622168,52.09714113017282
1315,38.53895080734787,41.92450994764903,39.98988743485086,51.781710026866094,50.07739975165534,42.101191140832924,48.845782689734634,39.05409951902885,47.50469310293585,52.13197416158249
1316,38.55715640728237,41.95518487554206,40.018112534064294,51.818736392567146,50.11426554324579,42.13293418995017,48.88267889528562,39.08540324207858,47.53661948127518,52.16680828692649
1317,38.57518715752809,41.98589183260344,40.046310780466285,51.85575389047621,50.1511217703707,42.16466540099923,48.919584554918494,39.11672271829417,47.568545014493736,52.20164240298344
1318,38.59317078307192,42.01661012768035,40.07450478437793,51.89273634780214,50.187942226418095,42.19641843540141,48.956489028607585,39.1480329546151,47.60047097113477,52.23647291936367
1319,38.611204275775414,42.04733472214809,40.10267318327901,51.92970895910736,50.224748490055575,42.228178404996775,48.993408674559625,39.17925740994152,47.632397667623586,52.27130336074353
1320,38.629192617147005,42.07806169409453,40.13082277013182,51.96667620866742,50.26154367418363,42.25992934926285,49.0303275884152,39.210436037595564,47.664324585319655,52.30613647534368
1321,38.647186066505654,42.108786110769444,40.1589740924476,52.00365759973289,50.29832765972911,42.29167407178322,49.06720038954241,39.24162552568167,47.69625150978275,52.34096982384435
1322,38.66519225311527,42.13948285179439,40.18711195092872,52.04064151110555,50.335096131104564,42.32341019264958,49.104028707293914,39.27283175060227,47.728178016606066,52.375802834357486
1323,38.68324038772693,42.17015376151014,40.215228969956634,52.07764233956583,50.37186627136361,42.35513442162679,49.140900528656104,39.304043811603044,47.76010422704453,52.41063573074589
1324,38.71241792327519,42.20411330061038,40.248308055952954,52.114544020108234,50.40853614163415,42.3894603172257,49.17769181645576,39.338185483063626,47.79449498280709,52.445963625139036
1325,38.828628043761015,42.32233186258804,40.36615682762696,52.23362136649528,50.527581034583136,42.50783274893279,49.29675370785883,39.456480540632626,47.912894655782914,52.56475689633971
1326,38.82661447117393,42.32902558186527,40.37025576035995,52.24553516446579,50.53832319218158,42.51585271134458,49.308871004618624,39.46355223570707,47.91988303695699,52.57523377821847
1327,38.843101995902806,42.35732515942887,40.395182249101474,52.28023181080958,50.571609078779225,42.545779773901565,49.34385057840922,39.49227494140618,47.94852098391776,52.60819554536365
1328,38.861417218995214,42.38778005363566,40.42219472917763,52.31720734005719,50.60714209265019,42.577906679457726,49.381067169035234,39.52317747615044,47.97932921371408,52.643405956288596
1329,38.87991337675351,42.41843286407873,40.449415521708175,52.354383566907266,50.642905118061144,42.610282269002,49.41847978349135,39.55434468922938,48.01035184845521,52.67884119880148
1330,38.89843503307045,42.44913540393467,40.47665282625543,52.39158833072647,50.67870080694338,42.64268888063178,49.45590367546776,39.585544045078414,48.04139037593762,52.71429877220449
1331,38.916963829603965,42.47985300668712,40.50389015868246,52.4288080777284,50.71449936855306,42.675097012509994,49.49332000792617,39.61676403838068,48.072428510770834,52.74975839503184
1332,38.93550076162822,42.51053696357536,40.53112851731981,52.466030177385036,50.750281495540676,42.70746167479223,49.53072491259429,39.64799629848701,48.10346885956144,52.785218137881145
1333,38.954028790132064,42.54121490034572,40.55836836734426,52.50324914126978,50.7860550031098,42.7398321891816,49.568070515833234,39.679118181522774,48.134509920427135,52.82067784758752
1334,38.97244074071175,42.571928743650396,40.58561631965521,52.54047028892958,50.821843201473854,42.77220346625309,49.60541604534432,39.7102736766664,48.16554268117805,52.8561373327753
1335,38.99077219139763,42.60265722263739,40.61286719418478,52.577710281794076,50.85764932648384,42.804564168138114,49.64279015859148,39.741441639899726,48.19657354820048,52.89159680764928
1336,39.00912963111317,42.633389122002164,40.64011663873462,52.614957400339236,50.89345913853736,42.8368512448664,49.680200142836924,39.772537964946295,48.227613084815296,52.927056419025575
1337,39.02742309867843,42.664143399035815,40.66735991573559,52.65220215402589,50.92927438554875,42.869161273462254,49.71764299306063,39.80360431543705,48.258668310613224,52.962516243232386
1338,39.045791751787384,42.694920527262134,40.69459095252129,52.689428976842116,50.96509270238275,42.901502788977,49.75509700254431,39.83471903274369,48.289731387878334,52.99797630987494
1339,39.06431207440223,42.72571924093863,40.721825002896175,52.726657624213374,51.000906118830684,42.93386631417536,49.79255608693912,39.86588470622693,48.3208002735967,53.03343642435904
1340,39.08297885209222,42.75655451480895,40.7490634086584,52.76389147800722,51.036705952243835,42.966234874399056,49.83003882371857,39.89706384148643,48.35187627762137,53.06889643721268
1341,39.10171240640322,42.787430329111345,40.776314712464185,52.80113104149363,51.07251389499305,42.998603421411396,49.867529919062164,39.92820680483834,48.38296243469695,53.10435642916879
1342,39.120478580237595,42.81832399461787,40.80357865976042,52.838370676875805,51.10832376703122,43.03097631120039,49.90507990569938,39.95931026506208,48.41405166463099,53.13981594076335
1343,39.139288069082426,42.84922150974696,40.83084656034855,52.87562112134323,51.14414180094107,43.06336186429826,49.94266711795092,39.990407990484684,48.44513783109605,53.175275389269395
1344,39.15811769364838,42.88010289312955,40.85811207246687,52.91287490393121,51.17996184633459,43.09571462402248,49.98027329987652,40.02153052560423,48.4762168610018,53.21073481382961
1345,39.17696600556042,42.91099433625922,40.8853836003349,52.95011204455471,51.21576821920781,43.12806289165628,50.01790471227464,40.05266646550471,48.5073004553774,53.246194022673436
1346,39.19585347691692,42.94186026906544,40.9126632038542,52.987338318471146,51.251579879217566,43.16042598656266,50.05554037644698,40.08380660156854,48.53838613598065,53.28165325704371
1347,39.21477472976604,42.972649150366415,40.939945774058785,53.02456445866007,51.28739719432598,43.192790338632356,50.09315836193423,40.114879341854575,48.569463701052754,53.317112587379874
1348,39.23366503976082,43.003440868398854,40.96723462118672,53.06180468625157,51.32322470500416,43.22514244202552,50.130811384200214,40.14596076553098,48.60055164436381,53.352571910421716
1349,39.25254648401333,43.03423403087713,40.994527747416164,53.099058045205894,51.359065458685485,43.25747806938432,50.16849801341017,40.17707703221556,48.63164255412561,53.388031047624885
1350,39.271201239702236,43.065010089878086,41.02182218994237,53.13631319710893,51.39490734390544,43.28979501649815,50.206189000115224,40.20829033440733,48.662733474630386,53.42349030933451
1351,39.28980104380352,43.09581397998275,41.0491184985263,53.17355746626866,51.43073330675909,43.322100499626586,50.243869515787644,40.23956537152233,48.693820493119546,53.45894994809097
1352,39.30840135509848,43.12663703401194,41.07641947479337,53.210791864040345,51.46657207052142,43.354409996599756,50.28155055713319,40.27085299413543,48.72491062928637,53.49441000608897
1353,39.32702191986521,43.15746367693031,41.10370879135624,53.2480255546405,51.502413077480966,43.386704710270266,50.319233077803425,40.30208074296977,48.75600265047673,53.529870140429594
1354,39.345647341555555,43.18828255814014,41.130982954628266,53.285259276261556,51.53824308679212,43.419005877276376,50.356905059953014,40.33331872349938,48.787096311788375,53.56532993198575
1355,39.364338854029526,43.21910328212363,41.15825814953589,53.322503724612375,51.57405916608653,43.451275988625206,50.39454497722744,40.36455414699095,48.81818030599522,53.60078976766157
1356,39.38309028534305,43.24987601369938,41.18553181903229,53.35975102552402,51.60987197319715,43.4835764431353,50.43214916164542,40.395775780268195,48.849265209158816,53.63625007294559
1357,39.40187428563641,43.28060107501439,41.21280696865487,53.39698961623819,51.64568533016455,43.51588651524605,50.469748730112435,40.426953352016845,48.88035032000294,53.67171049563916
1358,39.42060058218066,43.31129117934078,41.240096114038074,53.43419892393497,51.68148325830356,43.548207794011745,50.50734553575243,40.4581082333701,48.9114362409832,53.70717079940438
1359,39.43935363633101,43.34198409913787,41.26739279263689,53.471401633807616,51.717279325673275,43.58053341495115,50.54497835516063,40.489261963351645,48.94250479275853,53.74263096020506
1360,39.45809036116299,43.372706190057066,41.29467636335452,53.50862539541218,51.75307735611574,43.612815296099136,50.5826188578862,40.520421768191014,48.97357277341325,53.77809126283772
1361,39.47675900704576,43.40345399046251,41.321955919838175,53.545864913797075,51.78885793065044,43.64506656749854,50.62021795500118,40.551505490959585,49.00464308087286,53.81355158063318
1362,39.495336044737016,43.434209548844755,41.34924105155708,53.58311808171601,51.82459684265177,43.67732050054539,50.657815883103176,40.58256429996957,49.03571429333927,53.84901192407933
1363,39.513901383494265,43.464959334179035,41.37652222427358,53.62037246605491,51.860304681346896,43.709585197744474,50.6954218805748,40.61355931117862,49.066768790222554,53.88447228817525
1364,39.53255298282628,43.495699955193615,41.403796919778216,53.6576200395982,51.89601248787844,43.741853455916484,50.7330293860082,40.644560963642824,49.0978242157146,53.919932463809666
1365,39.5512507192253,43.52645426304039,41.43107536359681,53.694874497229485,51.93172208946158,43.77409716753827,50.77066577682777,40.675557072365805,49.12888031124996,53.95539269898907
1366,39.56987918610758,43.557212196020124,41.45835630317904,53.732128746539175,51.967429259440514,43.80626335464231,50.808324829325144,40.706541220423475,49.159948830087345,53.990853039268764
1367,39.588458084123076,43.5879599447777,41.48562915045483,53.7693822948762,52.00313062645837,43.838423457537964,50.84601496927603,40.73750657074506,49.19103061794909,54.02631338292654
1368,39.607040272367314,43.61869091326454,41.51290372596363,53.8066459451709,52.03882898487399,43.87053003688324,50.88372942724528,40.768458824912265,49.22211620425449,54.06177361663977
1369,39.62561063329042,43.64947842350066,41.54016052790242,53.843914555927064,52.07449688752915,43.90263670850284,50.92147177840979,40.79945121093469,49.25320212452796,54.09723360475849
1370,39.64406914803288,43.68028272534895,41.56741834608097,53.881184211799464,52.11015578383342,43.93471781754619,50.9592571734232,40.83047362061354,49.284282184527356,54.132693335596734
1371,39.66251924459602,43.711083462434395,41.59467010147322,53.91846831314274,52.14582136231413,43.966804495776714,50.99706118902021,40.86149830283301,49.315379853705835,54.16815281195724
1372,39.68099470248168,43.741892689282494,41.62192105830688,53.95575549064061,52.18149859414796,43.998886423509354,51.03487069894956,40.892518783306826,49.346492932004914,54.20361207234373
1373,39.69948114457867,43.7726960033031,41.64917551012623,53.99304235003043,52.217182221634694,44.03092912317849,51.07269080335221,40.9235543138431,49.37760932491781,54.23907107633563
1374,39.7180015739554,43.80348077134069,41.676443506509706,54.03033151465519,52.252876313004215,44.06299638510135,51.110521080142966,40.954594945409546,49.4087249529318,54.274530158050624
1375,39.73644663645878,43.8342334228439,41.703726959320356,54.06763211718932,52.28857471357835,44.095102833228154,51.1483516334001,40.985565551053014,49.43983361793366,54.30998926058723
1376,39.76576072488532,43.86822783245715,41.736528226783726,54.10480818634356,52.32426448426099,44.12955525138355,51.185993590967506,41.01960952141588,49.47395109053742,54.34551465590159
1377,39.88202819758002,43.986461040050266,41.854260314673894,54.223923947136264,52.443172163267676,44.24798082256437,51.30517457613805,41.13786354452384,49.59223598458655,54.46439087748917
1378,39.880220662028464,43.99311928414526,41.85889583111736,54.23613059927244,52.454544336816944,44.254914661547645,51.317988923242936,41.144116650472974,49.598900593607006,54.475961142040475
1379,39.89701639216779,44.02131077396192,41.88453048747218,54.2712165392122,52.48860829412279,44.28348545387601,51.35374163013192,41.171805769948556,49.62712798000172,54.51025265953155
1380,39.9156526419611,44.05164366129964,41.91224589270491,54.30858777135299,52.52495273558605,44.31423839509327,51.39181352163677,41.20163054215437,49.65750622336672,54.546821005941624
1381,39.93451406955813,44.08217125255329,41.94015755514162,54.34619847727569,52.561512655929796,44.345195750404386,51.430145161202155,41.23164572429246,49.68809673214408,54.58363560238668
1382,39.953425589668136,44.112733690395494,41.968084350261826,54.38384750463653,52.59810058841879,44.37616415201684,51.46849402430615,41.261682411378736,49.71871430507161,54.620485751386354
1383,39.9723598201641,44.14330600863583,41.996011427598646,54.42151252161927,52.63469222610754,44.40711420359754,51.50680515681751,41.29172526158013,49.74934250354557,54.65733969208604
1384,39.99120777031787,44.17386280396823,42.02394087175428,54.45917986940174,52.67128435503049,44.438092720604466,51.54511606282928,41.321755107532475,49.77997379948375,54.69418995475452
1385,40.01009616142958,44.204417764505976,42.05186871747671,54.49684966763928,52.70787863805915,44.46908800132108,51.583424066906524,41.35179216636027,49.810589016224746,54.731021772636495
1386,40.028860469189354,44.234975373134745,42.07981125570852,54.534521475827624,52.74446397001315,44.50009882956277,51.62177471698477,41.38178030417767,49.84121016487987,54.76785769986088
1387,40.04756363860586,44.26552820515674,42.107771283109464,54.57218586327858,52.78101595771925,44.53111557701438,51.66013218517826,41.41177288605142,49.87183452134249,54.80469434603131
1388,40.06627824300053,44.29606644995427,42.13573959167567,54.609853956667,52.81757842768734,44.56209666206285,51.69845082482761,41.441727941190955,49.90245236175388,54.84152780244905
1389,40.08500397081937,44.326557208269726,42.163715148747585,54.64752897633684,52.854146229583996,44.593097082411376,51.736730329721645,41.47168584351083,49.933063114278745,54.878373959818354
1390,40.10374337342556,44.357050754694264,42.191694594737974,54.685207577678334,52.89071942621608,44.62412547279152,51.77501934953404,41.501643801557016,49.96366658206674,54.915223416659614
1391,40.1224809951758,44.38755990658147,42.21966082841638,54.7228990867885,52.927292570184,44.65516793365365,51.813355481363864,41.531582702233244,49.994247643371786,54.95206875107325
1392,40.14114674173189,44.41807345013911,42.247613136848926,54.760602902524575,52.96385090191437,44.68621682178337,51.851698588968,41.56149729778951,50.024818416895,54.98892147034426
1393,40.159830769935844,44.448571993096444,42.275536566298676,54.79830895795255,53.00041751887434,44.71726728831831,51.89001796069928,41.591371802212656,50.05539536617944,55.02578106267564
1394,40.17852239539387,44.479075952436745,42.303460821379026,54.836013398608486,53.036989815363064,44.748336614316365,51.92832725577243,41.62124012184556,50.085978234737,55.06264620854754
1395,40.197076593926276,44.509589938449814,42.33138505932276,54.87371554840985,53.07356515427853,44.77941766275404,51.96663662970476,41.651044847790615,50.11653902769227,55.09952123967325
1396,40.21555008199413,44.540111888907525,42.35930052363696,54.911396145262124,53.11013796427095,44.81049599617495,52.00496917435566,41.680777601920774,50.147097187781256,55.136398760017755
1397,40.23395226753028,44.57063741120435,42.387217063835195,54.949074978031426,53.14667582305425,44.84153466644956,52.04330669132938,41.71045824185849,50.177660069598645,55.173275272399145
1398,40.252392700708164,44.60110463092531,42.41512218609777,54.98675637837948,53.18321836952414,44.87257679712879,52.08162950136082,41.74017031988285,50.208228622895405,55.21014629291756
1399,40.27085526655659,44.63156307990393,42.44300638116343,55.02444685955023,53.219766911211764,44.903623681836606,52.11991904565671,41.76993100879999,50.238798981293165,55.24700344192283
1400,40.28929397036933,44.66203083811503,42.470896223310575,55.06213895881869,53.256289291228626,44.93466862422142,52.15823523878078,41.79971965858534,50.26936675498826,55.2838514575609
1401,40.3077924927499,44.692497210688764,42.498787819111996,55.09985262582133,53.29278609615631,44.96572370417615,52.1965553931366,41.82953185554667,50.299914572110765,55.32068572205976
1402,40.32639324424975,44.722950369076166,42.52668127982945,55.137573604134616,53.32928283538118,44.9967591794273,52.234855147808005,41.85937784831307,50.330458788039365,55.35750797244473
1403,40.34506264994167,44.75341435728602,42.55458125051405,55.17528799664073,53.365781003255364,45.027788856537526,52.27315691270171,41.88925678571272,50.36099986344617,55.3943335265204
1404,40.363669869338935,44.78388267688023,42.58244694311274,55.213003437559735,53.402262090049454,45.05879766900024,52.31145019270439,41.91917836374468,50.391536764068746,55.431160935834434
1405,40.38235286375857,44.814336998352985,42.61031316214455,55.2507191569019,53.438733962825225,45.08981758308371,52.34967426691621,41.94911705240555,50.422075968053534,55.46798036542114
1406,40.40091905511678,44.84479390472427,42.638179154813535,55.28840908028556,53.475189164842405,45.120839438177725,52.38786859176684,41.9790758261425,50.45262043759237,55.504794475111474
1407,40.41954604725626,44.875220002254565,42.66604722104762,55.32612883748903,53.511641548760494,45.15185786076935,52.42606024652841,42.00904358603193,50.48317337590888,55.54160687401258
1408,40.43814721396233,44.90562623887399,42.693936904479905,55.363854728612914,53.54808730221146,45.18286372018283,52.46425713218151,42.038980500373775,50.513737602166486,55.578419482206904
1409,40.45676467088599,44.93601596282486,42.721844552543175,55.401565804729785,53.584510107799176,45.21386806681828,52.50247262404944,42.06892071357985,50.54430563921409,55.615236042567616
1410,40.47541115720515,44.966438022006166,42.74977056519909,55.43925552434128,53.620933185453985,45.24487987150913,52.540693352863705,42.09884732931722,50.57486966103442,55.65206389635047
1411,40.494046586109114,44.996884886750685,42.777704679217045,55.47692378944634,53.65736531880959,45.275895619843276,52.57890176843751,42.128778363509234,50.605442452466086,55.6888932851563
1412,40.51272395256409,45.027337432450366,42.80561924272827,55.51458166758846,53.69379749019687,45.30691822757745,52.61703280344206,42.15866428096165,50.6360275577776,55.725709684232044
1413,40.531330162700115,45.05777040364218,42.83353561257849,55.5522054626825,53.73021969796168,45.33795388893507,52.65512880301795,42.188551801509654,50.66661729665523,55.762523923413085
1414,40.54997400697847,45.088160552160154,42.861452621734365,55.589850766798165,53.766633809861915,45.36899120561826,52.69318760014023,42.21843273588087,50.697210507805,55.79933813250812
1415,40.56874948663324,45.11854940524762,42.88936662362244,55.62751371863842,53.80303839186578,45.40005669128753,52.73125418874738,42.248286652457054,50.72780531599843,55.83615601744245
1416,40.58760505145494,45.14895726308286,42.91727935699107,55.66517837511618,53.839442870487076,45.431133184184965,52.76934520486532,42.27815243876734,50.75838848190658,55.8729754861281
1417,40.606503055983055,45.17937011910148,42.945201962192776,55.70283589394535,53.87584771998596,45.46220980788082,52.80743460982786,42.30793099766826,50.788973875072536,55.90979231913715
1418,40.625310663436665,45.20977739076927,42.973134062898815,55.74049189084893,53.912251444637995,45.49329990259967,52.84546755076472,42.33775003071594,50.81956080596599,55.946616530439314
1419,40.644090987165995,45.24019289744747,43.001076593273844,55.77812707488272,53.948638796124996,45.524393201361995,52.883490806433656,42.36758434056914,50.85014524979941,55.983439677008455
1420,40.6628785772839,45.27059024114259,43.02902582514095,55.81576426703904,53.985026257561216,45.55546856089097,52.92151568296868,42.39742111466351,50.8807100969694,56.02023476928369
1421,40.681643880912546,45.30098491077152,43.05697722380318,55.853397715880405,54.02140405182542,45.586584026202146,52.95953872919136,42.427225633535556,50.91126946862396,56.05702485909383
1422,40.70047714391101,45.33136187869788,43.084921742675235,55.891030225658504,54.05780355997208,45.61772148121012,52.9975840205584,42.4569849264546,50.94183172651938,56.09381529264941
1423,40.71921691102936,45.361736798307504,43.1128589180507,55.92864535733169,54.094218825357196,45.64886538378306,53.03562867692849,42.48674898818025,50.97239635571591,56.13059103947029
1424,40.737974942609114,45.39209535965064,43.14079559213565,55.96623571193501,54.13063985041285,45.68001156360454,53.07363818452717,42.516566490194954,51.002968439462954,56.16736143156321
1425,40.75674052091269,45.42243493725579,43.16871354741761,56.00383024092816,54.1670609437964,45.711147490705386,53.111659207898875,42.546403302803284,51.033542936890896,56.2041150454555
1426,40.77551837198593,45.452785471245676,43.196626344669795,56.04142732254505,54.203472672393154,45.742303670841835,53.14968520273556,42.576230123475455,51.06411964596329,56.24085495399543
1427,40.79434639786138,45.48314949738177,43.22454103543709,56.07904773506546,54.23987992433121,45.773463616221804,53.187694585050174,42.60606397711973,51.0947094981919,56.277588831901866
1428,40.813256722705226,45.51348296752437,43.25245678003229,56.11667419972994,54.27631860526699,45.8046065639948,53.22568291804163,42.63590088480838,51.12530387255606,56.31432150133264
1429,40.84274527935188,45.54734350541954,43.285478457103615,56.15413966968419,54.31270529212613,45.838724396279666,53.26346054050541,42.66957860300605,51.159245751931905,56.350960087430835
1430,40.959086028699026,45.66552048689107,43.403303117029125,56.273295946588895,54.43171053939752,45.95700944139486,53.382660518761455,42.78767880020463,51.27745689682531,56.47000060059569
1431,40.95687053858617,45.67144514249336,43.40825928264729,56.285966986771854,54.4434836491929,45.9644484089649,53.39466456393345,42.79281323840955,51.28341349965524,56.481518261601636
1432,40.97305667613218,45.69871299004973,43.434306501892166,56.321578961500535,54.47797891795963,45.993626396290495,53.429502428722245,42.81908736503093,51.31076211685089,56.51574787191023
1433,40.991107040697194,45.72811851804419,43.46246575055088,56.35945676006799,54.51475021610124,46.02495504130517,53.466661227708265,42.84747139320065,51.340242435743995,56.55225543547546
1434,41.00942896623189,45.75773801672313,43.49083235448951,56.397580747869846,54.55173444632691,46.05652927260323,53.50404301677114,42.87605290301743,51.36992088395171,56.58897905630119
1435,41.02781920744808,45.7873742478927,43.51921736701765,56.435750108197496,54.58874746890247,46.088133537976425,53.54145151687454,42.904646879720374,51.399614039566146,56.62572444229015
1436,41.04622144239583,45.816999170085616,43.54760426238457,56.473924116046746,54.62577134223122,46.11969176588198,53.57886288019682,42.93325135087819,51.4292802486728,56.66247220837242
1437,41.06463235956627,45.84662225340496,43.5759875845839,56.512086902761254,54.66279549256383,46.15125263680159,53.61626371033962,42.96186175884992,51.45894853326418,56.699217032009045
1438,41.08296661069717,45.87624645279727,43.604363817167275,56.55024646853619,54.699816341712896,46.182798952692984,53.653659247225974,42.990493152121495,51.48862586681239,56.735949249402545
1439,41.101344484489445,45.9058764988883,43.63275071919552,56.58840247150427,54.73685735772094,46.21434860113384,53.6910352892298,43.019138954428875,51.51832264688387,56.772689515087585
1440,41.11965628256913,45.93550861828876,43.66113772577413,56.626542124207845,54.773902605565276,46.245904227187545,53.72843392902348,43.04777485375528,51.54803572404187,56.80943040859845
1441,41.13797319527429,45.96514393167861,43.68953120870013,56.664680228453314,54.810938862273595,46.27745227759049,53.765850355560424,43.07640652037405,51.577752634064474,56.84616014263935
1442,41.156331138232375,45.994786348284585,43.717934619909826,56.7028181771929,54.84796025558044,46.308986534984726,53.803284147206405,43.10504215603216,51.60746975342231,56.88289430642086
1443,41.17462979444228,46.02444491765371,43.74634474971479,56.74095178668418,54.88496350221793,46.34054506495448,53.84074624390762,43.13366379144859,51.63718111227184,56.9196279229572
1444,41.192894822291464,46.05412665090153,43.774762784766374,56.779107342870574,54.92194992733675,46.37211247442572,53.87821464133752,43.16230256572128,51.666868001643984,56.95634661875092
1445,41.21122183498241,46.08381552120696,43.80318922856397,56.81730989409454,54.958952675024655,46.403656241958124,53.915695020501694,43.19097309129876,51.69655568387029,56.99306686371128
1446,41.22939458801369,46.1134985773524,43.83161827622725,56.85553056166032,54.99598113196998,46.43517927622073,53.95317935408112,43.21970718125699,51.72623375744743,57.02979219055097
1447,41.247485590654584,46.143187648150175,43.860047281231076,56.893752412456145,55.03301495169552,46.46670381708873,53.990654055631666,43.24847761213006,51.75590653264924,57.066519216403954
1448,41.26558352075427,46.17290565076488,43.88844445460135,56.93199376213413,55.07003772605175,46.49817648274264,54.02812895264288,43.27725427798057,51.7855663822091,57.10326008077142
1449,41.28365358575928,46.20265061120825,43.916814311257404,56.9702398602206,55.10704087901291,46.52965583738617,54.06560123281726,43.30602650163123,51.81525212660729,57.14000620633241
1450,41.30171350437662,46.232403796073214,43.94519664384064,57.00847034605871,55.14398807557884,46.56115161704985,54.10308494728247,43.33477106160875,51.844949523260794,57.17675712823166
1451,41.3197655814392,46.26215993180922,43.97360160384323,57.04669296577836,55.180914371137405,46.59266661531442,54.14057360826925,43.36352005211566,51.87465700346935,57.213508943764204
1452,41.33778258175456,46.29193620168048,44.00201966417269,57.08488001730986,55.217832625355996,46.62418465963662,54.17804191721007,43.3922810512476,51.90437937299689,57.250256437399905
1453,41.35584252006443,46.32172086145354,44.03044259143779,57.12302498404612,55.25474280530385,46.6557100460507,54.215495399712665,43.42104517749198,51.934119799299346,57.287001888564355
1454,41.3739349345375,46.351488230661694,44.05887347956052,57.16116008321727,55.29167417946405,46.68723841034042,54.25296575040128,43.44979598363062,51.963872768015115,57.32374731954452
1455,41.39205697667556,46.38124989735286,44.08731054993143,57.19930762810821,55.328626496178664,46.71874416450963,54.290438722298774,43.4785195620876,51.99362910474337,57.360490860356364
1456,41.40998781175486,46.41101183312419,44.11575876101909,57.23746149141183,55.365582604601784,46.7501952061335,54.32788659214913,43.50722907717208,52.02339082520837,57.39722929126957
1457,41.427956420678704,46.44078078452417,44.14421494676798,57.275641574161334,55.402528205864336,46.78163001920518,54.365324477771544,43.5359376643894,52.05315850225521,57.43397204044192
1458,41.445961784888006,46.4705301364285,44.17262638785338,57.31385341739466,55.43946962575808,46.81306626913388,54.40276475370429,43.564651151435605,52.08293455753579,57.47071412338415
1459,41.46399128582803,46.50026801125095,44.20102323982081,57.35210576647178,55.47640852464938,46.8445025856187,54.44023498730485,43.593367212340574,52.11271836433098,57.507438844900676
1460,41.48204443449797,46.530008955212395,44.22942263441417,57.39036492261734,55.5133354650109,46.875924892968634,54.4777610977528,43.62209791829241,52.1425147119094,57.54415612195316
1461,41.50012206421471,46.559751659546286,44.257815121118,57.428632828582316,55.55023644780871,46.90732123228341,54.51532564369417,43.65086302064612,52.1723153222254,57.580864998415464
1462,41.51815070063865,46.589488649856406,44.28622691983604,57.46690635086511,55.58714066555962,46.93866407404331,54.55292758813856,43.679639647977666,52.202119619681994,57.617585028209
1463,41.536199531643796,46.61920748564311,44.31464758287891,57.50515927317549,55.62405038121203,46.96998370282975,54.5905361404854,43.70841797288573,52.23192879265808,57.65430784996596
1464,41.554278870050176,46.64891881040074,44.34306815686142,57.543417152075136,55.66098074086533,47.00128644334733,54.62813903319359,43.737183739952236,52.26174202845024,57.69102204680313
1465,41.572418298927495,46.67862464011823,44.37150490385009,57.581682502909636,55.69792069306062,47.03260482048895,54.6657440386651,43.765905500110314,52.29150572939291,57.7277318228306
1466,41.59062668663327,46.70831080691366,44.39994592924378,57.61994175690028,55.734860859948135,47.06393156242189,54.703358848863424,43.79463306438559,52.32126661184856,57.76445078907525
1467,41.6089120301628,46.73797253663272,44.42838254393161,57.658189432122676,55.771791518556924,47.095252389528724,54.740977740121465,43.82333664727358,52.35102594376048,57.80117119605955
1468,41.627256264678806,46.7676420102708,44.45681733978591,57.696440414321906,55.808766111287916,47.12655002023193,54.77857967808395,43.85201047411853,52.38078777086385,57.837883954072
1469,41.64565425979842,46.797320979934085,44.48520960676207,57.73469056726447,55.84576567748691,47.15786486404808,54.8161726194576,43.88060979356659,52.41054973946676,57.874583903214415
1470,41.664106062351955,46.827002912515205,44.513626472940004,57.77297619415664,55.882766552503014,47.18918508315562,54.853771897463076,43.909200817815126,52.440333580502106,57.91127747225459
1471,41.68258740119651,46.85668562109432,44.542065965253194,57.81126937345156,55.91976784680845,47.22050595278181,54.891368476810065,43.93779664518717,52.470128735253354,57.94797148004318
1472,41.70111717701181,46.88635928907946,44.570513169730695,57.84956218700511,55.95678358769662,47.251813579936204,54.9289247093231,43.96638701529457,52.49992548538134,57.98466520055628
1473,41.719677970793605,46.91600527018137,44.59893754344309,57.88785556668865,55.99383306187092,47.28312803434171,54.96647348308746,43.994980558145656,52.52972342211535,58.021345864634334
1474,41.73825129594864,46.94563238267678,44.62734958513897,57.92614207057026,56.03090000036808,47.31443885993064,55.00401801779784,44.02355664825555,52.559494968467256,58.058025212694574
1475,41.75681980633141,46.975247635802305,44.65574081385476,57.964415754082545,56.06796868198425,47.34573478237909,55.041586731915245,44.05213394752039,52.58926135595069,58.09471136749494
1476,41.775438541623345,47.0048586666726,44.68409743442933,58.002689647621764,56.10503071210612,47.376999366678724,55.07915389926233,44.08072781499555,52.61902308657626,58.13140414956948
1477,41.7940129692085,47.03447288648693,44.71244871871276,58.04094509123239,56.14211085171312,47.40821832575025,55.11665836190272,44.10936084514398,52.64878848364537,58.16810602188817
1478,41.81263775196717,47.06409694430995,44.740809276129966,58.07921031293567,56.17919458581232,47.43944600899385,55.15417608312116,44.13800802642742,52.67855529374242,58.204814730169126
1479,41.831323598629396,47.09372886952187,44.76917213450025,58.11747677065329,56.21626369733466,47.470681745316256,55.19173650516805,44.16665066715804,52.70830942410556,58.24152429044771
1480,41.85005836357443,47.123363803931284,44.79754033519061,58.15573834106437,56.25335059688722,47.50197094790853,55.22930827501525,44.19525942360657,52.73804132062126,58.27823693864804
1481,41.86884645628524,47.15298320557144,44.825915717548725,58.19401397729048,56.290440980145135,47.533326789546976,55.266875763485594,44.22387557338764,52.76776143317173,58.31495084442541
1482,41.88768556540417,47.1826061712682,44.854289729110974,58.23229241791658,56.3275161579765,47.56473280690575,55.304397083866355,44.25252511295157,52.79750899490151,58.35165169194802
1483,41.91720083938541,47.21621755797502,44.88747629239245,58.27034661640249,56.36447181312459,47.59895554166998,55.34174731382563,44.28580932186208,52.83117253243251,58.38825879247553
1484,42.033552810013084,47.33428989594744,45.00537020452622,58.38958531530163,56.48355671595643,47.71728464582651,55.46088745713104,44.403744245160055,52.949266773751084,58.50729489766049
1485,42.0327586390146,47.339837662295174,45.00998380996001,58.40319963930733,56.494303278801624,47.725430693650424,55.4732828551915,44.40964608453122,52.956157934718796,58.5191792567842
1486,42.05102285947743,47.366626838134266,45.035576088588535,58.43996014642394,56.52758124471519,47.75556779180171,55.50858768696691,44.43692731076464,52.98466454062724,58.55386459159417
1487,42.071131338440225,47.395540243391046,45.06327625119663,58.4790347483979,56.5631409016251,47.7879059050486,55.54615667615869,44.4663655758134,53.01532707593324,58.59084081462228
1488,42.091393424696776,47.424661947435126,45.09120551281528,58.518319014544986,56.598932920983664,47.82051959447232,55.583963700010045,44.496017867250956,53.04619924426538,58.62805066111889
1489,42.111586470512,47.45379873972075,45.11917016716787,58.55760916396576,56.63474847817948,47.85317426567941,55.62179001570611,44.52568655224597,53.077086795504286,58.66528097596112
1490,42.131784680889055,47.48293199532047,45.1471406963007,58.59686320307938,56.67056473665379,47.88582990679355,55.65959417728093,44.55534790055007,53.10797459562665,58.70251181975591
1491,42.151993346324524,47.512050045856874,45.17510645008344,58.636109519804485,56.70636118993195,47.91849155787419,55.69739281094093,44.58503005604403,53.13886124045313,58.73973805804749
1492,42.172209760013125,47.541157807275134,45.2030886885898,58.675361407559805,56.742142433117365,47.95119496772265,55.73519088798937,44.61471902122958,53.169748968578055,58.776938980217736
1493,42.19244212733192,47.57025117045085,45.231078357776106,58.71460994819525,56.7779088450184,47.983936543409904,55.77298166369882,44.64439396414396,53.20063951971941,58.81413329835582
1494,42.21273508575601,47.59933990653618,45.25907089917022,58.75384120498157,56.81366614800031,48.01669635273404,55.81074028267615,44.674074624107504,53.23154048938763,58.851316238061955
1495,42.23306192257674,47.62843164439768,45.28703808970529,58.79307475557351,56.849407657417956,48.04945907180369,55.84845887495795,44.703765186102004,53.26244480778214,58.88849507261025
1496,42.25341968286019,47.65752271903325,45.31500218814543,58.832329912878535,56.885166432741,48.082215735373346,55.88618748635126,44.733449796279444,53.293347844914386,58.92566501903161
1497,42.273841296345566,47.68660881762884,45.34295496316616,58.87158867778473,56.92093321625351,48.114914677011924,55.9239180815817,44.76318149382207,53.3242511857249,58.96284348830898
1498,42.29432242597234,47.71570252917717,45.37091114120216,58.91082704645225,56.95670782848501,48.14761415339107,55.96164058069288,44.7929278055606,53.35515585977304,59.00002525204595
1499,42.3146900675615,47.74480098264417,45.398870208801554,58.950069746466376,56.9924827751657,48.18029822669395,55.999319227071,44.822674089348396,53.386060890270315,59.03721486051138
1500,42.33506226354743,47.77390100151697,45.426802960656126,58.98935306610337,57.02823494170362,48.21299840399587,56.0369947289225,44.85238553524636,53.41696077274218,59.07441939786576
1501,42.35542870025137,47.80299900002042,45.45474246444344,59.028646203903165,57.063976086955584,48.2457216300754,56.074692609657816,44.88207585540253,53.447860415893,59.11165318462952
1502,42.375762809320065,47.832099109876324,45.48269694934032,59.06793614514508,57.09972220535528,48.2784646639956,56.11240558609517,44.91180637818344,53.478761983846184,59.14890617425084
1503,42.39612383478556,47.86119290106592,45.51066191696105,59.107226485447576,57.13548293523327,48.3112178465769,56.15011869620858,44.94155067300824,53.50966168946174,59.18616046046507
1504,42.41647669984391,47.89027749796674,45.5386322352627,59.146517000297884,57.171258160624475,48.34397638250179,56.18783252375647,44.97128456251812,53.54056070016551,59.22339390912862
1505,42.43680136798683,47.9193545117121,45.56657690765884,59.18577485802398,57.20703630457732,48.37673587599945,56.22554416372765,45.00104013831127,53.57146180609833,59.260607985282505
1506,42.45711893012164,47.94842831286768,45.59451810807873,59.22505840762827,57.24281639238446,48.40947859722329,56.26320412201291,45.03080220734693,53.60235167258848,59.297801003642725
1507,42.477434733519296,47.97750963674026,45.622469829315,59.2643498646176,57.278597208169664,48.44220804563308,56.30088688008437,45.06055266742727,53.63323875481637,59.334988180928185
1508,42.49776776572418,48.006594969812404,45.65042434066687,59.303632461344115,57.314367307034594,48.474878512932136,56.33857478585294,45.09030842186062,53.66412039056139,59.37217661311693
1509,42.51807919036077,48.035659853786136,45.67838302801397,59.34291378836359,57.35013715806839,48.507573029410295,56.37625299091828,45.12000351429502,53.69499370568249,59.409360609161126
1510,42.53842052280363,48.06471848640921,45.706348750873644,59.38216775731071,57.38590551276573,48.54027396809875,56.41388933316747,45.14970234741021,53.72587367838023,59.446549423101004
1511,42.55878374228795,48.09376768889354,45.734318109811035,59.42142809467459,57.421675275727985,48.572981933648286,56.451510077995415,45.17933795686865,53.75675693580585,59.483768846871534
1512,42.579136513749425,48.12283108540012,45.76227031879728,59.46068620596428,57.45744219807849,48.60569584514419,56.48907124070981,45.208976243919324,53.787644015693786,59.52100765983345
1513,42.59939748858256,48.1518994422765,45.79021659528741,59.4999220431599,57.49321345347271,48.63842495351688,56.52663039796791,45.23865381115216,53.8185323903527,59.558248876729685
1514,42.6196718599045,48.18096760888222,45.81813877793606,59.53914133272496,57.528985598393945,48.67122756849251,56.564199158133306,45.26834323478288,53.84941979520149,59.59548164640916
1515,42.63995924598479,48.210042049531985,45.84606859627048,59.578344306017264,57.564752105327415,48.70406933258301,56.601765931811784,45.29799614967371,53.88031045524914,59.632700062763895
1516,42.66024157358596,48.23912101319881,45.87398031494541,59.6175368644775,57.600503034686284,48.736926442095324,56.63933783437382,45.32760337012912,53.91120582064513,59.669909128092996
1517,42.68047834267968,48.26820764823517,45.90188199899599,59.65671561612405,57.63625488275697,48.769788416482406,56.67693407091703,45.35724425415106,53.94210215456009,59.7071241039496
1518,42.700660021737285,48.29730261636493,45.929786460845044,59.6959100939504,57.67200336303036,48.80271033967026,56.71453505465416,45.38693539130035,53.97299468576521,59.744339304423825
1519,42.72083076296451,48.32640187304797,45.95767798809721,59.73511132844698,57.70775719036997,48.835676878368524,56.75212734022387,45.41663836763556,54.003888806186445,59.781543327766244
1520,42.74101926190677,48.355502486372394,45.985569778167154,59.774357783556866,57.74351111433768,48.868678262551114,56.78973150524882,45.446340337253545,54.034785306431125,59.81874664181224
1521,42.76117384966193,48.38460515851304,46.01344937037417,59.81364907354584,57.77925558615486,48.901687741119716,56.82735824857056,45.47604186832589,54.06569026017981,59.85593761736751
1522,42.78134820741623,48.41371248736756,46.04132922926941,59.85295590311812,57.81499472856086,48.934642070336274,56.86498249220067,45.50567549136662,54.09660397186474,59.89312714105377
1523,42.80147355177897,48.44281029464107,46.06921964838545,59.89227103191281,57.850720572553456,48.96763838851805,56.90253842287964,45.53532374677355,54.12752692055161,59.93031756827978
1524,42.821618965595746,48.471906227522844,46.097116371739304,59.93158671826155,57.88643512459843,49.00065494918374,56.94007721765392,45.56500054789762,54.15845646842135,59.96750744407736
1525,42.84178098488865,48.50100469727636,46.125010950827246,59.9708947878893,57.92215045401932,49.03365617383772,56.977603629082914,45.59468857277033,54.18939234706187,60.00469835168527
1526,42.861876098154326,48.53011488232451,46.15291025607048,60.01019949746111,57.9578611002831,49.066640884894326,57.015148535508686,45.6243514485821,54.22033010974086,60.041883519881736
1527,42.88199078034695,48.55923883111366,46.18081950198337,60.04952425480369,57.99355590142069,49.099659166285456,57.0526944081507,45.654003970407906,54.2512669682975,60.07907274027804
1528,42.90213772901751,48.58837804505899,46.20873408409945,60.088854497185466,58.029246733948455,49.13269673492037,57.09024863316166,45.683654657733754,54.282204931289456,60.11626711715967
1529,42.922306819902104,48.617522703455336,46.23666192501449,60.12818875754094,58.06493941498937,49.165737377230734,57.12780973125328,45.71330157245401,54.31313422624134,60.15347452552822
1530,42.94248500229804,48.646654721613224,46.26459751346674,60.16753604721851,58.100632401404354,49.19877122257168,57.165389393391166,45.74296524598592,54.34406269506277,60.19069830555234
1531,42.962668476664604,48.67578755094314,46.29253447685628,60.206886936631,58.136323592948074,49.23181878529387,57.20298037850875,45.772626371715305,54.37499170088699,60.227926563920896
1532,42.98286200767938,48.704920933370026,46.32047428049942,60.246236961003575,58.17201098425865,49.26487939613328,57.2405708549828,45.802253159860896,54.40592349686372,60.2651596649271
1533,43.00306865750741,48.73404810677008,46.34838939726683,60.28559414244401,58.20769868184237,49.297855380852184,57.27815240119717,45.83183769457574,54.43686332283388,60.30241021437779
1534,43.02328521358697,48.7631758351242,46.37630550457527,60.324953968379596,58.24339576892263,49.33082022260175,57.315708624681456,45.86145896074886,54.46780593074845,60.33966502037608
1535,43.04351862154201,48.79230111886333,46.40421198139203,60.36430473625922,58.27910313020343,49.36383347533862,57.353256283970055,45.89109470657942,54.49874285470807,60.37691567016917
1536,43.063776872420206,48.82141318342036,46.432121834116764,60.40365325364197,58.31481252192027,49.396857273021546,57.39080393599395,45.92067012194962,54.529684723607964,60.41416426429065
1537,43.08405448664053,48.850515911544704,46.460032971749186,60.44300029031721,58.35051335967395,49.429887187984676,57.42836498535993,45.950245598221386,54.560628334334076,60.45142634413975
1538,43.11417163232847,48.88395015281897,46.49305209083185,60.481991819738255,58.386191619475866,49.46464134523725,57.46578008522241,45.983838434907405,54.59469136721774,60.488566557825564
1539,43.23077638907296,49.001948089709714,46.61087567640213,60.60136174496831,58.505097686959246,49.58319364683888,57.584929310314266,46.101902981871085,54.71295339658443,60.607677298852686
1540,43.229698443446615,49.00738425730613,46.6160181443125,60.6149572053837,58.516339947403694,49.592338067128445,57.59764182558999,46.10776613641051,54.71988633143817,60.61901185306039
1541,43.24753768747434,49.034039065600766,46.64230546055762,60.65170197884029,58.55025398120591,49.62367764291374,57.63331003849088,46.13496381220064,54.74845477727334,60.65301161550426
1542,43.267282272842635,49.06280393223812,46.67071094196945,60.69078294064561,58.586449169316325,49.65726887838829,57.67127791522029,46.164270439755036,54.77919024359948,60.68927912232581
1543,43.28724937463378,49.09176904014927,46.69931734628916,60.73010678863033,58.62285275740333,49.691090161101975,57.70948569908349,46.19379637236354,54.81014752911272,60.72577724131229
1544,43.30726076091774,49.12075530416957,46.72793766514885,60.76944555779163,58.65926518155599,49.72493109989383,57.74771397818745,46.223352717977754,54.84112776164743,60.76230070938474
1545,43.32729149887086,49.1497507153823,46.756539587525396,60.80875839896527,58.69565388057758,49.75879226650357,57.785941091008944,46.25293799132859,54.87211617976424,60.79882605776813
1546,43.347302950565556,49.178749552956305,46.78510626417847,60.84805774224927,58.73199408069463,49.79265818138676,57.82415568251247,46.28256456732913,54.903109985474266,60.835347793149474
1547,43.36728523066208,49.207736791127935,46.813667537435414,60.88736362720981,58.76832584253989,49.826479793351375,57.86240024829297,46.31223127615223,54.93410509344531,60.871871892097644
1548,43.3872616495219,49.23672487023034,46.84220881118901,60.92667283410903,58.804644194367356,49.86027111409551,57.90066830765914,46.34191315452072,54.96509248450594,60.908398625097874
1549,43.40726414327198,49.26570944058789,46.87074259054784,60.965979738672125,58.84096915596777,49.89399045708841,57.93893946925376,46.37152168245971,54.99607294586654,60.94494296003044
1550,43.42728133818667,49.294685764877656,46.8992928615553,61.005287228650786,58.8773186840075,49.927633032861834,57.97721029246216,46.401139101517195,55.02705274875802,60.98149188993021
1551,43.44731735948672,49.32366349462295,46.927868026713,61.044596329550366,58.913677215709775,49.96126315949896,58.015477459190514,46.43078663944889,55.058034798351756,61.0180351802949
1552,43.467297270124526,49.35262921178973,46.956451138369204,61.08388629745424,58.95004291083266,49.99485388396296,58.05371091498406,46.46049518870106,55.08901552438395,61.05458198279218
1553,43.48724845376898,49.381581072840525,46.98504337784107,61.123166085842016,58.9864114151323,50.02839883090063,58.09189797565973,46.49024403009041,55.11999880261272,61.091128939045085
1554,43.50719487060626,49.41052957221575,47.01364266654659,61.16244994045932,59.02277968021344,50.061848681854485,58.13008359240362,46.520002593994235,55.15098389806212,61.12766721991891
1555,43.52711104074889,49.43945695187217,47.04220445891426,61.201763985874734,59.05914151644041,50.09524082937227,58.16827085489534,46.54976958545802,55.18197033990754,61.16420682559997
1556,43.54702413291154,49.468375816733456,47.070771562155024,61.24109651773595,59.0954896818777,50.12857449034886,58.20644110107255,46.579568408393676,55.21295918995226,61.20075257343565
1557,43.566962971698125,49.49728306705157,47.099340864675526,61.28044989698187,59.131834208976976,50.1619220130262,58.24461064175203,46.60937381270589,55.243949635792085,61.23729963481801
1558,43.58691234548494,49.52617408426389,47.127912546900156,61.319806111369864,59.16818363400583,50.19527651475803,58.282799290310784,46.63918057186342,55.27494288242058,61.27384223593422
1559,43.6069169745811,49.55505582178277,47.15649029117923,61.359147620677504,59.20453021822565,50.22864429554324,58.321019781912,46.6689892957546,55.305946283652546,61.310379686614596
1560,43.626988363626886,49.58393718278651,47.185052859902186,61.39849330566177,59.240890661421545,50.262040729372345,58.35928909322936,46.69881044097063,55.33695314592897,61.34691602089331
1561,43.647091951334524,49.61282793151595,47.213618411661834,61.437841942911184,59.2772537877054,50.29544311605979,58.39757197483511,46.728657596191766,55.36795764711668,61.383441736016565
1562,43.667214100177546,49.641723764835746,47.24217869239856,61.47718148136439,59.31359866223762,50.32884145909943,58.43585493722065,46.75853360970954,55.398961893080994,61.4199638131282
1563,43.68729387690124,49.67062026026886,47.270703219232196,61.51649306031434,59.34995229904473,50.36229326101229,58.47413402391651,46.78841932972649,55.42996650531153,61.456479120718015
1564,43.70737961348143,49.69951257526377,47.29923206240319,61.55581035232479,59.38631224989361,50.395806900824205,58.51242923852157,46.81828767829378,55.46097213840008,61.49299114157624
1565,43.72746814018175,49.728410151138064,47.32776387875519,61.5951284048152,59.42267183608579,50.429353223980584,58.550725815084796,46.848168991299985,55.491978340524646,61.529499663431906
1566,43.74762020299928,49.757309844582295,47.35626804623397,61.63444503653735,59.45903109600916,50.46290332383888,58.58906189501148,46.87806278300106,55.52298377750136,61.56599827818667
1567,43.76780631171251,49.78620205372168,47.38476432735881,61.673748446345435,59.49538415137606,50.49638096306414,58.62742148034946,46.90796024176311,55.553992369706805,61.60249630957999
1568,43.788014253532296,49.8150932474485,47.41325912426157,61.71301365226292,59.53173743361675,50.52981007754484,58.66579659199335,46.937868684155454,55.585001764521024,61.63898638020672
1569,43.808251231500456,49.84397449251241,47.44176080910611,61.752310643653004,59.568100084555724,50.56322591610765,58.70417232779632,46.96779727874609,55.616010890155074,61.67547164197266
1570,43.82845741637971,49.872851786110246,47.47026784243906,61.791619057816085,59.6044765601187,50.59657400305025,58.742535258742954,46.99773239055134,55.64701697446476,61.7119594269381
1571,43.84856804565878,49.901737386101225,47.49877979852852,61.83095385418971,59.64085970447273,50.629911687667246,58.78096617696001,47.027648605416886,55.67802229603267,61.74844780143218
1572,43.86869872240044,49.930632545293534,47.52731218582413,61.870319811173324,59.6772533096148,50.66321671235804,58.819448886619064,47.05754263254495,55.70902446216671,61.784937870331355
1573,43.88878116244811,49.959530404117146,47.55585186393961,61.90968672526983,59.7136473081574,50.69653477761663,58.85794082252506,47.08742474872407,55.74002582189036,61.821429318045524
1574,43.90883298154275,49.988419813741324,47.584373773557445,61.94903510756834,59.75001365231319,50.72985598954407,58.89642965569163,47.11730863540421,55.771029599009154,61.857909396528534
1575,43.92890617334662,50.01729652247385,47.61289412402005,61.988385095070555,59.78638392925329,50.76316579380854,58.9349004598619,47.14720092457746,55.80203379419032,61.89439041232421
1576,43.9489854504577,50.04616731787908,47.64141440530379,62.027722399895,59.822775189671184,50.79647961878407,58.973323810408736,47.177125612378354,55.833043077322664,61.930872852155005
1577,43.96905753416418,50.07504912546969,47.66991665356444,62.06704439068517,59.85918390032775,50.82979669986184,59.01174229475745,47.20710140277367,55.864055499241886,61.967342862897596
1578,43.98910906882853,50.103935397403,47.69841467901018,62.10638354389277,59.89561190719937,50.86309639582424,59.050161681674155,47.23709475896125,55.89506514219049,62.003811195186685
1579,44.009130356847194,50.1328181687312,47.72690960977336,62.145743194321895,59.93205650098536,50.896399057689216,59.08860216523907,47.267076854873025,55.92607445489646,62.04028022397017
1580,44.02912042074295,50.16170013492823,47.75540313052404,62.18511998880357,59.968519868947375,50.92966477114775,59.12704778102957,47.29701735478278,55.9570885160011,62.07675359367585
1581,44.0490704338688,50.19057427253671,47.78391628730326,62.22449912583413,60.00499879223061,50.96290424378922,59.165480423943016,47.32696415067412,55.98810597317924,62.113241494439805
1582,44.069029608760644,50.21945454394213,47.81243357728429,62.2638681096512,60.0414804483242,50.996129821618595,59.203879285014594,47.356919084438175,56.019124000162236,62.14973313455529
1583,44.08901817447727,50.24834163780219,47.84096510257893,62.30325362199491,60.07797760681115,51.02934483171187,59.242274340506164,47.38681809505895,56.05014196455708,62.18622231318092
1584,44.109071474122764,50.27723549258951,47.86950566640851,62.34264498118566,60.11449846078488,51.0625026381337,59.28066037878519,47.41671992255317,56.08116597760626,62.2227071589581
1585,44.12916127145708,50.306132490938666,47.89802821140823,62.382002123766476,60.151044292369626,51.09557565331895,59.31897863007698,47.446633711392735,56.11219317794089,62.25918375033359
1586,44.1492035628558,50.335017474615576,47.92656553391165,62.42131980824005,60.187619549099466,51.128667982467725,59.35729758849788,47.47657332846676,56.14321976370617,62.29566383579507
1587,44.16925821231904,50.36390465045506,47.95503993472146,62.46065953635738,60.22420180021299,51.16180356574079,59.3955956740057,47.50652540377235,56.174250968932945,62.33214493849697
1588,44.18931905835358,50.392792274185766,47.983489996017006,62.500017326574316,60.26078385966222,51.194948497262494,59.433875293062634,47.536481056522355,56.20528384833009,62.368624305110494
1589,44.20931094714216,50.42167508800034,48.01194032642469,62.539379946537906,60.29736540983188,51.22809753096702,59.47215296267279,47.566399054689,56.23631701723921,62.405096651821665
1590,44.22933617917566,50.45055928110823,48.04035222630418,62.57873926244491,60.333941400359066,51.2612474973383,59.51042184915986,47.59633637018605,56.26735105652956,62.44156390168902
1591,44.24938859373126,50.47945692974957,48.06876044105009,62.618080404203496,60.3705054107329,51.29435411927452,59.5486637786677,47.62628732887507,56.298385974278936,62.47803254661164
1592,44.26945547486161,50.50836593262196,48.09717784582408,62.657432945205294,60.407088129554744,51.327420643371354,59.58692345875504,47.656191814128,56.329417519445954,62.51450264089928
1593,44.28950152007859,50.5372887371036,48.12560218248872,62.696802852299896,60.44370132459374,51.360480578947225,59.62520818206281,47.68608850979764,56.360443534386576,62.550972629173096
1594,44.31952135163073,50.5706661980014,48.15880549210535,62.73584682707579,60.48024853047583,51.395243748304395,59.663279195202925,47.71979973025825,56.394535587108344,62.58737532961633
1595,44.43608523643819,50.68864028713403,48.276706437699886,62.855224094655526,60.59927625041043,51.51379983498996,59.78252024815365,47.83791399840726,56.51280980480704,62.70638281878949
1596,44.43527772153623,50.69420973523255,48.281966581801235,62.86914433987451,60.61032461381005,51.52189924080465,59.79483338227197,47.84355717940273,56.51997332772844,62.71704787686466
1597,44.4535346350252,50.721035373485584,48.30838315446566,62.90626574454749,60.643971744437145,51.551935605971046,59.83001973637623,47.87048369552321,56.548828207593225,62.750236389348316
1598,44.47370679322534,50.74997617226091,48.33691984961959,62.94572911622463,60.67988023808021,51.58417032812617,59.867489331671905,47.89953455220667,56.57985074542404,62.78567669701328
1599,44.49408075630597,50.77912250032886,48.365660499557556,62.985402859667055,60.716027947478906,51.61659240442017,59.90518943505195,47.928822694743786,56.6110894141548,62.82134134219202
1600,44.51449933228336,50.808285101908666,48.39441468411278,63.0251067557183,60.75221579292143,51.649019946661724,59.9429051096665,47.95814658795593,56.64234756695698,62.85703058173712
1601,44.53493931596908,50.83743771095911,48.42315548193826,63.06480888855573,60.788409346910505,51.68136820129962,59.98062558685714,47.98747639541312,56.67360885745088,62.89272214069528
1602,44.55540030532749,50.866579515512285,48.45185707561849,63.10446464076632,60.824625882194056,51.71365218361996,60.01835246979528,48.0167786814633,56.70487391661513,62.92841262797444
1603,44.575888187395975,50.89571971732225,48.48057693323552,63.1441013624464,60.86085552908571,51.74594199343184,60.05607734876203,48.04608681116741,56.73614017021382,62.964101481990994
1604,44.59638495908726,50.9248607708724,48.509312011516734,63.18374652186835,60.89708580607825,51.77821033995972,60.09381694940679,48.07540608451974,56.767406521576405,62.99979093558372
1605,44.616864091716025,50.95399363858336,48.53805071929326,63.2233932418546,60.93331761256386,51.810420467607045,60.131600842929046,48.10473597385579,56.79867180327839,63.03548066983722
1606,44.6373539039205,50.98312288562188,48.56676316038033,63.26302084879375,60.96955339599998,51.842591873976005,60.169402674643244,48.134068135772374,56.829938685244365,63.07117028418887
1607,44.65784873694741,51.012251747674235,48.595461729189054,63.30267649957317,61.00578716798434,51.87476509793692,60.20719986991935,48.16340550691191,56.86120697035638,63.106859222409724
1608,44.67833911780291,51.041381484011744,48.62416582484269,63.342336912114426,61.04200719796468,51.90697690388897,60.24495923604937,48.19274486542694,56.892475628281275,63.142548497656854
1609,44.698836356197845,51.07051372452224,48.652875520347884,63.3820084860853,61.07823582381594,51.93921792147925,60.28273162750765,48.222040239147084,56.923745648770414,63.178237340805914
1610,44.71933932081281,51.099639652312945,48.68155733759773,63.42172839712782,61.114467968191065,51.97148281073425,60.32054636283808,48.251341735369174,56.955020918975016,63.21392428305253
1611,44.739838504854085,51.12877757861958,48.71028325640398,63.46146013901027,61.150688733234,52.00375386725909,60.358372253373204,48.28065493800145,56.986297934330864,63.24961145224637
1612,44.76035773910632,51.15793297773483,48.73902732951868,63.5011910356113,61.18690846992439,52.036015908435886,60.396204783442364,48.30998212579154,57.017575710859205,63.28529869081147
1613,44.78085607201054,51.18709383957045,48.76777163378682,63.5409075616766,61.22314123685708,52.06830051116722,60.43404620380048,48.33931379556823,57.04885488648737,63.32098742796461
1614,44.80130544501054,51.216254373766844,48.796516171950614,63.580571527493774,61.25938874826457,52.10061365644016,60.47188794570883,48.36864299004158,57.08013450491444,63.35667877448368
1615,44.821733773371285,51.245416960640185,48.8252528806391,63.62021823098912,61.29564140330576,52.132938013371444,60.5097403291244,48.3979329478172,57.111414214425835,63.39237074018268
1616,44.8421793101288,51.27457211444115,48.85397105827868,63.65987211242478,61.33189341618148,52.16526371666635,60.54760772267888,48.42722511422949,57.14269345441435,63.42806220981107
1617,44.862644112825976,51.30372957766039,48.88269940175028,63.699530604879065,61.368133793521054,52.19758055591728,60.5855187149122,48.45650642875952,57.17397306501314,63.46375541538783
1618,44.88311207721098,51.33287071651723,48.91143113923744,63.73917183975857,61.404374280761914,52.229884814185844,60.623436496018535,48.48579411386378,57.20524756354441,63.49944916118949
1619,44.9036125279281,51.36199249819213,48.9401628615895,63.77880600334626,61.44062244784355,52.26219854088754,60.6613258545685,48.515076045152476,57.236520774117636,63.53514273433821
1620,44.924053663171016,51.39110407029623,48.968897486287354,63.81844604174256,61.47688470952477,52.29449781071778,60.699217692722165,48.544329790309455,57.267796789049655,63.57083400106893
1621,44.9444664926685,51.42019755739714,48.99762175185232,63.85807974930494,61.51314878171323,52.32678012335168,60.73712584521253,48.57358096618027,57.299073479448765,63.60652526787654
1622,44.96486769282268,51.44929263610298,49.02633388150295,63.897748631942875,61.54939876379282,52.359065389267165,60.775044441338714,48.602839236485,57.330347549628385,63.64221641018983
1623,44.985317018439495,51.47839489377963,49.05505027025561,63.93742212217087,61.585648490697174,52.391321458021125,60.812962099078106,48.632091191668984,57.3616206017788,63.67790584602233
1624,45.00582108185519,51.50750274323892,49.083742678544525,63.97706375108206,61.6218922574104,52.423560490453774,60.85085567337748,48.6613439353966,57.392893917416586,63.71359527962689
1625,45.026345314957396,51.536616557762336,49.11245449059271,64.01668391812952,61.658129352215425,52.45577726049237,60.88869887447346,48.69058883766371,57.424167807031026,63.74928335958041
1626,45.04688675462494,51.56573295566442,49.14117158867894,64.05629869999915,61.69434843692462,52.48797787885673,60.92654844127863,48.719831114540646,57.45543978291016,63.784969977004884
1627,45.06733105389026,51.59484522824563,49.169883632966545,64.09591193707739,61.73054292837304,52.520196190013785,60.96439923577395,48.74906917255609,57.48671011038611,63.82065755627401
1628,45.08773424972003,51.62396003422876,49.19857897974386,64.1354819353352,61.766733719694884,52.552442656514955,61.002261725875265,48.77831848057831,57.517980297402026,63.856346589745314
1629,45.108125318245165,51.65307546651548,49.22730790089086,64.17505291604478,61.80291356114359,52.58469867159803,61.04013731939702,48.80758951436204,57.54925348856433,63.89203748277418
1630,45.12852366505541,51.6821916136578,49.256057639196605,64.21463434600226,61.83909801087379,52.616988336139656,61.07803875656902,48.83687741679599,57.5805275633971,63.92772872401881
1631,45.14892875677184,51.71131668790068,49.28481266342481,64.25421621260067,61.87529515406694,52.64930604902877,61.11599398442321,48.866195428490364,57.61180037311771,63.96341903667614
1632,45.16928898508667,51.74044420458603,49.31356328300137,64.2937838401084,61.91151271117813,52.68162961167139,61.15396050578917,48.89554203110795,57.64307126164438,63.99910934717218
1633,45.18967475745339,51.76957261629116,49.34232439967694,64.33333284226866,61.94773695786132,52.71395318894293,61.19190892436653,48.92489643524807,57.6743401682036,64.03479978649827
1634,45.209992083884934,51.79870203548226,49.37107218145679,64.37287432254348,61.98397898715999,52.746279365220666,61.229840595594474,48.95426046909469,57.70560805030876,64.07049325403656
1635,45.230331041014374,51.82782848910477,49.399798087795055,64.41238693543951,62.02023474120538,52.778614489009875,61.26775820556428,48.98363206954507,57.73687660723698,64.10618755701879
1636,45.25067625654213,51.856946664595235,49.42851580313827,64.45188968201172,62.056493315143626,52.81097741268205,61.3056695006942,49.013005191884154,57.76814555657203,64.1418818355807
1637,45.27105783305335,51.88606537321599,49.45722453839269,64.49138070681461,62.09275054996517,52.84337840832763,61.343583203408514,49.042385018368634,57.79941498645259,64.17757549921502
1638,45.29146898931369,51.915181759129695,49.485925588345964,64.53080416326151,62.12899874542404,52.875789496834486,61.38148821593438,49.07176519962253,57.83068464103157,64.21326920289337
1639,45.31186309049566,51.94429616764196,49.51461229727833,64.57024027997838,62.16524859330146,52.90819214719946,61.41939401882019,49.10114675336731,57.861950762428826,64.24896255373939
1640,45.33225118998558,51.97341178703475,49.54327045979793,64.60967775248449,62.2014930513837,52.940598112761,61.45728845143673,49.13051285222916,57.89321528396607,64.28465605254756
1641,45.35264306854653,52.00252314372088,49.571934832384265,64.64909802824593,62.23773162415369,52.97302924679632,61.49516347129339,49.15988458384073,57.92447855229329,64.32034952491485
1642,45.373010469412705,52.03164192858028,49.60060188055742,64.68846114523325,62.27397534113754,53.00546898784134,61.53302680797244,49.18921523610545,57.955741670997526,64.35604636446078
1643,45.39333592425704,52.06076668267702,49.629270051857645,64.72780254396952,62.31023246453064,53.03794525306905,61.57090213488078,49.21856081450615,57.987005893448455,64.39174495867725
1644,45.413622939862464,52.089870216002254,49.65798109219086,64.76709195165107,62.34649260120704,53.070447024412836,61.60879246681268,49.24792279319734,58.01826839417559,64.4274434876954
1645,45.43391469669753,52.11896480535848,49.68670905621993,64.80634992455386,62.38274916704427,53.10295236534134,61.646691288249876,49.27728941483197,58.04952900778204,64.4631404983637
1646,45.45421193759896,52.1480583079538,49.71543984573312,64.84562547222716,62.41901033599312,53.135475783796636,61.68459129274076,49.30665223610438,58.08078904156672,64.49883821732305
1647,45.47451474041616,52.17715688263584,49.744144509292454,64.88491361592015,62.455270155530464,53.1680055221018,61.722489393651436,49.33601326131429,58.11204922376501,64.53453661944148
1648,45.49485553813351,52.20626587926243,49.77287186451855,64.9242021134198,62.49150754331627,53.200518505287,61.76038590783867,49.3653677892131,58.1433101248746,64.57023515426228
1649,45.515220433780115,52.23538163804709,49.80163358082108,64.96348378249667,62.52774468375291,53.23298038660315,61.79826805997296,49.394713391037925,58.174566768143,64.60593283384846
1650,45.53559250974966,52.264499045662994,49.830413401164726,65.00276194980253,62.563973027414455,53.26546072881661,61.8361447918474,49.42408068201388,58.20582562052791,64.64162954132755
1651,45.565745286016075,52.29794238480899,49.86374082024422,65.04171023384825,62.60015732446253,53.30003554380519,61.87384272501745,49.45761238111119,58.239995478687916,64.67731739605655
1652,45.68236500760352,52.41594414280586,49.98169389181316,65.16107410472576,62.71913423716037,53.41851252165594,61.993031546772364,49.57565125028761,58.35830237467067,64.79622480682973
1653,45.681900608461305,52.42149246778185,49.98578155840718,65.1747104735593,62.7294781963849,53.426655852795996,62.00618822617339,49.581301485004886,58.36590548206246,64.80696256813222
1654,45.700654747775566,52.44829385675289,50.010691695521395,65.21149624282924,62.76227815750722,53.456720326527964,62.042426098831946,49.60823838688808,58.395315576417644,64.84024072352253
1655,45.721306822554645,52.477234713206656,50.03768289811319,65.25059267683604,62.797315358576604,53.4889873039224,62.08101014503518,49.63730765563391,58.42690417196087,64.87577217569931
1656,45.74212097705616,52.50638717435969,50.06488219737803,65.28989278759373,62.832569530865314,53.52151985715709,62.11985574782281,49.66658586187899,58.45870972165465,64.9115261230442
1657,45.762887796847465,52.53556761564167,50.09210827899273,65.32919670478208,62.86784035818981,53.554090719301854,62.15872457026239,49.69587948295087,58.49053721649056,64.94729975263517
1658,45.78364840472482,52.564758006218746,50.11933905983879,65.36845750523163,62.903111104538894,53.58666384351172,62.19759126269068,49.725169462081006,58.52236648599681,64.98307904125194
1659,45.80443819569089,52.593950392037904,50.14657172029376,65.40768688849589,62.93837569625936,53.61924000004852,62.23647115175509,49.75442064707483,58.554195599497554,65.0188596418918
1660,45.82525174315589,52.62314056157118,50.173810960586714,65.44690835824703,62.973646288666046,53.65182458961665,62.27535275443074,49.783672660552156,58.58602725807701,65.05463862544353
1661,45.846036262757266,52.65231979235544,50.20105354920441,65.48610040397129,63.00892544820786,53.684375852169865,62.31419098025949,49.81292838383372,58.617862612654356,65.09041185575693
1662,45.86681725150423,52.68149038747365,50.2282894400975,65.52531408314607,63.044206541857704,53.71691298056164,62.353015766844365,49.842187898991945,58.64970330749078,65.1261824203651
1663,45.887563311607735,52.71065388463533,50.25552047634492,65.56455763233069,63.07948623433089,53.749450407723884,62.391846407305124,49.87144360938899,58.68154706333375,65.16195026099162
1664,45.90831952853111,52.73981198372051,50.28275397663329,65.60383610734569,63.114768446967915,53.78197610397445,62.43068417212963,49.90070353101103,58.71339131820015,65.19771622715935
1665,45.92907799913613,52.76897444751622,50.30998914261782,65.64315458005703,63.15005265803208,53.81452030057004,62.469560720393424,49.929929101503284,58.74523518024739,65.23348359992778
1666,45.94985547339142,52.79813068541111,50.337223643664295,65.68247797405968,63.185336943191054,53.84706774065062,62.50844325374693,49.959155000382886,58.77708004152326,65.26925184428192
1667,45.97059139668162,52.82727345852741,50.36445316988294,65.72177375981155,63.22062118369458,53.87957618833724,62.54731872250237,49.988402503389175,58.80892523166748,65.30502075601174
1668,45.991332872001585,52.856415280435094,50.391685359845056,65.7610641716017,63.25590449857275,53.91206641304304,62.58619837877817,50.01765826374438,58.84076538594175,65.34078973591329
1669,46.012080697543034,52.885558152016635,50.418913296230855,65.80035214175983,63.29118678526206,53.9445327562057,62.62506291906005,50.04691503687562,58.87260456316824,65.3765577088612
1670,46.032842036037664,52.91468708498826,50.4461422377021,65.83959987076413,63.326461344921185,53.976994192882636,62.66390883022824,50.076163947410656,58.90444398742401,65.41232571263411
1671,46.05357047495922,52.94381110244584,50.473378369684156,65.8788645239604,63.361737516781204,54.009434972820614,62.702754621084125,50.105409232137376,58.93628212946423,65.44809363158797
1672,46.07429277240356,52.97294466875686,50.500618142536034,65.91813178465806,63.39701262752983,54.04184619649887,62.74159116940663,50.1346993880362,58.968120369714455,65.48386105727417
1673,46.095036884093275,53.00208196934765,50.52785856522803,65.95738696574358,63.43228188790155,54.07421053655539,62.78041628862119,50.16403186914368,58.99995830844485,65.51962973658041
1674,46.11580707407093,53.031223357183976,50.55510046715439,65.99662562668237,63.467558041002604,54.106566930214036,62.81920330032258,50.19337493414098,59.031796608021715,65.55540246998234
1675,46.136593048554275,53.060368343926214,50.582329994945646,66.03583928088405,63.50283760350283,54.13892429580021,62.857961397235755,50.22272402823599,59.06363319181092,65.59117675797698
1676,46.15736643459953,53.08949782658324,50.609552479817104,66.0750512804144,63.53811737978053,54.17124462236851,62.89668204692022,50.25210358939826,59.09546634632306,65.62695168573181
1677,46.17815093662761,53.118622504869734,50.63677314432868,66.11426066527225,63.57339694451243,54.20355462592513,62.9354090250513,50.28149614055787,59.12729887702755,65.6627281014718
1678,46.19898672941132,53.14774924710483,50.66399482799742,66.15347171120808,63.608665874100865,54.235881751667776,62.97416234021159,50.31085403051196,59.15913182809161,65.69850735233597
1679,46.21984692811657,53.17685140071498,50.69121704333589,66.19266651139823,63.643934105069135,54.26823017794962,63.01292088409648,50.340218310307165,59.19096603068004,65.73428721884962
1680,46.24071605137975,53.20595389440888,50.71843908682684,66.23188333991445,63.67920446333555,54.30062317074311,63.05167045737131,50.36960381281379,59.22280046729044,65.77006573371983
1681,46.26156141877164,53.23505105130024,50.74565960749052,66.27110856953857,63.71447834465524,54.33303049637314,63.09038560301824,50.399001242471606,59.254633079685746,65.80584465937463
1682,46.2824212605564,53.26414364730768,50.77288077656603,66.31033404718892,63.74975296294607,54.365458314676296,63.129097644162336,50.4284108551667,59.28646690058123,65.84162367093944
1683,46.30332399199816,53.293241773123995,50.80009504157869,66.3495678584727,63.78502351437297,54.397919401484714,63.167809480985,50.457825587268296,59.318301097371496,65.87740263983687
1684,46.32425030834382,53.32234147837133,50.82730824114262,66.38879921332105,63.82029215111919,54.43039725719839,63.20651056849733,50.487250977342086,59.35013169682555,65.91318402822355
1685,46.34515042104915,53.35143448334247,50.85451549176267,66.42801432227263,63.855562126831636,54.4628778513671,63.24519682647361,50.51670271983346,59.381958594083585,65.94896769573452
1686,46.366056464188524,53.380524285903725,50.88172419826137,66.46726521134738,63.890831869511665,54.49530837617607,63.28392745384543,50.546168588493536,59.41378501110767,65.98475338707358
1687,46.386978248170436,53.40960036770667,50.908934333304956,66.50654451735458,63.9260982530989,54.52769827284732,63.322687929800054,50.575645488965286,59.445611939923445,66.02054061662201
1688,46.40786284980354,53.43867293826709,50.93613561947631,66.5458408134568,63.96138579374289,54.560117876275605,63.361461106248164,50.60512663499274,59.477436380652,66.05632812020893
1689,46.428754829752265,53.46776262812034,50.96333631674678,66.58514998593358,63.99667934574955,54.59256963100909,63.400250319393905,50.63459774274233,59.50926035951219,66.09211463438676
1690,46.44964694163682,53.496864338242645,50.99053961607722,66.62450512114007,64.0319753081217,54.62504453490787,63.439087065283815,50.66407121699182,59.54108466738818,66.12789690043536
1691,46.470530467294324,53.525969068267095,51.01774375283387,66.66390367793004,64.06727158221902,54.657539200857315,63.47793600772875,50.693538362953845,59.57290738804275,66.16368116007241
1692,46.49139299788219,53.55506944602741,51.04495447117678,66.70330826047153,64.10255564932591,54.690039111369536,63.51680440474728,50.7229747078868,59.60473075860877,66.1994655902672
1693,46.512265945837754,53.584170941430955,51.072167715720916,66.74271064855037,64.13784796145046,54.722538904803834,63.55567903285349,50.75236628206756,59.63655590215031,66.23524380510224
1694,46.533153715463456,53.61326795920278,51.09937841464711,66.78213713836178,64.17314245436741,54.75501006910759,63.59463294314751,50.78176360130988,59.66838275877262,66.27102253564891
1695,46.55395919840529,53.6423636722859,51.126593431870425,66.821569087372,64.2084377335181,54.78748396958029,63.633614126176454,50.811169472354294,59.70021082528183,66.30680191725267
1696,46.57478059011136,53.6714756295434,51.15379810664984,66.86104194845379,64.24373646050942,54.81992144187697,63.67261099997184,50.8405267512588,59.7320392065584,66.34258117855374
1697,46.59559127715302,53.700596391729874,51.181006470920174,66.90053040339541,64.27904535258922,54.852330288557,63.7116088000491,50.86987029662695,59.763862244772376,66.37835810060412
1698,46.61641702470976,53.729725489887805,51.208218027859665,66.9400374320002,64.31436327456281,54.88473009624522,63.75058565603093,50.89918469193773,59.795687984113805,66.41413105996554
1699,46.63726555196159,53.75885778926784,51.235439268456744,66.979559671301,64.34969031830683,54.917072517737715,63.789556192795494,50.92849691678554,59.82751641541786,66.44990268963777
1700,46.65812719271015,53.78798435868607,51.26266481938335,67.01912414632511,64.38502007319437,54.94938870881352,63.82852474829787,50.95781540187754,59.859345810191236,66.48567458549915
1701,46.67899517346603,53.81710797227726,51.28988699931582,67.05871769484799,64.42034951045693,54.98169879067931,63.86749408095266,50.98713417947855,59.89117574521635,66.52144387521989
1702,46.69978425595817,53.84623666282428,51.317109797618656,67.09832618945033,64.45567220252113,55.01397911992076,63.906468303049195,51.016460798613366,59.92300583184794,66.55721310709743
1703,46.720583876574054,53.875369032793074,51.34433286041038,67.13793526536358,64.49099337960149,55.0462316496877,63.9454297618213,51.04579706587608,59.95483519306887,66.59298643356345
1704,46.74137155596184,53.9044982651941,51.371552827739194,67.17756360041624,64.52631374006538,55.07851221148536,63.98431020849635,51.075142284363835,59.98666296161679,66.62876300711164
1705,46.762183206044924,53.933631651828165,51.39876393203206,67.21719653035022,64.56164821603564,55.1108120855356,64.02315457764875,51.104519128706336,60.01848862221451,66.66454097473658
1706,46.78292940781401,53.962766938951326,51.42597922555584,67.25680365440704,64.5969907061128,55.143124184441824,64.06201300593834,51.133914369249716,60.050311902076785,66.70032249616345
1707,46.803646223269205,53.991899237718194,51.45319810437518,67.2964173727465,64.63233674952097,55.17543923071055,64.10091369403833,51.16332565303857,60.08213918421188,66.73610594096898
1708,46.824369850775696,54.02102206921877,51.480423080565686,67.33604850614303,64.66768547887146,55.207721925559,64.13983387409876,51.19274884644767,60.113967878884296,66.77189415093416
1709,46.854658339672284,54.05446612014645,51.51320261280608,67.3753244252183,64.70317649779118,55.24222254338449,64.178474835249,51.22629830886261,60.14832429181088,66.80766874992875
1710,46.97133506056441,54.17246817709163,51.63092557190261,67.49473416499994,64.82203828129302,55.36066835842676,64.29779568092115,51.344344638632435,60.2667095407956,66.92658830489911
1711,46.97104525644776,54.1775421110005,51.634730067913736,67.50934490966239,64.83141875066704,55.36819907815803,64.31188458146785,51.35029829923683,60.27471442637405,66.9374097059158
1712,46.99005267037903,54.20373439670532,51.65927438351611,67.54731328314499,64.86302867541393,55.39749873378626,64.34923632774414,51.377641104300984,60.30463094090952,66.97079107736296
1713,47.01099234298908,54.232041417577186,51.68589610005873,67.58763084401626,64.89686131043885,55.428966997524284,64.38895212657144,51.40714274060811,60.336746590700706,67.00643030891507
1714,47.03209913240703,54.26055681246467,51.71272413847941,67.62816903286648,64.93091582994148,55.46066222643478,64.42892667078297,51.43687550647987,60.36908146317345,67.04228882451207
1715,47.05322591151854,54.28909109810323,51.739572324581395,67.66871459669746,64.96499326013006,55.4923787733778,64.46893153166472,51.466633357290924,60.40144701257967,67.07816622165151
1716,47.074367836374535,54.31762725505542,51.76642275049833,67.70927601425784,64.99907263930622,55.5240957038581,64.50897145942794,51.496333413538196,60.43382802458226,67.11404474467201
1717,47.09552056020119,54.346158219989874,51.79327089092999,67.74984659131042,65.03315180668086,55.55579214957825,64.54901713687869,51.5260447353195,60.46622245499641,67.1499221006699
1718,47.11666800010119,54.37468913862743,51.82011489428761,67.79039662275298,65.067231468148,55.58747855366119,64.58904125642769,51.555765610686535,60.49862715901531,67.18580356164853
1719,47.13783480232942,54.40321530033836,51.84695676955866,67.83091823449224,65.10131130432839,55.619171137927864,64.6290377300692,51.58549731265211,60.53103879014932,67.22169094346978
1720,47.158993272592454,54.431744354237175,51.873799647519476,67.87143643620011,65.13539181100461,55.6508728231417,64.66902907915936,51.61523656573811,60.56346151902935,67.25758267984799
1721,47.18012828256194,54.46027459942194,51.9006406127091,67.91194539622933,65.1694726262946,55.6825759654175,64.70900581639538,51.64497903301445,60.59588755101557,67.29347528707906
1722,47.20126299008767,54.48880380650312,51.92748313425732,67.95247636439748,65.20355325202542,55.714257474338346,64.74897430264124,51.674696619015684,60.62831504886168,67.32936696110964
1723,47.22240431131092,54.517335889870694,51.95432627748393,67.99300977578437,65.23763386010923,55.74591729651855,64.78894634617359,51.7044280541954,60.660749608565645,67.36525785663821
1724,47.24354697379518,54.5458713860911,51.98116875915548,68.03351463318246,65.2717152593625,55.77756708506864,64.82893181221117,51.73417319315193,60.69318629504086,67.40114582293546
1725,47.26469339797218,54.5744082550996,52.00801233144025,68.07395984897016,65.30579687610589,55.80919936072893,64.86893213056062,51.76392600097776,60.725614658970876,67.43703022510476
1726,47.28581544180357,54.60294593138981,52.034854454411175,68.11439419066535,65.33987805025814,55.840829708999486,64.90893469895146,51.79360575027217,60.75804541801272,67.47291599620931
1727,47.30691571429247,54.63147621275905,52.06169564179492,68.15482534583428,65.3739586103574,55.872491101462494,64.94892687265744,51.82325276250519,60.7904762601002,67.50880789717957
1728,47.32803117386566,54.660004524374486,52.088537089055805,68.19522282752382,65.40803832741828,55.90416356621083,64.98891468989075,51.85290236608645,60.82290858071163,67.54470704214562
1729,47.349096182996036,54.68852370579839,52.11538163682752,68.235579203338,65.44211742684342,55.93582711776189,65.02891498881586,51.88255169435335,60.85532108306703,67.580612266932
1730,47.37016778477219,54.717042828274046,52.14222781005094,68.27592941188985,65.47619663560492,55.96749183283179,65.06891533359182,51.91217022036773,60.88772727224711,67.6165186338899
1731,47.39125322059956,54.74556466242657,52.16907548708388,68.31628022413419,65.51027593556427,55.999157469438735,65.10892399389024,51.94179114455627,60.920135477421454,67.65242252948678
1732,47.41234971146375,54.77409460250056,52.19592558352238,68.35663812040123,65.54435513806972,56.030773995300834,65.14893258776173,51.97140856313281,60.952537952201794,67.68832738058936
1733,47.4334218726299,54.802627774504224,52.222777396175054,68.3970127062868,65.57843553997213,56.06238607658616,65.18892092208833,52.001023914235766,60.98493448890936,67.72423271010075
1734,47.45449169944295,54.83116324778163,52.2496298615334,68.4373979523661,65.61251629829779,56.094024741996535,65.2288857024777,52.03064096228307,61.017328855635704,67.76013712193364
1735,47.475532467123145,54.859700229780096,52.276483647142605,68.47777623135592,65.64659655811606,56.125685296814254,65.26882933478441,52.06022191402549,61.049725786645425,67.79604762084344
1736,47.4965878136448,54.88823780721285,52.30333910566145,68.51810460858792,65.68067590752061,56.157355037384946,65.30871736884025,52.08980194055551,61.08212367540697,67.83195983899923
1737,47.517582063626726,54.9167711999423,52.3301951539527,68.5584180986594,65.71475479203168,56.189026573778186,65.34862110838417,52.119405640751964,61.114509383158776,67.8678743567573
1738,47.53859693702647,54.945304615870505,52.357051556169935,68.59873665403306,65.74883248168605,56.220651049739686,65.38853534204921,52.1490200508172,61.14689528497473,67.90379120766156
1739,47.559617976713746,54.97383582767669,52.383907980613984,68.6390603501496,65.78291103732678,56.252275786114524,65.42844548976787,52.17864342638865,61.17927698796604,67.93971229911374
1740,47.580640877383566,55.00236288621076,52.410765743391444,68.67937003492244,65.81698984342452,56.283891777182006,65.46834729007257,52.208271662287316,61.211658693325546,67.97563451237987
1741,47.60167248452593,55.03088693882117,52.43761944044764,68.7196438948259,65.85106929368209,56.315523724862,65.50824841959005,52.237905952238165,61.24403665919493,68.01155700698621
1742,47.62265859838494,55.05941762613152,52.46447109317865,68.75989174480803,65.8851488684282,56.347181694822325,65.54814713233381,52.267564434780475,61.27640839018274,68.04747983290761
1743,47.64363188569039,55.0879515728916,52.491324541975594,68.80012269981758,65.9192266436889,56.3788470178121,65.58806581602158,52.29723552548486,61.308774426233214,68.08340152165258
1744,47.664606383068495,55.11648461434008,52.51817862952269,68.84033354655914,65.95330438790677,56.41050974365712,65.62798008055461,52.326912795458426,61.34113489370483,68.11932065085757
1745,47.68558427052299,55.145014733049635,52.54503243958759,68.88049087418338,65.9873812759688,56.44215720681909,65.66784877620482,52.356592431740914,61.373483977554365,68.15523862740648
1746,47.70654456625084,55.173541330127335,52.57188444694445,68.92065212753005,66.02145724103855,56.4738031152376,65.70770322826687,52.38626291681615,61.4058301826197,68.19115265391395
1747,47.72751383535122,55.20207108609457,52.59873795772463,68.96084110856007,66.05553336646491,56.50545195711865,65.74758663753786,52.41592605648763,61.438170522124246,68.22706564839609
1748,47.74849173657545,55.23060263117731,52.625594731191846,69.00103987048455,66.08960845732351,56.53709252363402,65.78747406848171,52.44559409550634,61.4705139497296,68.26298193753698
1749,47.76948623977704,55.259130423997995,52.65245007184429,69.04123684113452,66.12368377512855,56.56869109295455,65.82734319876954,52.4752419760807,61.502859980751296,68.29890029180636
1750,47.79049646328866,55.2876468237602,52.6793048133022,69.08141264942084,66.15775955692268,56.60028073364889,65.86719570973943,52.5048924345894,61.53520662469894,68.33481861191922
1751,47.8115256626346,55.316164619416604,52.70615707811418,69.12158444425103,66.19183487691767,56.63185378235074,65.9069878384364,52.534544834201185,61.567543976918564,68.37073624738288
1752,47.83256324737705,55.34468442493055,52.733009497475194,69.161794564987,66.2259105280607,56.663431392272535,65.9467731977945,52.56416514465589,61.59987889268738,68.40665651400825
1753,47.85360869757865,55.37319556407435,52.75986213761223,69.20201155361536,66.25998644754704,56.695004667326444,65.98656050412062,52.59380643262826,61.632209683708226,68.4425806263855
1754,47.87467924851964,55.40171113791725,52.78670950666655,69.24222197148107,66.29406127691628,56.72658100257684,66.02635129657642,52.623472196315255,61.66454215290711,68.47850687813664
1755,47.8957822938192,55.4302291986441,52.81355139107589,69.28241348558441,66.32813525430885,56.75814904316315,66.06614242157447,52.65314583114078,61.69687708420376,68.51443357630933
1756,47.91693301341499,55.458748349915304,52.840393595627624,69.32258528928955,66.36220883992897,56.78972008700806,66.10591035337589,52.68279502559657,61.729213320353,68.55036248748888
1757,47.938108762945376,55.487259084229215,52.86723717316137,69.36273995825543,66.39628242646279,56.8213070177764,66.1456763320706,52.71243506230034,61.7615616634171,68.5862919641554
1758,47.959296280712685,55.515770770854004,52.89408073181737,69.40284517414183,66.43035503850595,56.852903236449905,66.18549057745786,52.74207766671197,61.793914204419266,68.62222008236003
1759,47.98044917636236,55.544285711602235,52.92092618554234,69.44294845312758,66.46442546431697,56.8845050055807,66.22535313756693,52.77174291696045,61.82626445434921,68.65814653092673
1760,48.00160508352959,55.57280406559831,52.94777480058096,69.4830530240606,66.49849482788869,56.916108501744674,66.26526237719777,52.801434944249074,61.858613058756205,68.69407697794314
1761,48.02277718319693,55.60132579418499,52.97462643105872,69.52320382147252,66.53256406370578,56.94770979136414,66.3051874231005,52.83113655696025,61.890961700694575,68.73000868176351
1762,48.04396934770401,55.62985208147974,53.0014803296332,69.56336017569447,66.56663320848291,56.97930785053934,66.34511105498252,52.860793453940076,61.92331003588195,68.76593987970033
1763,48.06511699502703,55.658380222323395,53.0283361371132,69.60348674957878,66.60070237593413,57.01090662087141,66.3850076865642,52.890457547416766,61.95565928436671,68.80187399681839
1764,48.08627533819563,55.68690633910657,53.055193071755205,69.64358640068436,66.6347699228057,57.042496373767364,66.42486788345639,52.92012891155575,61.98800521647488,68.8378090961802
1765,48.10739761055411,55.71543419344398,53.08205513266509,69.68369517932686,66.66883659720406,57.07407075753333,66.46471702509115,52.94979120691048,62.020351664753804,68.87374198595944
1766,48.128505993698816,55.743954675658465,53.108921030503325,69.72381594729204,66.70290285446065,57.105658258008084,66.50446760857983,52.979455238606306,62.0526986481191,68.90966997665052
1767,48.1496244689701,55.77247571641223,53.135787751300384,69.7639679280917,66.73696822322177,57.13725036583344,66.54419805910314,53.00911054637806,62.08505044639512,68.94559499463995
1768,48.18007038309962,55.80571209164724,53.16843791246396,69.80370854919555,66.77205312033801,57.17152302295923,66.58352046379079,53.0427381379288,62.11958172878245,68.98148836942961
1769,48.29681322258957,55.92362692480149,53.286106535708214,69.9231833472612,66.8907443326824,57.28987309450761,66.70293671155818,53.160817281935664,62.23804042294068,69.10042455301128
1770,48.29605744828462,55.92861170435513,53.28968841754021,69.93715642147026,66.90058847790549,57.29727646050666,66.71669022666286,53.16681815041452,62.246169370937416,69.1110340243165
1771,48.31434686660939,55.95469448097943,53.313939762908596,69.97433442707985,66.93277542095814,57.326463328506954,66.75365784591466,53.19419518193018,62.276238871982734,69.1441526642861
1772,48.334518913105214,55.98288963642299,53.340258001684475,70.01384106689554,66.96719162609604,57.357837971650504,66.79301085798525,53.22371930247887,62.3085081651795,69.17951959137564
1773,48.354882967563924,56.01129834619698,53.36678275943427,70.05356396273379,67.0018314009214,57.38940508519954,66.83263684436297,53.25346277045891,62.34099924323362,69.21511047093283
1774,48.37526864720836,56.03972915171397,53.39332802856095,70.09329510952281,67.0364932458096,57.42098501737923,66.8722916818276,53.28325113510524,62.37351099781814,69.25072274809636
1775,48.39564761599439,56.06816185054327,53.419875342340085,70.132996122466,67.07115693671125,57.45257379200312,66.91194474809667,53.31305174105346,62.406023892002935,69.28633630266046
1776,48.416019340860785,56.09659544125603,53.44642284673094,70.17265732231172,67.10582073916156,57.48417002902331,66.95158443212577,53.34282390342565,62.438544922137645,69.32194822560632
1777,48.43635724323047,56.12503177317796,53.47297025998874,70.21232684030073,67.14048559491128,57.51576825432647,66.99122926254988,53.372577961961085,62.47107325116937,69.35756017849663
1778,48.4567048055451,56.15347172157727,53.499517540078486,70.25199784244334,67.17515080525654,57.547351464303425,67.03086658050225,53.40233986217737,62.50360563819107,69.39317270433892
1779,48.477035075990194,56.1819129574125,53.52606455287007,70.29167793778709,67.20981542099209,57.578912596605775,67.07045095114324,53.43209097110432,62.53613952613356,69.42878533440995
1780,48.49732140070392,56.21035307574056,53.552611589886304,70.3313581674444,67.24448152704427,57.610468774250926,67.11003040309107,53.46184580120651,62.568675877317666,69.46439746088669
1781,48.51759642429416,56.238795871948064,53.579158627182,70.3710107374156,67.27915327041502,57.64204713579732,67.1496014319967,53.491588693900624,62.60122089315536,69.50001066043932
1782,48.53788395774855,56.26724005350835,53.60570531543491,70.41061295789945,67.31382652176055,57.67363656019358,67.18911553549033,53.521294139127356,62.63377008271539,69.53562419363735
1783,48.55820819946421,56.29568182734219,53.63225216514775,70.45018678411563,67.34850081337892,57.70518311567145,67.22862249239087,53.55097521724303,62.66631966406672,69.57123793186017
1784,48.57857473198133,56.32412543288827,53.65879912129497,70.48973944838745,67.38317622364647,57.736737985053836,67.26810227623737,53.580663969786656,62.6988538958257,69.60685309479474
1785,48.59898292493455,56.35257362635103,53.68534576962683,70.52931823299234,67.41784731813557,57.76830268697137,67.30753632028846,53.610362803833894,62.73138382696602,69.64246929070498
1786,48.619410524881374,56.381028884767844,53.71189215174647,70.56889976023561,67.45251590531771,57.7998701504598,67.34696138685527,53.640002265500755,62.76390748315881,69.67808798704421
1787,48.63986896346364,56.40949030096277,53.738438416260855,70.60846024690358,67.48718418061259,57.83142234261588,67.3864127590152,53.669646455077434,62.796436539007,69.71370732505615
1788,48.66036683025946,56.43795365394527,53.76498389952587,70.6480161894923,67.52184595078349,57.86295611264963,67.42587294431168,53.69927795403016,62.828974943290234,69.74932576081672
1789,48.68079349027212,56.46641374405924,53.79152944408177,70.68754064556434,67.55650345053446,57.89449615491817,67.46539988523512,53.72890250042357,62.86151562526865,69.78494329799385
1790,48.70121555794676,56.49486752745245,53.818075235005274,70.72706716637776,67.59116525375697,57.92602845610979,67.5049688387338,53.758530075766494,62.89405346446527,69.82056229158695
1791,48.72168177886189,56.52331693757363,53.84462141152825,70.76659287849498,67.62582815355684,57.957563401306885,67.54455310400355,53.78813464580714,62.92659208216363,69.85618204677773
1792,48.74216546989063,56.55176709897246,53.87116774074482,70.80611729243445,67.66049034313471,57.98909104530412,67.58418528054943,53.817744675661146,62.959133439819055,69.89180218824801
1793,48.762680385744744,56.580215861038596,53.897713954732325,70.84564295202247,67.69514931001858,58.020611510428914,67.62382407574869,53.84730435429442,62.991670997087205,69.9274255387605
1794,48.78322320296243,56.60866047663338,53.92425982236812,70.88516700689347,67.72981119774175,58.052110535795855,67.66342215434575,53.87686338685121,63.02421029314384,69.96305175722445
1795,48.803782871743635,56.63710405541743,53.95080566096261,70.92469092597955,67.76447388922752,58.083607594770065,67.70300859037773,53.90644735454993,63.05675754166983,69.99867834283006
1796,48.824302613273005,56.66554763495216,53.977351662210474,70.96420974431109,67.7991379976824,58.11508070234304,67.74266487084988,53.93604669377022,63.0893152864676,70.03430190720886
1797,48.844822878001494,56.693986098291646,54.003897719917795,71.00371941888444,67.8338085516733,58.146543831780676,67.78235808179268,53.965656831340574,63.121881596374614,70.06992362461745
1798,48.86535971647849,56.7224245542883,54.03044367319843,71.04322957763594,67.86848091742155,58.177968523206474,67.82206535314424,53.995287364600806,63.15444983289855,70.1055438592227
1799,48.88591683361336,56.75085925407335,54.056989312713995,71.08273282259387,67.90315240047934,58.2093748474484,67.86176668471174,54.02493046983886,63.18701508875142,70.1411642764962
1800,48.90650317333341,56.779292501324754,54.08353500398055,71.12220923724335,67.93783218074253,58.240780133825055,67.90143166689914,54.054577975163355,63.21958315211926,70.17678468110924
1801,48.92710620175037,56.80772669470857,54.110080681243886,71.16166993992545,67.97251445712365,58.27218719206228,67.94109984236793,54.084195009294746,63.252152839911595,70.21240438704639
1802,48.94770564854946,56.83615950744198,54.13662610702084,71.20111990150825,68.0071952174989,58.30360022827555,67.98079629345138,54.11383290568946,63.28472416709854,70.24802378925445
1803,48.968316599662344,56.864593093093504,54.16317156305405,71.24055193548168,68.04187642395522,58.33502759309405,68.02055074598425,54.14350860651177,63.31728974124117,70.28364188773466
1804,48.98891211742043,56.89303094862524,54.18971697546682,71.2799817730148,68.07656102795114,58.36648776416573,68.0603739723204,54.17321031591388,63.34985530794983,70.3192598273339
1805,49.009470247546616,56.92147136336213,54.21626244092719,71.3193863571339,68.111253087191,58.397965942441395,68.10025191009045,54.20291754316266,63.382409340953814,70.35487609718554
1806,49.02998304567051,56.949913289207785,54.24280785525323,71.35876648332348,68.14594734080444,58.429447424770935,68.14017217012439,54.232624563952875,63.41496459914172,70.39049181276543
1807,49.050498381701914,56.97835587365418,54.269353360310895,71.39816473814908,68.18064162123235,58.46090351919271,68.18015054238391,54.262336821388516,63.44752001570089,70.42610723656244
1808,49.071039109996384,57.00679548921045,54.29589869057732,71.43756657449521,68.2153357766744,58.492361935027255,68.22014191141665,54.29208138416004,63.48007627893402,70.46172166920509
1809,49.0915929778193,57.03523406220075,54.32244404110206,71.4769997525389,68.25002979515375,58.523804215477355,68.26011642367973,54.321858258219386,63.5126359496422,70.49733806685656
1810,49.11215531021268,57.06367371810736,54.34898936579775,71.51645063576986,68.28472545035918,58.55525488245162,68.29999489827944,54.351643750000044,63.54519641300823,70.53295491933692
1811,49.13268372279396,57.092113684944636,54.37553475312684,71.55590284047094,68.31942190493191,58.586729002787806,68.33991468777015,54.38142693567679,63.57775194919621,70.56857011533576
1812,49.153216658148715,57.12055666967197,54.40208024044565,71.59535393648034,68.354117476455,58.618211559753085,68.37984833761828,54.41121409564676,63.61029280787498,70.60418478569893
1813,49.1737575401652,57.14900178378437,54.42862584252325,71.63481703695383,68.38881183135143,58.649701253255174,68.41975631148897,54.441039078065295,63.642819123335016,70.63979853523111
1814,49.1942841787717,57.17744570837755,54.45517139883601,71.67428436462261,68.42350605799521,58.681193276082276,68.4597071519863,54.470879497986544,63.67534099476607,70.67541309611498
1815,49.21479624933905,57.205887217493654,54.481717095127216,71.7137472151146,68.45820018261219,58.71268529089387,68.49966726506264,54.50069275788884,63.7078711565719,70.71102898865344
1816,49.23532287720745,57.23432745363145,54.50826287666859,71.75317431123116,68.49289665611852,58.74416566606059,68.53960600756163,54.53049074846568,63.74040842348056,70.74664642488594
1817,49.25584771720323,57.26275937273256,54.53480871767316,71.79256153421458,68.52759352242806,58.77560926228335,68.57948431648522,54.56030000277889,63.77294689251851,70.78226411789008
1818,49.276364525525835,57.29119419722536,54.56135433254805,71.83194121798837,68.56228752715175,58.8070554202691,68.61938347625113,54.590114891345436,63.80548408444922,70.8178829361094
1819,49.29689144476948,57.31963168546609,54.587900229723175,71.87133224897235,68.59697777350576,58.83851978273085,68.65930728912598,54.619887230829946,63.83802425359671,70.85350251100246
1820,49.317387641042814,57.348070176994476,54.61444641545934,71.91073861244823,68.63166062739678,58.86999586543965,68.69922919475232,54.64964446790142,63.87057015906102,70.8891212157412
1821,49.337899827908636,57.37650494930857,54.64099268606649,71.95015817807172,68.6663470108427,58.90147385763834,68.7391081133998,54.6793899789891,63.90311828982518,70.92473787713702
1822,49.35842278220214,57.404936598372196,54.66753898496959,71.98959761964375,68.7010356601408,58.93293461280939,68.77897541860072,54.709113707519215,63.93566658436036,70.96035001102967
1823,49.37894209900708,57.43336914254391,54.694085349478335,72.0290518477484,68.73572523855168,58.96435000009065,68.8188386744789,54.73883816022029,63.96820906318047,70.99596010800126
1824,49.39944378646158,57.46180233330233,54.720631570874104,72.06850484596701,68.77041539814529,58.99575543758506,68.85870555689218,54.76859460755615,64.00073858100167,71.03156867842249
1825,49.41995501819524,57.49023691311396,54.747177892464144,72.10793075647389,68.80510780383368,59.027175362121696,68.8986100065095,54.79838075630568,64.03324996952445,71.06717878996281
1826,49.4404590054435,57.51866888541216,54.77372430821407,72.14733976929001,68.83980061777685,59.05859888761944,68.93853105049233,54.828175143149956,64.06576277504497,71.10279015655239
1827,49.460997180515726,57.547101573219905,54.80027086776356,72.18673884483728,68.87448842332168,59.08999999923553,68.97846090306102,54.85795035720781,64.09828429102386,71.13840154567295
1828,49.49122488885318,57.580305816250466,54.83280584285912,72.2257965831754,68.90977006813812,59.12421533382223,69.0179998904977,54.89161387389481,64.1328713888641,71.17400652067742
1829,49.60787608191047,57.698207153878855,54.95042608795482,72.34517577765385,69.02854391451658,59.24254132990419,69.13744645984995,55.00970810645891,64.25135352551256,71.29290232828916
1830,49.607832500938116,57.70258424467124,54.953393254677636,72.35844101219809,69.03917667494431,59.24968957810924,69.15235540987936,55.015124643956305,64.25946489793331,71.30347565363894
1831,49.62717656943443,57.72787022564705,54.976831775020514,72.39477351321902,69.07233555444589,59.27852085434158,69.19069911144572,55.041774345532,64.28950794202038,71.33655294732198
1832,49.64844736420112,57.75524536215029,55.00231792329283,72.43341451077386,69.10775264132545,59.309515702242024,69.23142091289728,55.07056224583837,64.32175109237352,71.37188295972973
1833,49.66990295644414,57.782825840517056,55.02800640743814,72.47228493333809,69.14339810412959,59.34069739445441,69.27236626691156,55.0995384568961,64.35422972541512,71.40743721012556
1834,49.691380939679064,57.81042780943952,55.05371560263902,72.511187498015,69.17906580330073,59.37188570072512,69.31330911593342,55.12852432561427,64.38673161217879,71.44301308271356
1835,49.71287280181235,57.83803717198312,55.07943221010997,72.55009432044824,69.21473472295814,59.40307459128676,69.35417006545752,55.15751828101203,64.41923396491383,71.4785908491659
1836,49.73437352323135,57.865648699880644,55.10515618876793,72.58900831220824,69.25040322086883,59.43423839428346,69.39500524855121,55.18653643850932,64.45173250938669,71.51416875452537
1837,49.75587955299757,57.8932592151356,55.13089048600764,72.62792398080592,69.28607405579464,59.46538726117147,69.43585485107423,55.21556768384624,64.4842332734153,71.54974662245536
1838,49.77738719562743,57.92086931431486,55.156630170579724,72.66683233172783,69.3217487234694,59.4965382465643,69.47670537719513,55.24454351165414,64.51673611619925,71.58532444260382
1839,49.79890584170308,57.94848118425867,55.18237307500659,72.70570740476357,69.35742379089153,59.52769328970993,69.51754686132178,55.2735306503185,64.54923899814172,71.62090266433408
1840,49.82043005778236,57.976094251283385,55.208119468855436,72.7445722102989,69.39308953313795,59.55883286851858,69.55839774054408,55.30252203071928,64.58173108346654,71.6564808977131
1841,49.84195028936532,58.00370502425932,55.23386705348572,72.78344858987346,69.42873925348701,59.58997194953182,69.59927139851757,55.331506791468435,64.6142160513376,71.69205820286234
1842,49.86348199196125,58.03131653728792,55.259614211416064,72.82232492605881,69.46437612495265,59.62110420569632,69.64016070813149,55.360445906494995,64.64670075587564,71.7276325698409
1843,49.88500500839482,58.05892969731831,55.285360191523026,72.861176853884,69.50000594714952,59.65224437450878,69.6810496017885,55.38937805960882,64.67918280142227,71.76320484704324
1844,49.90651870832641,58.086543499247455,55.31111399555381,72.90003362714064,69.53563516563581,59.68338795129837,69.72192109170895,55.41831307732134,64.711659660004,71.79877642860694
1845,49.928054065518346,58.114152545958156,55.3368783663597,72.93889641742899,69.57125568518366,59.71451610464774,69.76277442460075,55.44725718177478,64.74414108849282,71.834346362378
1846,49.949600854557666,58.141762210821895,55.362645333824815,72.97775867471944,69.6068820255217,59.74562228782885,69.80360862562837,55.47618741551977,64.7766250675682,71.86991645438316
1847,49.97114540644742,58.16936387901825,55.38841322563005,73.01661783381147,69.64251059969693,59.776705873643735,69.8444421723311,55.505107619771415,64.80910931686287,71.90548654895065
1848,49.99267413768046,58.196964810227556,55.41416967097167,73.0554738135569,69.67814085066104,59.807797799770846,69.88522289733622,55.534029983329134,64.84157867591216,71.94105591471964
1849,50.014191778653306,58.224569152553656,55.439916546198155,73.0943299583863,69.71377206384817,59.83889662578794,69.92596171715495,55.56294408190531,64.87404249679419,71.97662621998263
1850,50.035701198495715,58.252175054551294,55.46566572778658,73.13318127591394,69.7494113277193,59.86998526360754,69.9666508703614,55.591866184256155,64.90650250596539,72.01219690827894
1851,50.05722020327467,58.27978129491022,55.49141784993157,73.17202956625098,69.78505252865371,59.90106586985831,70.0072754087413,55.620775113330836,64.93896385347428,72.0477673456638
1852,50.078732886803365,58.30738590781117,55.517162907598504,73.21088849280862,69.82069470913807,59.93213976526554,70.04786729348727,55.649693936200094,64.97142361958501,72.08333825676613
1853,50.10025487844355,58.334984154480495,55.54290649339649,73.24974860186855,69.85634440751068,59.96321090792802,70.08845280694833,55.67863437277608,65.00389369065584,72.11891309546617
1854,50.121797448108154,58.362583649055566,55.56864097108404,73.28860328278618,69.89199480357027,59.99427100742935,70.12905009099258,55.707579350368626,65.03636696797474,72.15448900202813
1855,50.14335512766317,58.390183436876946,55.594376647722186,73.32744880295803,69.92764040634586,60.025317429193876,70.16964230950644,55.73654231124062,65.06883251180271,72.19006483252063
1856,50.16489281843254,58.41778305461586,55.6201134823885,73.36628830243413,69.96327829117095,60.056349534918276,70.21022176312519,55.76552352524845,65.1012953942449,72.22564163506429
1857,50.18642944075816,58.44538139052816,55.64584965154036,73.40511168092365,69.99891430307554,60.087358497640246,70.25079956152253,55.79451915399962,65.1337493463714,72.26122077809757
1858,50.20795117286494,58.47297839174811,55.67158896691704,73.44393952277092,70.03454511237042,60.11837589902937,70.29134299532299,55.82354597114978,65.16619793532887,72.29680103642396
1859,50.229445682317404,58.500569488228415,55.697310851355816,73.48278581028224,70.07017667999025,60.14940489358584,70.33189422865159,55.85258430381963,65.19864676841361,72.33238163860784
1860,50.250949441191665,58.52815808989993,55.72303515746445,73.52163313105012,70.1058038146628,60.18044421829345,70.37243417120733,55.88161165224822,65.23109951413791,72.36796282747412
1861,50.272440326582576,58.555748202226766,55.7487666653334,73.56048664476218,70.1414297158983,60.2114871476248,70.41290025458123,55.9106168336678,65.26355620742599,72.40354398003191
1862,50.293934699568105,58.58332931211523,55.77450117891065,73.59935737343864,70.17704920042283,60.242510470589266,70.45337797707205,55.93959345932661,65.29601335511339,72.43912290629643
1863,50.315414120894324,58.610910932383625,55.800244083844774,73.63823743849036,70.21267072132889,60.27352399218967,70.49386162114318,55.9685976385165,65.32846463970749,72.47470401254583
1864,50.33687050686324,58.638491481445854,55.82599237628158,73.67711622304238,70.2482926159111,60.30454092780003,70.5343330321511,55.997612418263664,65.36091638164888,72.51028572158299
1865,50.35831165978795,58.66606627958601,55.85173160727197,73.71598779708006,70.28391972391513,60.335563811645414,70.57478212437618,56.02662069723615,65.3933687928178,72.54586822722649
1866,50.37975905358274,58.69363590454248,55.877460676541524,73.75486519162432,70.31954793010912,60.36658727920183,70.61522743251159,56.05561713829978,65.4258280588362,72.58145105187636
1867,50.40120911285042,58.72120707926649,55.90319448565932,73.79373927221921,70.35516435067194,60.39759630739037,70.6556237368143,56.084594781904954,65.45829510788546,72.61703321181872
1868,50.422671149438074,58.748780579274175,55.9289319166392,73.83259697678353,70.39079945368155,60.42861728677205,70.69596783571411,56.11356947612708,65.49076430909626,72.65261300737308
1869,50.44406709135993,58.776355466657535,55.9546631426291,73.87147738170137,70.4264418572767,60.459652901628274,70.73627966263186,56.14253236078134,65.5232382196837,72.68819291151222
1870,50.465440253764754,58.80393096639452,55.980395991730006,73.91036764847094,70.4620882441322,60.4907058891044,70.77662306075561,56.17146845371242,65.55571620726185,72.72377247548991
1871,50.4867561641576,58.831509971375766,56.00612876628979,73.94925647026295,70.4977359198435,60.52177120409253,70.81699100602536,56.20042452420515,65.58819473288317,72.7593504457768
1872,50.50805662970873,58.859090514368255,56.031862621817325,73.98813026978135,70.5333828395758,60.55283927433501,70.8573689113155,56.22939114122318,65.62067294723698,72.79492786451436
1873,50.52935342612909,58.886670114645085,56.05760024071676,74.02700340118965,70.56902128046859,60.58390530817,70.89776016831995,56.25836308547414,65.65313533423678,72.83050616146897
1874,50.550638173488835,58.91424806545162,56.083339935135704,74.06586480643875,70.6046601788132,60.614984800567946,70.9381775855107,56.28728347082451,65.68559416989429,72.86608493025767
1875,50.57193373235303,58.94182728834618,56.10907366322339,74.10471472506356,70.64031569135878,60.6460793541169,70.9785932736757,56.31619615113344,65.71805408880432,72.90166364028289
1876,50.59319810636546,58.969407923844535,56.13480633726109,74.14356362635816,70.67597695767698,60.67718618902005,71.01896163421928,56.34512273355833,65.75052240859377,72.93724118841564
1877,50.614478683319376,58.99699474860697,56.16052954564547,74.18239881094587,70.71163428823081,60.708297088399554,71.05930268290146,56.37407506511544,65.78299394542354,72.97281898805733
1878,50.63577361976498,59.02458753456843,56.186257887369955,74.22122658530306,70.74729200300736,60.73940904742943,71.09963018058019,56.40303732200973,65.81546581276207,73.00839641680096
1879,50.65706668385637,59.05218438152018,56.211997198832236,74.26005802602587,70.78293906253822,60.77052156419732,71.13994354493987,56.43198952457439,65.84793571407121,73.04397411344314
1880,50.67839321094366,59.07978235293513,56.237740761876324,74.29888863965813,70.81857916215718,60.8016303430937,71.1802572049924,56.46091526258333,65.88040704454525,73.07955247692962
1881,50.69973407424769,59.10738012967194,56.263486199387714,74.3377224669297,70.85421871093966,60.83274095080741,71.22056404122712,56.4898335961213,65.91287949999716,73.11513130462367
1882,50.72108241514426,59.13497779792085,56.2892231519472,74.37655652305351,70.88985219152643,60.86385338090913,71.26087339107826,56.51875571126373,65.94535769237054,73.15071071532826
1883,50.74244806704352,59.162576092774806,56.31495737901194,74.41536722021905,70.92547782597981,60.8949677423287,71.30119407632375,56.54767102518837,65.97784543802054,73.18629081988298
1884,50.763822796962344,59.19017224952085,56.34069412087553,74.45415773882293,70.96111360775576,60.92605253836795,71.34151440035805,56.57659001532555,66.01034530948608,73.22187100399694
1885,50.78520444801412,59.217767445248,56.36643627284359,74.492910545563,70.99675159178133,60.95712757774308,71.381811647464,56.60550338386646,66.04285241266788,73.25745073164686
1886,50.80659193353789,59.24535902294984,56.39218578053399,74.53166180175795,71.0323892217843,60.98820338454546,71.4220685362844,56.63441732288712,66.07536087947939,73.29303201143559
1887,50.82798265258104,59.272950341720886,56.417937916972505,74.57041326649505,71.06802788553735,61.01926064744406,71.46231346931448,56.66336218810375,66.10786860838462,73.32861490262518
1888,50.84937913311061,59.30054141921951,56.44368974925863,74.60914929806302,71.10366668656101,61.05033475934428,71.50258037901013,56.69233084439224,66.14036963025869,73.3641984865106
1889,50.87995413279109,59.33344954494014,56.47593542848497,74.64762318589604,71.13930032709254,61.084444580913676,71.54241732384571,56.725724198338156,66.17494858350202,73.39978040966642
1890,50.99675118821245,59.45122651329835,56.59343416931559,74.76692064130377,71.25820014787807,61.202726261528376,71.6619056072338,56.843704962550994,66.29342729941978,73.51867299001935
1891,50.99679873153679,59.456026804987715,56.59526248358094,74.77994206023388,71.26874651933386,61.20943407962428,71.67688698700039,56.84927465632243,66.30135056454756,73.52889697901692
1892,51.01625737613922,59.48187126536294,56.6171719929718,74.81596742073599,71.30179397370823,61.23772192059346,71.71528308867732,56.8760855972798,66.33115543588856,73.56154573685708
1893,51.0376583590396,59.509820359532284,56.64107882421812,74.85430035003935,71.3371057530432,61.268175949240685,71.75602599052849,56.90503367304118,66.36314589348947,73.59643555891452
1894,51.05925192743607,59.53798038731937,56.6651733403182,74.89287373888752,71.37265389820665,61.29884878509448,71.79698845235087,56.934206978177485,66.39535156695986,73.63154811372755
1895,51.08086096140227,59.56616078994401,56.68928775688932,74.9314657794215,71.4082336476853,61.3295420862423,71.83796269878631,56.963424896238045,66.42758262868378,73.66668447545834
1896,51.10246847288467,59.59434376994537,56.71337035851013,74.97005988162704,71.443816433923,61.360244072003205,71.87892942547556,56.992663123676465,66.45982254091444,73.70182475915948
1897,51.124059886685416,59.62252763348819,56.73742363939226,75.00866070886607,71.47940271770764,61.390949064393375,71.919945247202,57.021906980309744,66.49206581831359,73.73696555628081
1898,51.14563329071971,59.650707596499345,56.761484379109916,75.04726818763342,71.51499274194109,61.42164861497636,71.96097454985052,57.05113667129429,66.52430958950056,73.77210655466195
1899,51.16721861914454,59.678888306864685,56.785559007183004,75.08588099358312,71.55057496265997,61.45233219132627,72.00199391754231,57.080388560240095,66.55655465105743,73.80724767981036
1900,51.188809054445656,59.70707209830748,56.80960064867322,75.12449058725667,71.58615404169133,61.48301577670851,72.04298887868178,57.109650434718574,66.58880506512999,73.84238861335591
1901,51.21040576717989,59.735257079632845,56.8336373175981,75.1630691202191,71.62173199277035,61.513696069618334,72.08400981671059,57.13891456780763,66.62105716817496,73.87752782938722
1902,51.23201317787665,59.763442346096156,56.857705547053875,75.20165496544638,71.65731980334675,61.54438379834712,72.12509568903718,57.168170201637764,66.65330665783361,73.9126662741452
1903,51.253599227075185,59.79162600112987,56.88178661175119,75.24025281024745,71.69291275636495,61.57507406783065,72.166187705703,57.197451928826496,66.68555700024154,73.94780382267305
1904,51.275154346785136,59.81980860482155,56.90585749701043,75.27887004505342,71.72850577677396,61.605765797520185,72.20724158701768,57.22674778554421,66.71780627775595,73.98294085632655
1905,51.2967071884164,59.84799049280937,56.92995144053564,75.31751937709566,71.76409254865644,61.63643852128836,72.24832759887308,57.25604618627203,66.7500528665254,74.01807888510591
1906,51.31826477138362,59.87617454713946,56.954057780988684,75.35618063280374,71.79968114473282,61.6670968104147,72.28941928671021,57.285340002573726,66.78229661058076,74.05321724425167
1907,51.33981743736511,59.90435945920931,56.97816713896672,75.39484279744825,71.8352823790843,61.69775200461738,72.33049430876096,57.31459681709118,66.81454135253568,74.0883555140523
1908,51.361374939855835,59.93254440043326,57.00229404778754,75.43352190902637,71.87089262056345,61.728393209156756,72.37153916273809,57.34384772434153,66.84678627835117,74.12349390782872
1909,51.38293843556301,59.96072931232151,57.026434103579376,75.47221180195218,71.9065053837308,61.759028736226625,72.41258156757114,57.3730949927501,66.87902677727448,74.15863222856142
1910,51.40450535022664,59.988915395591704,57.0506053509081,75.51090179499583,71.94211835893135,61.789645683254605,72.4536123935583,57.402297424030024,66.91127431816177,74.1937708038263
1911,51.426076358239605,60.017102091127114,57.07479441647927,75.54958150082503,71.97773911546659,61.8202557016812,72.49463252274417,57.43148250055336,66.94352389392185,74.22891181200953
1912,51.4476274969823,60.045288906175706,57.09900059359404,75.58825902976749,72.01336915386857,61.85087068909509,72.53560799279651,57.4606667245613,66.97576823787124,74.26405513266195
1913,51.46916636953152,60.07347602778263,57.1232161853184,75.6269346985148,72.04900270956134,61.88149528177827,72.57655415995079,57.48983986376991,67.00800644178845,74.2992001023089
1914,51.490686089050776,60.101662192746,57.14742293425712,75.66559594151732,72.08463582361915,61.91212399871575,72.6175192591985,57.51900349918054,67.04024327785078,74.33434645758327
1915,51.512211035760295,60.129848855843576,57.17162281643047,75.70425165354459,72.120256342779,61.9427243621903,72.6584879298274,57.548187279214666,67.07247399507513,74.36949390579399
1916,51.53374261047306,60.15803385296662,57.195818749730805,75.74289276977223,72.15586625468957,61.97332580653791,72.69945303264142,57.577390023083964,67.10470129579477,74.40464185697172
1917,51.55528139474467,60.18621915978337,57.22001051198362,75.78154666550977,72.1914738601198,62.0039372593909,72.74041780081218,57.606601768486605,67.1369254352535,74.43978989975348
1918,51.576815347786955,60.2144063427825,57.244205219390786,75.82021008349199,72.22708559959746,62.03455765875936,72.78136551542426,57.635772481057145,67.16914822670832,74.47493793197407
1919,51.59834810408207,60.242595600887476,57.268410109550274,75.85887349441151,72.2627096792082,62.06519196499728,72.82223671169102,57.6649439639928,67.201375188728,74.51008597896907
1920,51.61985841193989,60.27078525010213,57.29262689967952,75.897532060795,72.29834273409917,62.09583128715058,72.86306383062666,57.69412372140882,67.23360357646065,74.54523541870802
1921,51.641345720739785,60.29897360674026,57.31680982768405,75.93620064617136,72.33398305270288,62.12646549007685,72.903918743031,57.72331120749525,67.26582772633903,74.58038640059392
1922,51.66281943355128,60.327162958211005,57.340962472519685,75.9748695518489,72.3696249457515,62.1571047433353,72.94478082225271,57.75250031752,67.2980520292611,74.61553810365773
1923,51.68430055655032,60.35535309529609,57.36507836582451,76.01353059765285,72.40527289338408,62.187717680505315,72.98564910303477,57.78168482499109,67.33027608185543,74.65068981507942
1924,51.705806051001346,60.38354355913018,57.38919119997014,76.05218891832683,72.44093327365744,62.2183219293599,73.02654839998135,57.81091669983959,67.36249107960911,74.6858401463645
1925,51.727330344637856,60.41173202178988,57.41331943068333,76.09082756203657,72.47660404082484,62.24890351821102,73.0674531025548,57.84016794998464,67.39470170651597,74.72099070053665
1926,51.7488743208617,60.43992081929391,57.43745412462371,76.12947543634903,72.51228207749372,62.279470985454104,73.10835262365046,57.869423239706336,67.42690356555416,74.75614216125503
1927,51.770431627957464,60.46810956186421,57.461590619528145,76.1681219032205,72.54796693488728,62.3100227802406,73.14921987638802,57.89863910985347,67.459107871518,74.791294066584
1928,51.791977412683735,60.49629814214459,57.485724519731775,76.20674416772123,72.58365247258206,62.34057031124477,73.19003319184884,57.92785258816132,67.49131469719012,74.82644598667326
1929,51.81350327878952,60.52448774604404,57.50985903563489,76.24535029896555,72.61932909880825,62.3711185311476,73.23083781214478,57.95704209011988,67.52352216564465,74.86159864835811
1930,51.835026587894944,60.55267768021196,57.534000040930565,76.28393641432483,72.65500647300293,62.40165716815842,73.27159390739394,57.98622720140435,67.55572371776807,74.89675248239739
1931,51.85655251300965,60.58086758337488,57.558142777621356,76.32253449000288,72.69068013859514,62.432170231182596,73.31229209219005,58.015422987270966,67.5879261397698,74.93190652391617
1932,51.878083923259574,60.60905971751754,57.58229385082629,76.36115252711507,72.72635620937312,62.462675358101116,73.35300151464642,58.04460529198049,67.62012836784186,74.96706047416329
1933,51.899588481339634,60.63725266112345,57.60645197156691,76.39979127753331,72.76203438527185,62.49318982702036,73.39371281464551,58.073777590153725,67.65233098785832,75.00221444177149
1934,51.92106253959087,60.665443612396054,57.63058591409277,76.4384573606007,72.7977204862055,62.52370704559476,73.43441481571428,58.102953906651905,67.68452829142127,75.03736859273867
1935,51.942539123689215,60.693635564107716,57.65470698091393,76.47713471944738,72.83342118424832,62.554233610843646,73.47512231068384,58.132069478987724,67.71672051997274,75.07252330442047
1936,51.964023013627205,60.721828013772324,57.67885579377001,76.51581779388431,72.86913543024222,62.584764082295536,73.51589404546694,58.161182809491635,67.74890947018282,75.10767947464998
1937,51.985515069299296,60.75001967113958,57.70302658930709,76.55450205350839,72.90485214517828,62.61529523879169,73.55672081124318,58.19029014990467,67.78110116910757,75.14283627060871
1938,52.007004376709446,60.778211510461766,57.72721166827797,76.59322106771751,72.94057882431275,62.64583059518205,73.59755086027457,58.219393098236154,67.81329373818694,75.17799311350878
1939,52.02848172876967,60.80640325760747,57.75140862331313,76.63195820050143,72.97631893796058,62.676353567321264,73.63834407528375,58.24847569652231,67.84548905480933,75.21315212587928
1940,52.04995170012282,60.834594806228466,57.77561113279301,76.670696537473,73.01206161768744,62.70686767516254,73.67912514174449,58.277549559043344,67.8776923247129,75.24831240571716
1941,52.07143227102571,60.862785921295185,57.79980627461025,76.70942443486861,73.04780935985374,62.73739097802076,73.7198891550624,58.306617676595415,67.90989835984675,75.28347316651282
1942,52.09291249794589,60.89097835492707,57.8240089428441,76.74813959510603,73.083558431645,62.767924234669174,73.76062870541327,58.33569476150889,67.9421045667997,75.3186339710568
1943,52.11440183016526,60.91917113023657,57.84823369318798,76.7868569449791,73.11930474282319,62.79846836330644,73.80138005095998,58.36474884554346,67.97430595659165,75.35379391849148
1944,52.13589776786011,60.94736417971576,57.87242466137268,76.82557514309715,73.1550519475631,62.829017090203074,73.8422246315385,58.39380025855944,68.00650719859202,75.38895316049378
1945,52.15737919363545,60.9755590372941,57.89661480965908,76.86431332996644,73.19080090870233,62.85956695317784,73.88310910007874,58.42283206653105,68.03871188485151,75.42411229816493
1946,52.17885273744316,61.003754610267215,57.92081730497245,76.90306331493306,73.22654871647232,62.89011286642273,73.92399177054207,58.45186804485544,68.0709204384824,75.45927156105954
1947,52.20033016448972,61.03195016668154,57.945016026687185,76.94183896208574,73.26227507987741,62.92067145135471,73.96483965584025,58.480874879289274,68.10313107937908,75.49443063297862
1948,52.221803212824966,61.06014488109251,57.969194191205666,76.9806223455068,73.29799146700212,62.951240831162394,74.0056910113874,58.50986902463764,68.13534212076844,75.529590078694
1949,52.243243093237304,61.08834088775322,57.99334241063786,77.01940336424803,73.33370815276653,62.98182160281272,74.04654089116804,58.538882955278524,68.16754863941668,75.56474968052316
1950,52.264699789507425,61.11653740449903,58.017483492470014,77.05816418939293,73.36941917488929,63.01241565016951,74.08735313401452,58.56790563263341,68.19975562740149,75.59990929308985
1951,52.295299409312946,61.14965990817635,58.04912532767943,77.09664806707877,73.40512153137797,63.046363775342854,74.12765701573191,58.60130329953412,68.23423833528506,75.63534089127421
1952,52.412106805186816,61.267526915276385,58.16637045402293,77.2159469210659,73.5240309723975,63.16457754347121,74.24721067028347,58.71928587518797,68.35267662815171,75.7541777180672
1953,52.41238951927148,61.272889584131185,58.168635937405156,77.22826987795555,73.53445036967034,63.171751466271076,74.26165368797844,58.72535067670819,68.36153979947272,75.7642121971234
1954,52.43218135454844,61.299468503408306,58.191135449516075,77.26346851429835,73.56734319144726,63.200645440606536,74.29937378760563,58.75284247817354,68.39253368091227,75.79663090570226
1955,52.453935834771386,61.32817866939971,58.21567587579069,77.30094882299518,73.60249474479382,63.23171363599669,74.33940893823598,58.78249560110247,68.42575170893835,75.83128824665575
1956,52.475893127687996,61.35709766544233,58.24042175547783,77.33864978139569,73.63787842162488,63.26301177186937,74.37962935755759,58.8123738364713,68.45917743198096,75.86616631230989
1957,52.49787506643355,61.38603389418287,58.26518166227123,77.37637902186478,73.67328811295636,63.29433259523629,74.41986022772385,58.842290126157664,68.49261450990089,75.90106550722398
1958,52.5198652151928,61.41497322049107,58.28994011803785,77.41411123933243,73.70870607745304,63.325629681166966,74.46011869436465,58.87223066998494,68.52604651875278,75.93596715939171
1959,52.54184569125227,61.44391375182911,58.31470266707887,77.45183685839498,73.74412579853583,63.35690006810974,74.50039207177875,58.90217792851897,68.55949141740143,75.97087069933654
1960,52.56382942661869,61.47285057763809,58.33944747310776,77.48955964251161,73.77955391627398,63.38815831231093,74.54069653090038,58.93212255260759,68.5929400175637,76.00577594580072
1961,52.5858199247053,61.501788444866456,58.3641990139271,77.52727703486373,73.81498385908495,63.419414922289185,74.58100590677617,58.96208068143957,68.62638731482558,76.04068173177569
1962,52.60781949997834,61.53072127586258,58.38891236982654,77.564998269677,73.8503971854478,63.450642549426455,74.62129979291018,58.992047985064815,68.65983418323735,76.07558749294682
1963,52.62982426497196,61.55964491617661,58.41362297813332,77.60271999795083,73.88579334024243,63.48185967178297,74.6616132610035,59.0219749616979,68.69330018077399,76.11049313817226
1964,52.65183188726072,61.58856245385497,58.43834595126909,77.64042826219809,73.92119763804803,63.51307878896047,74.7019241596079,59.051885546388476,68.72678366828958,76.14539905284322
1965,52.67384410496385,61.61748133910256,58.46308189930988,77.67813741379469,73.9566040601329,63.54428906082039,74.74218766094941,59.08176496132957,68.76027751818752,76.18030328537422
1966,52.695862103068755,61.646397396047604,58.487822575980815,77.71585945131618,73.99201014066452,63.575492680651905,74.78244183164914,59.11163058982675,68.79377736237892,76.21520554019529
1967,52.717866499667885,61.675310096300876,58.51256646228354,77.75359542143401,74.02741116203757,63.60668341386828,74.82267847842598,59.141482396445284,68.82728077105392,76.25010796195025
1968,52.739867529492095,61.70422282140395,58.537321151607244,77.79133382866237,74.06280513897268,63.63788029134104,74.86292719291342,59.17134724177064,68.86078564669644,76.28501046787726
1969,52.761840369188135,61.73312793806214,58.562080040691534,77.82906431709249,74.0981903363359,63.669101779323626,74.9031758492608,59.201215076323535,68.89429856504673,76.31991260673405
1970,52.78381722988334,61.76203117283473,58.586826891687714,77.86679092460527,74.13357902239578,63.70033912543263,74.94341123176513,59.23107462599749,68.92784067309964,76.35481461956783
1971,52.805792322266576,61.79094141148728,58.61158838626036,77.90452099405515,74.16896822298314,63.73160053965991,74.98362399230331,59.26094143600833,68.96140505412335,76.3897138273897
1972,52.827777168968495,61.81985439579235,58.63635789903348,77.94225413431937,74.20435533949583,63.76289250085759,75.0238417468134,59.29081888440499,68.99498506842204,76.42460940711938
1973,52.849756683251655,61.84876890229051,58.66113263074253,77.97999840654781,74.23974281667152,63.79419282828025,75.06412789851382,59.320704165013225,69.02856801446482,76.45950566146807
1974,52.87173176498524,61.87768439784288,58.68591990488176,78.01774663488425,74.27512431865357,63.82550527624655,75.10442471051306,59.35063569315098,69.06212509460504,76.49440333114283
1975,52.89371047833862,61.90659414351778,58.71072010282769,78.0555066904258,74.31050212282476,63.856824023393756,75.14469188683569,59.38060410844807,69.09569502911212,76.52930258849325
1976,52.91568231650283,61.9354997096053,58.73552477068944,78.09327656036739,74.3458803015109,63.88813393065894,75.18496167677749,59.41058061140579,69.12926922244951,76.564202203858
1977,52.937643703772885,61.964404217429575,58.76032981452933,78.13105303154687,74.38125730939429,63.91942551505218,75.22528884602065,59.44054714506593,69.16284336451545,76.59910154742452
1978,52.95958968701247,61.99330988404744,58.78514556403061,78.16883523006803,74.41663842969643,63.95071522312426,75.2656547266216,59.47050368914506,69.19641856582618,76.63400033910915
1979,52.98152958078631,62.02222008752189,58.8099837523539,78.20661789607587,74.4520215763269,63.98201156714953,75.30602201774717,59.50046275281375,69.22999084765753,76.6688987359103
1980,53.00346336523304,62.051133272173196,58.83483351480732,78.24440651406623,74.4874046984771,64.0133088294376,75.34637854405065,59.53042387608859,69.26357770942273,76.70379367036719
1981,53.02540796877845,62.080040285750904,58.859698666093536,78.28220776779604,74.52279649599902,64.04459794765678,75.3867338355649,59.560369936145335,69.2971682406103,76.73868862025799
1982,53.04735989987134,62.108948144343934,58.884574950653224,78.3200177359623,74.5581917292042,64.07588763726928,75.42707726658482,59.59032361624064,69.33076037689052,76.77358343006969
1983,53.069313929153545,62.137851034518874,58.90942598501572,78.35782860935714,74.59358619391087,64.10718968424267,75.46741625159409,59.62030201444904,69.36435478158977,76.80848175266652
1984,53.09126876901795,62.16675440113206,58.93425850180037,78.39563067033609,74.6289743599966,64.13849969814872,75.50770152276161,59.650295868962175,69.39793368184172,76.84338258774746
1985,53.11321354446337,62.19565932300165,58.959099869404824,78.43341526541086,74.66436390848622,64.16981142188767,75.54796787321854,59.68029258025252,69.4315143813179,76.87828572380563
1986,53.135164984967204,62.22454736155941,58.983946012674245,78.47119750940287,74.6997418607965,64.20111876726241,75.58825744465155,59.71028972191728,69.46509181436929,76.91318932410687
1987,53.157128972417794,62.25343255693284,59.008795389314365,78.50898015702002,74.73511726196621,64.23240953484819,75.62854754711388,59.74025183350379,69.49867442347463,76.94809334669829
1988,53.17905113311246,62.28232190905196,59.03362812431167,78.54675815236592,74.77049249965488,64.26366485427943,75.66880723318766,59.77020044743877,69.5322645125815,76.98299811009161
1989,53.20098150777919,62.31122176825692,59.05845654230052,78.58453447532936,74.80586991079568,64.29490289829972,75.7090703325715,59.80015479955063,69.56585686542412,77.01789983887369
1990,53.22288685061873,62.34012427263294,59.083274496330255,78.62233296212229,74.84125305169817,64.326143510663,75.74936596487804,59.83012089632025,69.59944816947122,77.05279808795223
1991,53.24477702822572,62.3690268616911,59.108093762509625,78.66015179760467,74.87663694649552,64.35739560318277,75.78966351786052,59.86010094699615,69.63300643634824,77.08769423993594
1992,53.26666993830736,62.39792500765563,59.13290924449323,78.69797590287294,74.91201455378736,64.3886564197436,75.82992309732866,59.89008236350234,69.66657722589856,77.1225860117539
1993,53.28856490094325,62.42682221834432,59.15775131392288,78.73580959430399,74.94739330573124,64.41990929386861,75.87016854549407,59.920063474801765,69.7001570017351,77.15748107805842
1994,53.310462494355725,62.45572545291303,59.182607645815125,78.77364792466362,74.98276478794659,64.45115489942079,75.91039040504612,59.95009502659943,69.73373756972369,77.19237807555616
1995,53.33235791234559,62.48463103924765,59.20748032859108,78.81149863198621,75.01813444815835,64.48237256327246,75.95058491520565,59.98014784818053,69.76733220193329,77.22727522553173
1996,53.35424213632217,62.513541195095975,59.23236763204423,78.84935198310681,75.05350505550659,64.5135970868893,75.99076937325421,60.01020254185598,69.8009330738027,77.2621719194694
1997,53.37613981922705,62.54245328419631,59.257214291848086,78.88720333463708,75.08887475341848,64.54480024689497,76.0309409870768,60.04023589607447,69.83451739878925,77.29706783092551
1998,53.39801152698696,62.571369821403984,59.282044193379676,78.92506428589546,75.12424317331032,64.57600701973506,76.07111223845538,60.07027934409957,69.86810499011179,77.33196411589988
1999,53.41987077894624,62.60028899618964,59.306869059605106,78.96293155565884,75.15962315500316,64.60719538437213,76.11128171883317,60.10033890447724,69.90169131153374,77.36685906651083
2000,53.44173302614819,62.62920622107782,59.33169906835514,79.00079835885838,75.19500560064554,64.63835131651022,76.15143924862076,60.13033233029227,69.93529565446433,77.40175527886728
2001,53.46359707536252,62.658119748753855,59.35650799367242,79.0386630606528,75.23039070801875,64.66950400758778,76.19159486663482,60.16033775529793,69.96890484582678,77.43665180870191
2002,53.485457493042745,62.687041070089926,59.38131736383157,79.07653052666141,75.2657771658698,64.70065960506153,76.23180165792826,60.190382869537565,70.00249392367728,77.47154816870865
2003,53.507317048222674,62.71596487914684,59.40610063347527,79.11439558332629,75.3011576503103,64.73179214778663,76.27202007553781,60.220457812279136,70.03607106232135,77.50644408431272
2004,53.52916114034501,62.7448857258874,59.43088758752346,79.15225393402667,75.33653544994583,64.76289569986686,76.31226374008708,60.250539579916385,70.06962707720997,77.54134017423961
2005,53.55098679684597,62.7738086049852,59.45567795859329,79.1901098537867,75.37191293532253,64.79396931576134,76.3525140475642,60.28060980054218,70.1031837110295,77.57623361637671
2006,53.57281440985773,62.80273442281423,59.48046069311392,79.22796169122162,75.40729778696098,64.82505248416606,76.39277182923495,60.31067773943419,70.13673389644505,77.61112682587289
2007,53.59464547685703,62.83165989946922,59.505228025626735,79.26582514226665,75.4426870414961,64.85613923277903,76.43305737124474,60.34074474553843,70.17025691301984,77.64602225718845
2008,53.616465225554975,62.86059217452519,59.52999968356894,79.30370243879268,75.47807642511134,64.88722137095154,76.4733434220149,60.37080032997433,70.20378034281963,77.68091822414252
2009,53.63828598988198,62.889527869234385,59.554752190796094,79.34159079613659,75.51346501376554,64.91830485804775,76.5135938413626,60.4008633843289,70.23730555391248,77.71581131119707
2010,53.66009170306622,62.9184644758269,59.579504161072585,79.37948240592337,75.54884979019045,64.94937958785701,76.55381088386181,60.43088853463206,70.27084910403653,77.75070206911323
2011,53.68190165678126,62.947393622771095,59.604261314301006,79.41737430987631,75.58423535562248,64.9804425016706,76.59399841925988,60.46086518690121,70.30439840757509,77.78559305907187
2012,53.70370572656951,62.97632591725128,59.6290229384165,79.45526681350108,75.61962419372286,65.01147230927812,76.63416409123643,60.49082547731606,70.3379397374865,77.82048672037355
2013,53.725509621948,63.005261001087995,59.65377386350061,79.49317696377292,75.6550129696096,65.04250427814853,76.67430877330719,60.52077966717731,70.371477821222,77.85538105715489
2014,53.756235383353264,63.038639519323866,59.68563997035176,79.53090908690393,75.69051407913886,65.0765980493366,76.71397927823679,60.55449592398144,70.40639364246005,77.89072885267757
2015,53.87309575869903,63.15661405253849,59.80297929078479,79.6501026952534,75.80938010069671,65.19487298879115,76.83344426003805,60.67261230739473,70.52501384293558,78.00953048235264
2016,53.873365173897035,63.16252349665711,59.80544944699417,79.66279778210613,75.82005400551692,65.20220666347295,76.84839850887427,60.67892173866212,70.53354453635788,78.02040170275431
2017,53.893157994007886,63.18978580857792,59.82821950397635,79.69844544430406,75.85326864143053,65.23126722777116,76.88677381591621,60.70673570738407,70.5641231039029,78.05384505784531
2018,53.914902151060886,63.21919011408923,59.85301741354631,79.73639835183562,75.88875200348055,65.26252018275494,76.9274814672529,60.7367236856024,70.59691010348993,78.08954345581446
2019,53.936816497588374,63.248815237142516,59.87802478691055,79.77458952489499,75.92446216464171,65.29402372203454,76.96837396034456,60.76693984445121,70.62991749702609,78.12546817437784
2020,53.95873813056172,63.27846625954085,59.9030632315659,79.8128020873238,75.9601872741871,65.32556320833761,77.00931085132532,60.79717665823511,70.66295395861728,78.16141403053052
2021,53.98066206284368,63.30812128919549,59.92810953632858,79.85101476516913,75.99589447232904,65.3571066913696,77.05030136073867,60.827402668078356,70.69600321263863,78.19736088109116
2022,54.0025849199405,63.33776638213714,59.95314458532483,79.8892211551148,76.03159842870683,65.38862043275195,77.09130862938359,60.85764000133606,70.72905530249538,78.23330785069693
2023,54.02451072418979,63.36741535672807,59.9781619584188,79.92741726456357,76.0672963031063,65.42014446744994,77.13230885096847,60.88791226428833,70.76210054710317,78.26925715679998
2024,54.0464334841279,63.397067860243695,60.003179723893794,79.96562658228032,76.10299385636921,65.45167913407462,77.17326452923444,60.91819732816609,70.79512910502649,78.30520681326468
2025,54.068358350488204,63.42673510359995,60.028199788371836,80.00385648823372,76.1386796050056,65.48324218698119,77.21421326133924,60.94845496621051,70.82815682121625,78.3411561352139
2026,54.090289272495276,63.45640831640372,60.053216131669366,80.04209377443846,76.1743607327463,65.51481476270268,77.25514836289359,60.978673954840524,70.86119524950011,78.37710583849096
2027,54.112201170226236,63.48606995623041,60.07823768393746,80.08034037811751,76.21005007213355,65.54638030012677,77.29606260417684,61.008891614295486,70.89423598692149,78.41305536882057
2028,54.13412027355744,63.51573385397278,60.10326206662092,80.11859908359733,76.2457464551146,65.57794048678994,77.33698143788978,61.03913000079502,70.92726851787047,78.44900515538728
2029,54.15604273775906,63.545381059427804,60.12829059910248,80.15685927979723,76.28144364192416,65.60946084721789,77.37790680387148,61.06937716552282,70.96028773093333,78.48495498223478
2030,54.1779665420952,63.575009599426,60.15332650538209,80.19510871947931,76.31713211144638,65.64102189931488,77.41884208316864,61.09958457259656,70.99329049454028,78.52090885747609
2031,54.199895815141836,63.60464377457885,60.17836793621483,80.23334461831632,76.35282123994912,65.67261840454597,77.45980072521309,61.12980125959823,71.02628351106883,78.55686450069973
2032,54.221811565472244,63.63428284555048,60.20339590261264,80.27157205693241,76.38850926114779,65.70422860472918,77.50076248545146,61.160021138446666,71.05927559184148,78.59282025053818
2033,54.24370023894762,63.66392433665522,60.22841622240424,80.30980074191663,76.42418918047807,65.73585767940071,77.54170401091538,61.190239336051924,71.09228057199924,78.62877404226163
2034,54.26559708526385,63.69355484060613,60.25344436170328,80.34803112585676,76.45988305258223,65.76749621641014,77.58262385136811,61.22045746419765,71.12528906723183,78.66472680794256
2035,54.287498457960034,63.723186893569384,60.27847229006641,80.38628113161813,76.49557994320138,65.79913619171106,77.62353797857031,61.250679581954635,71.15829441504125,78.70067916893244
2036,54.309395085507745,63.75281217341243,60.30351426517632,80.42454965567944,76.53126926512518,65.8307595729308,77.66439470957064,61.28089481302907,71.19129389875734,78.73662724102653
2037,54.33129995549695,63.78243958928439,60.32856529998424,80.46282139052356,76.56695741604574,65.86237006256896,77.70521149145549,61.311118736421335,71.22429630292956,78.77256980639271
2038,54.35318194806432,63.812058361091474,60.353625674810516,80.50108643206723,76.60264621940217,65.8939579730931,77.74601331525184,61.34135323446482,71.25729936148369,78.80851364296979
2039,54.375038633530565,63.84170377070628,60.378690167448944,80.53933956331474,76.63833286974891,65.92554649069426,77.78678872038064,61.37159147403139,71.29029587084014,78.84445758020307
2040,54.39688600365144,63.871369579379724,60.403755161644845,80.57759905687776,76.67400930291635,65.95711532896438,77.82757307430207,61.401809841376235,71.32329404029285,78.88040002375685
2041,54.41872507371299,63.901039741076545,60.428819077573905,80.61586113977324,76.70969546077102,65.98866628465771,77.86835416973626,61.432030436557575,71.35629228093731,78.9163430039
2042,54.440568020738,63.93070501569062,60.453880358641506,80.65413394116916,76.74538592406552,66.02022312787807,77.90909088355258,61.462256177746774,71.38930148894038,78.95228695663891
2043,54.46240372838288,63.96036770187371,60.47892403448358,80.6924129683855,76.7810910485171,66.05178347950053,77.9498152455069,61.492433082264455,71.4223131138595,78.98822808568856
2044,54.48422137932286,63.99000875309357,60.50397182830146,80.7307043121694,76.81679981697563,66.08332552107345,77.99056463026389,61.52257276447665,71.45531914278416,79.0241684689056
2045,54.50604200777684,64.01965900535075,60.52902178700005,80.76900860982511,76.85249879838575,66.11487065661844,78.03131729893146,61.55271289379152,71.48831884934411,79.0601069881299
2046,54.52783475552434,64.04932501436912,60.554047052494596,80.80731444036738,76.8881880777389,66.14640346095331,78.07205783847171,61.582878492446795,71.52130950605473,79.09604570834048
2047,54.54961329813673,64.07899606424232,60.579043840706014,80.84560922638582,76.92387712598656,66.17796323978905,78.11281466600755,61.61305392522958,71.55429343604736,79.13198553091047
2048,54.57139336046513,64.10866287565801,60.60404734451791,80.88388583574358,76.95958349318674,66.20957942890594,78.15360451162799,61.64322044235152,71.58729368870421,79.16792578917021
2049,54.59317159052115,64.13833404004224,60.62905756850945,80.92215677501093,76.99529600089738,66.24121298604203,78.194429452389,61.67336707401299,71.62029819494009,79.20386569147067
2050,54.6149331783983,64.16800727655625,60.65404684001091,80.96043090776016,77.03101313277647,66.27286153192077,78.23526162842994,61.703519255612086,71.65329969921548,79.23980530571626
2051,54.63669672370618,64.19768139947432,60.679036562309,80.99870876475647,77.06673145578966,66.30453704853973,78.2761267265256,61.733703695665845,71.68631655922596,79.27574174853608
2052,54.65846999830564,64.22734633606699,60.70402929850547,81.03698681311762,77.10244756880154,66.33623336963915,78.31703599970774,61.763908483431436,71.71933984621235,79.3116829745473
2053,54.68020613884545,64.25700021103336,60.72902862581711,81.07526555948982,77.13815035342876,66.36793972040701,78.35795008013245,61.79411538569542,71.75236338831007,79.34763290518201
2054,54.701947066758066,64.28665335457396,60.75403107213023,81.11355096691146,77.17386806307135,66.39965661076262,78.39884567753435,61.82429823486574,71.78538290094474,79.3835848047412
2055,54.7236760596428,64.31630094133892,60.77904301167078,81.15184058206039,77.20959819569397,66.43137972072616,78.43976254520967,61.854477177835456,71.8183938107731,79.41953361125641
2056,54.745396353038714,64.3459465222237,60.804068552867946,81.19013559777187,77.2453301172631,66.46313068170271,78.48068435386377,61.884618685092285,71.8514056687126,79.45548148106573
2057,54.76709082278331,64.37560099000794,60.82910463320226,81.22843089078016,77.28106879724815,66.49489153842288,78.52164075707817,61.914725242066126,71.88441940182017,79.49142903113818
2058,54.788792946631276,64.4052584012763,60.85414515703735,81.26673066734814,77.31681475827337,66.52661947954525,78.56261574104103,61.944809757311006,71.91742276688063,79.5273778101381
2059,54.810515244502305,64.4349188057218,60.87917912330999,81.30503352498698,77.35256915102875,66.55831304594129,78.60358486248408,61.97486729323355,71.9504168863698,79.5633293468935
2060,54.83224425729285,64.4645923982577,60.90421454063333,81.34335146463141,77.38832455506318,66.59001295916951,78.64452591276246,62.004898232680034,71.98342174091175,79.59928286720907
2061,54.85396752507528,64.49427103544976,60.92925127724121,81.38168256870345,77.42406435039759,66.62170378185529,78.68548261552483,62.03492894530913,72.01643061128453,79.6352388964531
2062,54.87569359530285,64.52394626170123,60.954290956556946,81.42001592307267,77.45979578307467,66.65342672722363,78.72646885413866,62.0649607855043,72.04944963528843,79.67119652129254
2063,54.897392512159485,64.55362771355288,60.9793396990063,81.45835603544556,77.49553741680124,66.68515951213789,78.76745836453321,62.094991154583184,72.08247189475277,79.70715569926163
2064,54.91906646847455,64.5833112762589,61.00439144480414,81.49669783995238,77.5312845609741,66.71688397514919,78.80844447288337,62.12504075161385,72.11549566697848,79.74311953900138
2065,54.94072943569623,64.61299231305554,61.029438100189715,81.53503590959563,77.56703179315798,66.74860360834319,78.84942920184366,62.155096665809616,72.14852540533315,79.7790852501348
2066,54.96240229230398,64.64266978024428,61.05448291379898,81.57338123753014,77.60277286818359,66.78030942234214,78.89038419462672,62.185125804591024,72.18155597150688,79.8150538081178
2067,54.98408962993308,64.67234718636803,61.07953213387001,81.61172965559821,77.63851159278963,66.81199980482882,78.93132011528343,62.215155807738434,72.21457668328328,79.85102797872618
2068,55.005748636084256,64.70202706234384,61.10458267016695,81.65008024253922,77.67424491515006,66.84371734430633,78.9722562710331,62.24518824766361,72.24759074562311,79.88700954626795
2069,55.027414725985764,64.73171336185402,61.129631399714356,81.68844530680194,77.70997961897191,66.87544622605422,79.01318309374675,62.275227821839366,72.2805933376744,79.92299282780094
2070,55.049089325784124,64.76140078144199,61.154658512497804,81.7268121638398,77.74571837599008,66.90716971214124,79.05403646907547,62.3053034187323,72.31359400336471,79.95897736470054
2071,55.07075941760567,64.7910779520814,61.17967718982175,81.76516511769499,77.78145767117863,66.93889789808398,79.09485027259588,62.335409060751516,72.3466016204299,79.99496249018006
2072,55.09243145160703,64.82076287621149,61.20468600415913,81.80352633596264,77.81719811441438,66.97063036411492,79.13566950210786,62.365545267301705,72.37961111609076,80.03094583581967
2073,55.11410796223597,64.85045429816019,61.2297107693161,81.8418934729777,77.85294044462184,67.00236421871796,79.17647765945992,62.39569144717513,72.41262681870764,80.06692575976184
2074,55.13578203410255,64.88012586310644,61.25475263079137,81.88026065645278,77.8886708475817,67.03408668559443,79.21725636011507,62.425833775906646,72.44565208144557,80.1028977240782
2075,55.157470788682545,64.90980704661092,61.27980305272492,81.91862467334879,77.92439655140878,67.06584182937647,79.25804211812118,62.455983564839826,72.47868300375553,80.13886864695935
2076,55.17918157189942,64.93949934527828,61.304823362548404,81.95698825041623,77.9601205531234,67.09763615030158,79.29883055944839,62.48613516155197,72.51171502813357,80.17483934515019
2077,55.200905497449384,64.96919573518042,61.32984600076811,81.99535110987229,77.99584618085575,67.12944066892358,79.33961711625071,62.51626466640729,72.5447439091681,80.21081186122632
2078,55.23160994497537,65.00283171090724,61.36181381272336,82.03347549730736,78.03155907586194,67.16378880256858,79.37990932699329,62.55004484384807,72.57949531544837,80.24675732322231
2079,55.34846136849183,65.12091437626806,61.479195849300126,82.15272402265938,78.15046999227391,67.28217057425503,79.49946134760836,62.668188073928754,72.69804646164164,80.36570079901287
2080,55.34933719006015,65.12676893632735,61.481380298442375,82.16481176906302,78.16133912636951,67.29008641494556,79.51381020930789,62.67417712567709,72.70662200705775,80.37649559774107
2081,55.36995991006746,65.1539606876711,61.50374947502355,82.19972415134183,78.19478454646436,67.31986783267705,79.55139872803416,62.701538132751814,72.73724377612771,80.40984137749957
2082,55.39256017084391,65.18328483453216,61.52812023275298,82.23691534143707,78.230484704541,67.351855603617,79.59132841789287,62.73101313557781,72.77008475467292,80.44543979385973
2083,55.41535621996503,65.21281017047642,61.552683281701896,82.27433137666512,78.26640201599926,67.38408163852172,79.63149166291456,62.760672105820014,72.80316397116133,80.48126243820569
2084,55.43817017432403,65.24234780664933,61.57726667966465,82.31177054290255,78.30233836934323,67.41635561393801,79.67166565329967,62.79034531076618,72.83626537730859,80.51710431629877
2085,55.46098662420304,65.27188605601462,61.60185804355923,82.34921336061814,78.33828443169926,67.44864647453855,79.71180381506801,62.82004533798561,72.86936677881678,80.5529468355385
2086,55.483799433469606,65.30141435017285,61.626460729285874,82.38665620798649,78.37423291634875,67.48093992947892,79.75188992649055,62.8497574874319,72.90245923773607,80.58878777014998
2087,55.506610699276116,65.33094075907965,61.651071350774856,82.42409472909833,78.41017934993931,67.51323136759113,79.79196546991514,62.87947579122277,72.93556081952816,80.62462423098651
2088,55.529420281786045,65.36046894912593,61.67568867184146,82.46152844608686,78.44612603483486,67.54549280607331,79.83206643520747,62.909198026949184,72.96866654727835,80.66046025727401
2089,55.552231963882065,65.3900056283975,61.70028201886736,82.49895261619004,78.48207577175076,67.57772986935593,79.87220417737198,62.9388866463451,73.00177506213238,80.69629682122803
2090,55.575040476053154,65.41954723711147,61.72488166436505,82.53638226391985,78.51802464345046,67.60995624840608,79.91238039231649,62.96856656554693,73.03488432143101,80.73213291000762
2091,55.597846713616725,65.4490916121818,61.74946549071468,82.57381358351726,78.5539607831582,67.64215756295407,79.95257973364943,62.998257445508116,73.06800106624692,80.76796800363111
2092,55.62065578348543,65.47860212089131,61.77406119132368,82.61124024440339,78.58989796718447,67.67433409273566,79.99278280629743,63.027955702271775,73.10112037292244,80.80380311381325
2093,55.64346660774077,65.50811176926022,61.79866220567526,82.6486638204168,78.62584286218193,67.70651060192243,80.03298133528004,63.0576238638384,73.13422181092842,80.8396405015501
2094,55.66627824144248,65.53763453274252,61.82326801856372,82.68608462250033,78.66178994943088,67.73868969724505,80.07315859882166,63.08730173565329,73.16731880178705,80.8754781966078
2095,55.68909116861384,65.56717892426259,61.84785932237153,82.72350746236425,78.6977366316584,67.77086555237116,80.11332870744936,63.1169839973818,73.20042171355668,80.91131365824569
2096,55.711905150517964,65.59673068290871,61.87248020218921,82.7609369165335,78.73368411083732,67.80302637748605,80.15349497931821,63.146680642760224,73.23352697202827,80.94714567943134
2097,55.73471887551015,65.62628660622671,61.89712010195114,82.79836717140927,78.76963205897039,67.8352145236456,80.19361307770417,63.176383678236974,73.2666326378752,80.98297763185559
2098,55.75753046309035,65.65584939303562,61.92176578904806,82.83579356711765,78.80558201620799,67.86744950774337,80.23370341399337,63.206098751204244,73.29973373990069,81.01880815550427
2099,55.78034100702393,65.68541955919889,61.946425013916944,82.87322108159333,78.84151125893297,67.89971878484401,80.27378964807234,63.2358244176492,73.33283516507149,81.0546391904147
2100,55.803154193618354,65.71499559353497,61.971096185631446,82.91065027995484,78.87743681955982,67.9319990872567,80.31387629708586,63.26555252620507,73.36592364197902,81.09047046289825
2101,55.82596888775228,65.74457704262407,61.99577734039433,82.94808056941086,78.91337395871628,67.96428064157823,80.353980257564,63.29530038791323,73.39900494168481,81.12630164597728
2102,55.848784672096194,65.77416246390908,62.020463977876624,82.98551549816986,78.94932198164446,67.99651265981078,80.39408498112974,63.32506707723558,73.43207951908576,81.16213280234004
2103,55.87160358001792,65.80374913055566,62.045139714863446,83.02295222841403,78.98527792067999,68.02870802105019,80.43416934914538,63.35483841107127,73.46515418957983,81.19796315475342
2104,55.894424226670694,65.83333226889775,62.06981340439547,83.06039198411472,79.02124589334055,68.06083250265124,80.47420734878673,63.38460494450352,73.49822518563025,81.23379851234995
2105,55.91724548790732,65.86288519744426,62.09447463287509,83.09783223213338,79.05721682922704,68.09292180008394,80.51424674809392,63.41436885392954,73.53128830909945,81.26963822686281
2106,55.94006711880415,65.89242055392427,62.11913950726409,83.13527414223326,79.09318547402059,68.12497684647725,80.55432186624273,63.444139188337125,73.56435108501678,81.30548244224589
2107,55.96288890343695,65.92193511581533,62.14381694772698,83.17271986321936,79.12915611621821,68.15704865543472,80.59441156831137,63.473896553402426,73.5974259827954,81.34133021175163
2108,55.98570743251357,65.95144354096091,62.16850434966914,83.21017023735244,79.16512660454015,68.1891372525798,80.63451241022226,63.50365465649561,73.63050851270103,81.37717853956546
2109,56.008524501088715,65.98092155713906,62.19319476101696,83.24762079545225,79.2010809470733,68.22123467441368,80.6746118292297,63.533414637518085,73.6635968803332,81.41302693870847
2110,56.031337484236985,66.01040788396516,62.21789096619997,83.28506255683578,79.23701763979872,68.25334665980877,80.71469950808041,63.56319314660979,73.69668879852067,81.44887605883909
2111,56.054152879090225,66.03989838957854,62.24259176995987,83.32250183921167,79.2729570616916,68.2854839676977,80.75484758222058,63.59300052817289,73.72978358398984,81.4847248917188
2112,56.07696958866964,66.06937212155528,62.267283042088536,83.35994161037836,79.3088988876857,68.31762861393008,80.79500547877278,63.62281842338227,73.76287893402582,81.52057351950081
2113,56.0997875949812,66.09884313567272,62.29196142718276,83.39739432010742,79.34484037338078,68.34975753537702,80.83513275608094,63.6526044041642,73.79596590801113,81.55642218612478
2114,56.122601604463554,66.12830813545733,62.316634116251414,83.43485297697917,79.3807727298638,68.38188431215235,80.8752527125536,63.682376553356015,73.82904209991877,81.5922696344516
2115,56.14541010684202,66.15777288467049,62.34129447922994,83.47231229852811,79.41670615491253,68.4140004174919,80.91535732032305,63.71213955081181,73.86212443937667,81.62811185725703
2116,56.16821968978565,66.18724010175528,62.365946027686626,83.50977076248543,79.45262675999395,68.44606851645234,80.95546325382332,63.7419037646266,73.89520838007526,81.66394850533686
2117,56.19103299071879,66.21670598110603,62.39059689994803,83.5472214409097,79.48856068344308,68.47815814805814,80.99556959369015,63.771651494666976,73.9282901843562,81.69978354478431
2118,56.21384837487956,66.24616573324153,62.41523777592782,83.58467569939891,79.52451080145082,68.51025435107404,81.03567561066312,63.801409921918356,73.96136223520399,81.73561922345867
2119,56.23666186449033,66.27561174113984,62.43987708144226,83.62213284244177,79.56046457136733,68.54232439541937,81.07576662320793,63.83117317640387,73.99442958029242,81.77145597580672
2120,56.25947731500042,66.30506000227776,62.46449777439976,83.6595917556008,79.59642481750885,68.57440447448315,81.11583573716192,63.86091983260988,74.02749805697378,81.80729292750996
2121,56.28229484284172,66.33451029263655,62.489101440423916,83.69705330277205,79.63238760354572,68.60650373315474,81.1559165431302,63.890661426176564,74.0605723315536,81.84312878282434
2122,56.30511641261071,66.36396396657709,62.51371503043486,83.73451841170599,79.66835000648325,68.63863733739598,81.19602190315928,63.92042386635,74.093659990197,81.87896465935408
2123,56.32794010305784,66.39342495721313,62.538335486740415,83.77199796371353,79.70430668285724,68.6707813590014,81.23612578688791,63.950198106269895,74.12675139359598,81.91480238447359
2124,56.35076315435631,66.4228972460312,62.56296202597076,83.80948875780352,79.74025409531562,68.70290646475829,81.276200093919,63.97995944223778,74.1598394745351,81.95064043619129
2125,56.373587630939845,66.45237336449141,62.587602057859286,83.8469843653442,79.77617870286414,68.73503513559636,81.31626200107087,64.00973772446567,74.1929347963435,81.98647767089732
2126,56.396408402260874,66.48184410222235,62.612258312587755,83.88448312516023,79.8120860391208,68.76716054766271,81.35632253383723,64.03952159402643,74.22603226026837,82.0223162245723
2127,56.41923107874666,66.51131870571452,62.636924981063466,83.92198470357422,79.84799203945899,68.7993325564721,81.3963993256969,64.0693012184431,74.25913388649762,82.05815521800803
2128,56.4420507791264,66.54079559067672,62.66156587598781,83.9594908192424,79.8838824372228,68.8315174546284,81.43647630643935,64.09908167221168,74.29225197395694,82.09398823521055
2129,56.46486969428046,66.5702756682069,62.68618323959871,83.99700388774815,79.91977189446759,68.86371092786369,81.47653895817353,64.12885136814207,74.32537772303733,82.12982098142608
2130,56.48768877645472,66.59975759819227,62.71079835384308,84.03452170297065,79.9556658188456,68.89592414404517,81.51659815893724,64.15859495641668,74.35850510467061,82.16565449389111
2131,56.51050614163011,66.62923193409613,62.73541863783505,84.07203972201094,79.991560226128,68.92814655427004,81.55662894358869,64.18834373515742,74.39166144799461,82.20148640128058
2132,56.53332055290485,66.65870824086436,62.760044334317016,84.10956279925303,80.02745431779063,68.96038264292913,81.5966751701902,64.21809571508736,74.42482717674977,82.23731881325614
2133,56.556136933549865,66.68817957865706,62.78467594731692,84.14709556388982,80.06334768430524,68.99262577963405,81.63672384107079,64.24782443616492,74.45797799100002,82.2731518695794
2134,56.57895080003085,66.71766374141191,62.809311953452514,84.18463212180711,80.09922201620688,69.02488262797382,81.6767915028517,64.27755467050419,74.49111732428463,82.30898692839588
2135,56.60176806043438,66.74715482975398,62.83393495671775,84.222167680659,80.13509724222384,69.05717893810028,81.71686152257142,64.30728544929272,74.52425738347836,82.34482609479238
2136,56.62458802989486,66.77664884169893,62.8585629226163,84.2596919828655,80.17097137706621,69.08949617367087,81.75690583959808,64.33701231619553,74.55739993771347,82.38066632891487
2137,56.64740932613798,66.80614567751344,62.88318722201021,84.29721889392363,80.20683757992869,69.12181641242516,81.7969435787634,64.36674297545031,74.59053898292349,82.4165087694202
2138,56.670230067038055,66.83561814881521,62.90780115047354,84.33474961954597,80.2427053169821,69.1541218291277,81.83693929786556,64.39644158207363,74.62368801741806,82.45235139844407
2139,56.69305201679806,66.86510601883141,62.93242009596571,84.37227981915099,80.27856386100086,69.18641443281122,81.87693156681033,64.42615729096826,74.6568457043194,82.48818782387424
2140,56.715873430954694,66.89459986081086,62.957044473646874,84.40979720698408,80.31442363188462,69.21869513286322,81.91695543332622,64.45587991189248,74.69000520437514,82.52402245789479
2141,56.738693376210946,66.92408201239033,62.98166812305365,84.44731316266422,80.35028018982268,69.25098308758965,81.95698245330846,64.48559176175782,74.7231757198754,82.55985175828435
2142,56.76151302526367,66.9535608948346,63.006283801189596,84.48483452908502,80.386130963492,69.2832833838188,81.99698681586976,64.51528959459021,74.75635025167233,82.59567963203928
2143,56.792648315738944,66.9871254239104,63.03810173820837,84.52220941381621,80.42195724165472,69.31779841424638,82.03659089365078,64.54892814348031,74.79114625313389,82.63148879577359
2144,56.90968069329411,67.10517808167779,63.15542082731181,84.6413530087897,80.54088403170861,69.43625028258153,82.15604657565125,64.66701188956971,74.9097161293033,82.7504131898075
2145,56.91070703096708,67.11094948868309,63.15783272841179,84.65379547058129,80.55205295996551,69.44366908667162,82.17040163763386,64.67296582269852,74.91839408169056,82.76080872754692
2146,56.93153129016445,67.13804095747827,63.18052333677118,84.68914107422566,80.58585257932744,69.47283396439306,82.20803807246214,64.7002915861332,74.94914002146056,82.7936667494815
2147,56.954335656682396,67.16727105474301,63.20523771143713,84.72676616878309,80.62192132354429,69.5041643637739,82.24797196110936,64.72975074608553,74.9820994275131,82.82877018686364
2148,56.97733834266643,67.19671457113905,63.23014067240418,84.76462034984387,80.65820645863128,69.53570275996714,82.28817823007185,64.75938757156553,75.0152818776738,82.86409798917728
2149,57.00036023855242,67.22617577672021,63.255054911033334,84.80249246071781,80.6945097506444,69.56727758015134,82.32843689925645,64.78902852519235,75.04848434607216,82.89944890569458
2150,57.023383662796704,67.25565005472906,63.27996375069514,84.84036866640595,80.73081769751998,69.59886027328284,82.36870179752829,64.81866709081739,75.08169622043079,82.93480248163107
2151,57.04640623588549,67.28512963045543,63.30487875717272,84.87824515977343,80.76712506765249,69.63046061044032,82.40896304965025,64.84830973353667,75.1149110313926,82.97015663529831
2152,57.069430097360545,67.31460306632643,63.32979731225701,84.91611425271911,80.80342906425693,69.66206757962317,82.44920520819853,64.87791214391518,75.14813737159052,83.00551086657086
2153,57.09245551270831,67.34406967256591,63.354711196668596,84.95398428483948,80.83973516255392,69.69365320324805,82.4894777860961,64.90751252813757,75.18136929507635,83.04086529008735
2154,57.11548141729607,67.37354237895735,63.37961426082713,84.99185781592843,80.87601926229374,69.72521451322972,82.5297701023621,64.93711345383069,75.21461012851253,83.07622056086399
2155,57.13850742054592,67.40301719987639,63.40452378689428,85.02973192733353,80.91229930220567,69.75677911123108,82.57006379140847,64.9667087468621,75.24786087886439,83.1115764829047
2156,57.161532519711876,67.4324923110411,63.42943281436259,85.06760759391219,80.94856175112012,69.78832767584764,82.61035983344485,64.99627065459158,75.28111402078679,83.1469325418713
2157,57.1845572774897,67.46196799118134,63.45434650497043,85.10548232967362,80.98482225552979,69.81987273850164,82.65069798256897,65.02586339998638,75.31436782131868,83.18228856277518
2158,57.20758283724918,67.49144487564394,63.47926203202426,85.14334398687673,81.02107709954822,69.85141286416612,82.69104253201512,65.05549456756366,75.34762621656083,83.21764457887039
2159,57.23060560321335,67.52092794546886,63.50417338777977,85.1811929899429,81.0573250380101,69.88295351259417,82.73138278764402,65.0851378369439,75.38088605211037,83.25300138191069
2160,57.25362823216858,67.55041833201466,63.52910520263866,85.21903673534833,81.093565444675,69.91449466138938,82.7717302923692,65.11475787384214,75.41414454838645,83.2883583690388
2161,57.2766498860282,67.57992085051958,63.55404676206625,85.25687932446657,81.1298061020676,69.9460373291232,82.81207305629304,65.1443707847965,75.44739127275533,83.32371492805912
2162,57.29967245343967,67.60943388978039,63.57899499239501,85.29471477731195,81.16604089743124,69.97757107747803,82.85238394861128,65.17395245260317,75.48063693321396,83.35907263323473
2163,57.322695602147256,67.63895103096192,63.603951340358726,85.33254251035164,81.20228038796009,70.00911109761033,82.8926799817666,65.2035421950271,75.5138701654439,83.39443065444564
2164,57.34571829683266,67.66845117647968,63.6289047488118,85.37037024364795,81.23853533751173,70.04065314061148,82.93293256814027,65.23314582097026,75.54709506926794,83.42978849627168
2165,57.368740070496216,67.69795440027802,63.65386186746787,85.40818542256116,81.27480193067399,70.07216413747462,82.97313194730539,65.2627649368868,75.58031490472649,83.46514744532683
2166,57.39175947667546,67.72745268959518,63.67882587205644,85.44599091565404,81.31107071143411,70.10369309808561,83.01334120361572,65.29239939099581,75.61353436503421,83.50050725235253
2167,57.414780177657335,67.75695258591689,63.70379485077707,85.48379673828263,81.34734093926346,70.13523006069825,83.05356099862172,65.32203823504048,75.6467503352804,83.53586718724762
2168,57.437801907397734,67.78645428166422,63.72876122690979,85.52160244602592,81.3836113967739,70.16676771138103,83.0937887916633,65.35167176075831,75.67996583824538,83.5712268956883
2169,57.460821806545596,67.81594649916919,63.75373381593107,85.55939216160338,81.41987253584416,70.19830394424517,83.13401740151158,65.38130225053165,75.71318300918102,83.60658674831811
2170,57.48384191271789,67.8454464755325,63.778712707176275,85.5971657726573,81.45612573646132,70.22981172998351,83.17423974200545,65.41092306546497,75.74639664507572,83.64194691006144
2171,57.506862889623974,67.87495384892046,63.803659362675745,85.6349264385874,81.49236277589911,70.2613204175193,83.21446933401411,65.44053540645037,75.77962097267928,83.67730760909491
2172,57.52988471856375,67.90446361251176,63.828609744601515,85.67268766972934,81.52858934412417,70.29282583961617,83.25473927607142,65.47014710806735,75.81284821050892,83.71266852990478
2173,57.55290716881683,67.93397679362518,63.85356470256488,85.71044847078201,81.56480223180255,70.32433276597436,83.29504132004399,65.49978361718294,75.84607370963087,83.74802947749251
2174,57.57592838440885,67.96349176763295,63.87850450870409,85.748197169333,81.60100068425167,70.35581112819246,83.33539990448301,65.52942726042379,75.87929428863444,83.7833904152957
2175,57.59894874657495,67.9930069998182,63.903428589456375,85.7859464280363,81.63720634172032,70.3872891248984,83.37579839712993,65.55906572119936,75.91253578782104,83.8187513470693
2176,57.621968761332056,68.0225274155014,63.92835643172357,85.82369178813592,81.67341510380182,70.41874345017948,83.41620383127159,65.58865343506734,75.94578681995385,83.8541123825738
2177,57.64498896025516,68.05205142234978,63.95328544663092,85.86143579873756,81.70963009662717,70.45020363904464,83.45660850448012,65.6182524553697,75.97903849489839,83.88947343281023
2178,57.66800971194864,68.08157634872597,63.978209905784404,85.89916380154267,81.74585358494028,70.4816680523113,83.4970100593255,65.64785828149381,76.01227366553081,83.92483475674904
2179,57.69102935681295,68.1110918687344,64.00313975412901,85.93688309347574,81.78207960120267,70.51313506140019,83.53740278530874,65.67746671647355,76.04549109034375,83.96019651296955
2180,57.714048557861254,68.1406093656675,64.02808367819515,85.97460065875308,81.81830563935648,70.54460420946326,83.5777591974353,65.70711218500455,76.07870253042907,83.99555837003255
2181,57.737067982989686,68.17011867120175,64.05303376332834,86.01232318097033,81.85452887301464,70.57605171665897,83.61811421626078,65.73678138456991,76.11191349891783,84.03092046129282
2182,57.76008756867671,68.19962025565229,64.0779839415257,86.0500459384832,81.89078425767143,70.60750431565481,83.6584568575708,65.7664778786659,76.14510159018998,84.06628355757714
2183,57.78310782545987,68.22912293039253,64.10292063221783,86.08774839110151,81.92706321954971,70.63895984179048,83.69879909070217,65.79618317395321,76.17828171684107,84.10164686440379
2184,57.806128598636384,68.2586308776039,64.12785197814134,86.1254505452941,81.96335440728969,70.67039589239607,83.73913384352096,65.82589369845356,76.21148239784705,84.13700937771932
2185,57.82914890809265,68.28814038986383,64.15278283226488,86.1631518081256,81.99965920694926,70.70181987008567,83.77944439157264,65.85563080331835,76.24469652092327,84.17237222358624
2186,57.85216799782431,68.31763732474732,64.17768950308871,86.20085940200586,82.03596733095877,70.733258084106,83.81978805041472,65.88537970149105,76.27791313167971,84.20773510733315
2187,57.875183733157115,68.34713354788876,64.20260556400426,86.23856722305096,82.07229005314488,70.76470029414519,83.86015284488373,65.91513174468166,76.31112747994801,84.24309747806473
2188,57.8981989476408,68.37663157171774,64.22752656434227,86.27626374972108,82.10862455286913,70.79614221888798,83.90051943460668,65.94484615091795,76.34433779401374,84.27846042265733
2189,57.921214486470504,68.40612852444656,64.25245848090304,86.31395482448451,82.14496382564145,70.82759412063662,83.94088934450308,65.97454205226414,76.37754601514457,84.31382355667104
2190,57.944230564778735,68.43562122152801,64.27740010898894,86.35164520927425,82.18130268922556,70.85904884304428,83.98126138139015,66.00421088031008,76.4107549340311,84.34918633992183
2191,57.96724753098208,68.46508924815801,64.30234716723261,86.38933554418159,82.21762773977697,70.89048660469575,84.02163345089069,66.03386341301146,76.4439574669218,84.38454735690078
2192,57.99026528361949,68.49454109088107,64.32727932005234,86.42702939542008,82.25394285342877,70.9219095288292,84.0620044958435,66.06351974308096,76.47716715150501,84.4199084907856
2193,58.01328394754649,68.52399250122639,64.35222996440119,86.46472755149006,82.29025450331999,70.95332271150684,84.1024107936856,66.09319306632402,76.51038113937827,84.45526965295785
2194,58.036303031754166,68.55342364687267,64.37719804249267,86.50242791777342,82.32655765206266,70.98474918624045,84.1428552440163,66.12288684227632,76.54359777058444,84.4906307944067
2195,58.05932248529915,68.5828478187389,64.40218137923887,86.54012945533131,82.36284965450685,71.01618060853028,84.18331645671951,66.15258759633528,76.57681476641586,84.5259921505931
2196,58.082342499617184,68.61226610171971,64.42717009771333,86.57783091362205,82.39916291803131,71.04760814996882,84.22377657515217,66.18228906565473,76.61002642318837,84.56135366748144
2197,58.105362004519634,68.64167689734064,64.45215725906993,86.6155298046493,82.43548481168942,71.07904962818158,84.26421119761888,66.21200162789208,76.64325314495669,84.59671535794551
2198,58.12838067922614,68.67108206394684,64.47714449733908,86.65322407398963,82.471825779011,71.11049574149928,84.30462441040356,66.24173314962646,76.67649339375448,84.6320777705539
2199,58.15139785564138,68.70049052510332,64.50213302630975,86.69091106582758,82.50817227594952,71.14192587173581,84.34502822567042,66.2714699309324,76.70974133809794,84.66744034859975
2200,58.17441508664298,68.7298853718585,64.52711692873328,86.72859217706126,82.54451844099522,71.17335766796978,84.38535992566587,66.30121663780209,76.74299793181471,84.70280224431536
2201,58.19743199409644,68.75928201611096,64.5520871864314,86.7662808362984,82.58086442732774,71.20480647234066,84.42563632870574,66.33097723309301,76.77627384207183,84.73816443404947
2202,58.22044640346529,68.78867630867099,64.57706170859409,86.80396981293306,82.61721585554089,71.23627545174502,84.46588456094561,66.36074182073506,76.80955504459192,84.77352687006393
2203,58.2434605940565,68.8180719309674,64.60202557149346,86.84164357960425,82.65358065722396,71.26774978114828,84.50611484354502,66.39052972318778,76.84282608470194,84.80888946743903
2204,58.26647535689525,68.84747342009234,64.62698534358861,86.87931427535274,82.68995188267853,71.29920826296838,84.54629701956448,66.42032981249079,76.87609907847617,84.84425209342595
2205,58.28948937824706,68.87690002502092,64.65194823929403,86.91698125641932,82.72634717805012,71.33065638552596,84.5864613663275,66.45012585068255,76.90936064237057,84.8796141321549
2206,58.31250480661515,68.90633660469497,64.67690641966186,86.95463620922196,82.7627728628026,71.36209802120997,84.62662892865593,66.47990671138224,76.94261819119829,84.91497692931938
2207,58.33552117992461,68.93576613063884,64.70184848867774,86.99227999382327,82.79920557358331,71.39354921374635,84.66680160506382,66.50969118315241,76.975872847792,84.9503399503746
2208,58.35853447716554,68.9652064625788,64.72677118370065,87.02992147370595,82.83565146441039,71.42500320090534,84.70697636237111,66.53947930336103,77.00912716761734,84.98570286926092
2209,58.3897460213878,68.9987620946765,64.75871063606084,87.06740225576289,82.87204021720117,71.45923715307183,84.74673150388492,66.57315030415414,77.04394673549616,85.02119815048259
2210,58.506810425516704,69.11681101571308,64.87608076160768,87.18656067636196,82.99104575370299,71.5775709685373,84.86620833480796,66.6912476800428,77.16252650956083,85.14006172415125
2211,58.5075470795023,69.12234546110942,64.87885448298462,87.19860706259433,83.00234212171999,71.58500857081594,84.8797339132931,66.6972447708486,77.17075139167062,85.1508544665592
2212,58.527975329287365,69.14911502361844,64.90204301677082,87.23347158703224,83.03631104685772,71.61422986059503,84.91637125491476,66.72463969375063,77.20092182502762,85.18420504755157
2213,58.55037756182276,69.17800729113253,64.92727708956814,87.27061435324725,83.07256574128367,71.64564291380661,84.95532681653289,66.75417369418918,77.23328244510611,85.21981650580727
2214,58.57297677185464,69.20711599021563,64.95271929264196,87.30797903917241,83.10904732259709,71.677288213483,84.9945018159615,66.78391394545014,77.26586385922876,85.25565943093274
2215,58.595594818657574,69.23625277875529,64.9781804773769,87.3453634701001,83.1455439349139,71.70896325616987,85.03369724576237,66.81366958992966,77.2984643805329,85.29152959214508
2216,58.61821506645088,69.2653936639847,65.0036354878609,87.3827488871711,83.18203258746887,71.74064146481673,85.07290523644053,66.84341871895788,77.33107113401402,85.32740465576667
2217,58.640832716124116,69.29453351439787,65.02909089732506,87.4201317186505,83.21850034279224,71.77231534107068,85.11211509720202,66.8731688689947,77.36367986167745,85.36328140225275
2218,58.66345020586668,69.32367353785618,65.05454904216086,87.45751118772613,83.25495888918998,71.80399124660138,85.15133819695626,66.90292000707105,77.3962877872026,85.39915838127973
2219,58.68606722357934,69.35281387681137,65.08000150335324,87.49488755410093,83.29140444101718,71.83565611986855,85.19058238700346,66.93266297339159,77.42889148172473,85.43503427667684
2220,58.70868618103698,69.3819498487668,65.10544870108147,87.53225676048848,83.32784791323076,71.86732513706033,85.22984499052532,66.96241272052056,77.46149824861396,85.47090771336171
2221,58.73130883218135,69.41109040189477,65.13089161984233,87.56961928357774,83.36429371798805,71.89900468788628,85.269110125489,66.99212365216381,77.49411360220714,85.5067738853277
2222,58.75393452118335,69.4402143098029,65.15633514069276,87.60697537475588,83.40074450845948,71.93069642780576,85.30836477601937,67.02183555445602,77.526731103804,85.54263625514638
2223,58.7765575090791,69.46933745736958,65.18178160702503,87.6443371633445,83.43720234240931,71.96239000189374,85.34761250664774,67.051570317933,77.5593410937691,85.57849858901511
2224,58.7991815955971,69.49845794089562,65.20723293233736,87.68171028198458,83.4736607503045,71.99406927942654,85.386858456033,67.08132295110083,77.59195564806163,85.61436120324257
2225,58.82180355889299,69.52758083371671,65.23268952418421,87.71909013123032,83.51010478402401,72.02575290459089,85.42607928679455,67.11109304763106,77.62457853731698,85.65022517681764
2226,58.84442654918805,69.55670537390598,65.25815656767257,87.75646980926773,83.54654276419251,72.0574460129012,85.46529040777031,67.14087051336779,77.65720656292517,85.6860890961529
2227,58.86704927898118,69.58581791055911,65.28362816420284,87.7938370013208,83.58297680249287,72.08916043153928,85.50450260135773,67.17067900628709,77.68983722473868,85.72194858463837
2228,58.8896712898063,69.61493345433112,65.30909978995047,87.83119596663296,83.61940036383812,72.12088185854148,85.5437180656145,67.20050643103978,77.72247154710469,85.75780739041335
2229,58.912301580620614,69.64404448616824,65.33457277773807,87.86855468499672,83.65582329568788,72.15256807346853,85.58293231657227,67.23033770170373,77.75510691343624,85.79366868416798
2230,58.93494022880077,69.6731432634312,65.36004779427266,87.9059123592695,83.69224708097865,72.18422525475144,85.62212682403684,67.260160607267,77.78774254248367,85.82953131432585
2231,58.95758251612455,69.70223724835704,65.38552403767311,87.94327244129441,83.72868364609033,72.21583792881401,85.66132318843665,67.28998985078975,77.82037877937306,85.86539153721644
2232,58.98022202000449,69.73133256596721,65.41100090339113,87.98063737306356,83.76512334085139,72.247417544187,85.70053623715087,67.31978444363402,77.8530047177883,85.90125272466736
2233,59.002860765940376,69.76042710815214,65.43647336920822,88.01800496931655,83.80155529323835,72.27899053759889,85.73975157430193,67.34958340406727,77.88563212652635,85.93712003372168
2234,59.02550204760972,69.78950448148919,65.46194375713247,88.05538038326974,83.837982577505,72.31053830471755,85.77896070604687,67.3793846441306,77.91826026853673,85.97298953931416
2235,59.04813625668858,69.81858451936773,65.48742136852846,88.09275726584427,83.87441448445682,72.3420912042985,85.81818257193335,67.40916411095323,77.95088558183497,86.00886077984721
2236,59.070773069114715,69.84766822447492,65.51290345832113,88.1301344477175,83.91085310910852,72.3736562940938,85.85741848131433,67.4389545237237,77.9835082794016,86.04473250068347
2237,59.09341514668789,69.87676069485991,65.53838629302813,88.16751324733231,83.94729142338277,72.40522335421635,85.89667537220816,67.46875031875528,78.0161376528055,86.0806040218077
2238,59.116062726858345,69.90585910085906,65.56387085705654,88.20489796139091,83.98370984557685,72.43677161500803,85.93596327711575,67.49852402162757,78.04877202203615,86.11647361962724
2239,59.13871328476726,69.93495975353274,65.58936167135165,88.24228398117125,84.0201138780381,72.46832359441487,85.975262934531,67.52830561415712,78.08140737610503,86.15234070203572
2240,59.16136109029585,69.96406895755094,65.61485487260632,88.27966532605087,84.05652242559103,72.49989321811725,86.01455983496228,67.5580902143219,78.11404429057863,86.18820511490553
2241,59.18401270612159,69.99318217729048,65.640349921809,88.3170468750366,84.09293704703131,72.53147169355832,86.05384095237982,67.58787481996728,78.14668368773313,86.22407182937704
2242,59.206667746098084,70.02228491987712,65.66583435934905,88.354421822238,84.12935311563555,72.5630638000419,86.09312349162671,67.61766577039828,78.1793223918996,86.25993899455585
2243,59.22932598027759,70.05138191126166,65.69132144123097,88.39178781447345,84.16578370227657,72.59468711445308,86.13239291043416,67.6474592603293,78.21195734437315,86.29580481771124
2244,59.251986257416085,70.08046790194105,65.7167956106667,88.42914853093531,84.20222727743169,72.62633998412178,86.17162507655505,67.67724427008984,78.24459921894375,86.33167272384031
2245,59.274643358817976,70.1095498404404,65.74226637410759,88.46650417105624,84.23867094866485,72.65800005500311,86.21083620412632,67.70704661629921,78.27724484470022,86.36754231039374
2246,59.297298079264934,70.13862551161505,65.76773850956351,88.50386030041831,84.27508523779463,72.68965658872294,86.25004346831923,67.73685593633888,78.30990472555905,86.4034146418367
2247,59.31995148035964,70.16770536835126,65.79321259549727,88.54121733349325,84.31146420470529,72.72130538648503,86.28922716968938,67.7666424147848,78.34256934668493,86.43928795060502
2248,59.34260269816353,70.19678905122521,65.81868741916283,88.57857757412158,84.34783411258093,72.75294155336239,86.32842514935578,67.79640804012344,78.37523384747995,86.47516122617922
2249,59.36525578627415,70.22587769005098,65.84416695146945,88.61594511129621,84.38420861214001,72.78458114339126,86.36762509771205,67.8261306205453,78.40789859618405,86.51103329112188
2250,59.387910643221254,70.25497755834735,65.86965250071047,88.65331409213815,84.42058367891684,72.81624950081088,86.40681518038707,67.85583791492822,78.44055695332302,86.54690323638455
2251,59.41056517830794,70.28408158601421,65.8951447748615,88.69068506888335,84.45696311079998,72.84792670537392,86.44600033875696,67.8855207394098,78.47320743065504,86.58277035162163
2252,59.43322361072618,70.3131824583107,65.92064039051414,88.72805652373941,84.49336166645988,72.87961648624339,86.4851641578244,67.91520861353085,78.50586188341707,86.61863678257077
2253,59.45588650744186,70.34227210654728,65.94613683066005,88.76541898143275,84.52976599965604,72.91131195991214,86.52433733907532,67.94489321838559,78.53851761327321,86.65450057424962
2254,59.478551784759546,70.37135377542941,65.97163383917248,88.8027709814556,84.56620124744336,72.94298711056292,86.56350933895602,67.97458697628457,78.5711606171071,86.69036845703374
2255,59.50121452417111,70.40043763819573,65.99712908082167,88.84010590672678,84.60265186389158,72.97466365159737,86.60266315505694,68.00428733330008,78.60379679718065,86.72623776317212
2256,59.52387617460062,70.4295237219794,66.02262605092417,88.877443974389,84.6391107761602,73.00633031309403,86.64184702835108,68.03398941953064,78.63643656600883,86.76210679695654
2257,59.54654079341181,70.45861195611052,66.04813069377896,88.91478797689388,84.67557066551002,73.0380046898104,86.68107171625145,68.0636687895762,78.66907887188259,86.79797123995982
2258,59.569206059742996,70.48770092401959,66.07363970070764,88.95213328306272,84.71202097052928,73.06969695076121,86.7203125050986,68.09332032550643,78.7017194793764,86.83382997122345
2259,59.591871629946795,70.51678875537719,66.09914857540718,88.98947831521879,84.7484773262494,73.10140583471495,86.7595666561754,68.1229728689033,78.73435675755131,86.86969219785198
2260,59.61453871000108,70.54586245470246,66.12466246220052,89.02682416082789,84.7849346153352,73.13312139483136,86.79882168238115,68.15262695631777,78.76699354287429,86.90556011338818
2261,59.63720272624074,70.57494500165771,66.15016615206551,89.06417062961046,84.82138283839008,73.16483788910168,86.83805995460612,68.1822813949294,78.79962118102593,86.94142890906885
2262,59.65986539965411,70.60403162733013,66.17567478824499,89.10151316409514,84.85783745965382,73.19655015417032,86.87729310276072,68.211932638599,78.83225243121375,86.97729183312238
2263,59.68252958924725,70.63311489334252,66.20118578363298,89.13886008196265,84.89429513312999,73.22825170069686,86.91653347685366,68.24158600930926,78.86488504292691,87.01314988800442
2264,59.705195179720604,70.66220824951012,66.22669535740835,89.17620878902476,84.93076108765305,73.25994371065977,86.95576945568075,68.27120583621824,78.89751425464,87.0490094123743
2265,59.72785871251103,70.69130522665186,66.2521977385775,89.21355752517692,84.96723522413026,73.29159300958725,86.99498170299157,68.3008339360726,78.93013694716124,87.08486941088641
2266,59.750518400995254,70.72039656596905,66.27769384164482,89.25090756996677,85.00371080813645,73.32323827513325,87.03419468360437,68.33046825190917,78.96276105927501,87.12072868463785
2267,59.773175751618076,70.74948866667474,66.30318639984212,89.28825342436122,85.04019047887304,73.35488871548189,87.07339218169712,68.36008715316551,78.99538662209818,87.15658802646077
2268,59.79583430372655,70.7785876019377,66.32868160327976,89.32559537220641,85.07667132207116,73.38653928351178,87.11259441048902,68.38970956259455,79.0279997762411,87.19244535836438
2269,59.81849042480197,70.80769578768665,66.35417866879855,89.36294692855036,85.11314169512256,73.41818825804192,87.15179658094739,68.41932880460493,79.060611114652,87.22830332792283
2270,59.84114771451734,70.83680811357141,66.37967619855846,89.40029887408933,85.14959907929037,73.44982228658853,87.19098657939499,68.44894984840566,79.09322336199786,87.26416817621391
2271,59.863806153207825,70.86592198019848,66.40517386558636,89.43764104619117,85.18603857407925,73.48145880820688,87.23016353385557,68.47857180699197,79.12583803817353,87.30003485520722
2272,59.88645781668257,70.8950365333276,66.43067199978965,89.4749843190176,85.22247337417504,73.51311769865313,87.26934119023761,68.50819560912362,79.1584534990304,87.33589843581447
2273,59.90911163404893,70.92414756687914,66.45616668497944,89.51231990365903,85.25890843800504,73.5447908160784,87.30852717432879,68.53782012272379,79.19106131116973,87.3717592035411
2274,59.931768575138605,70.95325995478822,66.4816632093439,89.54964926540391,85.29533442695721,73.57649207309812,87.34771835162014,68.56744469129221,79.22366793364459,87.40762327693784
2275,59.95441653909523,70.98235968574252,66.50715352100092,89.58697455410697,85.3317513999545,73.60820268740979,87.38689876404278,68.59706745451423,79.25627468024737,87.44349021750563
2276,59.98548560236189,71.01579709477696,66.53930201570333,89.62416948632449,85.368110013811,73.64252236088163,87.42575583904932,68.6306855497701,79.29088395309851,87.47933757052486
2277,60.102490164489446,71.13379636212697,66.6567599390339,89.74328788794605,85.48711133086204,73.76089217929535,87.54510694066134,68.74876070533313,79.40937540325156,87.59826731105866
2278,60.10319698603541,71.14011516778558,66.65927447165328,89.75511218858583,85.49871327951509,73.7682836494204,87.55903498089322,68.75543169970369,79.41790644549383,87.60862138166904
2279,60.12357840937598,71.16792414683763,66.68211769332852,89.78971050767635,85.53303019384666,73.7974412282582,87.59619377946203,68.78366722640335,79.44848543532022,87.64142948714682
2280,60.14592611442449,71.1978697146181,66.70699757229275,89.82658302496175,85.56962235457537,73.82878778108275,87.63567676838893,68.81407093856475,79.48127614843087,87.67648302131408
2281,60.16846943273316,71.22803619285003,66.73207655858491,89.86368254058952,85.60641593559525,73.86035808623086,87.67535331818985,68.84471462094645,79.51428755820702,87.71176108657127
2282,60.191029062047704,71.25823081501767,66.75717714560959,89.90080931111598,85.64322056957216,73.89196039099825,87.71503347408238,68.87538311153554,79.54732553856392,87.74706168451556
2283,60.21359165739725,71.28842893545134,66.78228189458486,89.9379463554497,85.68002679655763,73.92357120148202,87.7547175215643,68.90604002002941,79.58036674543291,87.78236429833133
2284,60.23615650803226,71.3186041272291,66.80739067351008,89.97508499788357,85.7168427292277,73.95518339231039,87.79440480548136,68.93668581017576,79.61341010296991,87.81766692459216
2285,60.25872655413699,71.34875968422105,66.83250811853613,90.01222087726406,85.75366635794835,73.98680381791846,87.83410781655613,68.96735015356461,79.64647073878899,87.8529684015986
2286,60.28130011991162,71.3789263797767,66.85763028989973,90.04935733723077,85.79049546371756,74.01843015488018,87.87381812098063,68.99802073699307,79.67953706467655,87.88826986748154
2287,60.303876267879275,71.40909770598898,66.88276260969727,90.0864932894794,85.82734274814987,74.05003853341991,87.91351308019416,69.02869944046282,79.71261413843867,87.92357131183701
2288,60.326443197855134,71.43925881543065,66.90790265205625,90.12363048581564,85.86419283045736,74.08164932421745,87.95319102424175,69.05938243366359,79.74569658997858,87.95887268459981
2289,60.34900387217283,71.46940105550252,66.9330446313031,90.16076910484796,85.90101982768348,74.11326428832355,87.99286753230156,69.09006622224459,79.7787795547997,87.99417407674729
2290,60.371564811776246,71.49953784169702,66.95818759527488,90.19790747155044,85.93782979527774,74.14488895795473,88.03252674055008,69.12073589738024,79.81185688299539,88.02947516375589
2291,60.39412687462675,71.52968803450156,66.9833314316296,90.23504157164557,85.97462244284472,74.17651676863365,88.0721850711619,69.15141115788352,79.84494053022739,88.06477626375222
2292,60.41668748046986,71.5598441854922,67.0084761509914,90.2721699831917,86.01140408474971,74.2081368946831,88.11185840094431,69.18213246612171,79.87803929859882,88.10007748222871
2293,60.439241931990466,71.59001746085646,67.0336246826865,90.30929156528319,86.04817786499125,74.23976247576965,88.15153107901311,69.21287028017218,79.91115415350194,88.13537867806028
2294,60.461797683172925,71.62019721159479,67.05876177784528,90.34640787536179,86.08495600228319,74.27139113244341,88.19118667668397,69.24360590807059,79.94427271996366,88.17067908545208
2295,60.484345973610225,71.65038411475119,67.08389811951898,90.38352877984251,86.12173449924289,74.30303318505283,88.23085596489332,69.27431626044189,79.97738258212354,88.20597934369074
2296,60.50690127116594,71.68057436591351,67.10902966181979,90.42065183201002,86.15851625588495,74.33468114815739,88.2705263970616,69.3049868806406,80.01050018031462,88.24127947361852
2297,60.52946253744634,71.71075215325752,67.13417256708165,90.45777479912755,86.19529811824276,74.36631734955009,88.31019833958324,69.33566515333916,80.04362439060071,88.27657940257203
2298,60.552026093449044,71.74093356159138,67.15931857600796,90.49489765358284,86.23206856164204,74.39793318786853,88.34989244021153,69.36634664452312,80.07675014302593,88.31187938774153
2299,60.57459120300062,71.77111636569073,67.18446936140217,90.53201990399269,86.26881268436375,74.42951008898702,88.38959009452661,69.39700282522355,80.10987256280447,88.34717933858052
2300,60.597159391079266,71.80129235838064,67.20962400538102,90.5691342065985,86.30555022023779,74.46109454349289,88.42927920294831,69.42765879120569,80.14298155687744,88.38247922612682
2301,60.619730456218,71.83146865248725,67.23478465300886,90.60624367829855,86.34228507577077,74.49269084562599,88.46897078590342,69.45831713517713,80.1760915739717,88.41777922257687
2302,60.6422987584896,71.861658431338,67.25995709490546,90.64335913780084,86.3790440559835,74.52429089176782,88.50868890684863,69.4889680233339,80.2092143099727,88.45307957406008
2303,60.66487111158475,71.89185314102731,67.28513365010838,90.68047630486201,86.41581453003137,74.55590442037028,88.54841677362717,69.51964291312625,80.24234684097753,88.48838001480168
2304,60.68744726262802,71.92203064059126,67.31030678880934,90.71759056624002,86.45258509140854,74.58752289708127,88.58814101994942,69.55032356983097,80.27548307630548,88.52368012433801
2305,60.71002651962326,71.9522121684868,67.33548292121422,90.7547062141504,86.48936881947685,74.61913062270924,88.62783250496156,69.58095803569016,80.30861982057793,88.55898008718293
2306,60.73260857656025,71.98240750878482,67.3606583076736,90.7918214801396,86.52615946315703,74.6507365881734,88.66748573307247,69.61156953530829,80.34175448438234,88.59428025191274
2307,60.755192187517046,72.01262978110844,67.38582661785111,90.82893198627305,86.56296142169208,74.68233366997897,88.70714803424057,69.64217233815025,80.37489008631923,88.62958044986726
2308,60.77777625882212,72.04286118757183,67.41098009542067,90.86603942735198,86.59976933785967,74.71392402450613,88.74682660646391,69.67277832849956,80.40803039542332,88.66488056346267
2309,60.8003642594328,72.07309022225006,67.43613739475792,90.90314610032326,86.63657678622731,74.74551027514063,88.78650630564327,69.70338553260767,80.44117309002286,88.70018115691117
2310,60.82295362299369,72.10331615570524,67.46127515973912,90.9402416844275,86.67338812530434,74.7771049489126,88.8261909736278,69.733970505334,80.47430413475075,88.7354820717011
2311,60.845544156067504,72.13353843046126,67.48641597503862,90.97732608626295,86.7102041434215,74.80870287156479,88.8659036042461,69.76454045651766,80.50743847484402,88.77078300411175
2312,60.86813357224477,72.16377050587889,67.51155037661508,91.01440279848654,86.74702288492729,74.8402823204053,88.90565054683842,69.79511785474774,80.5405748866746,88.8060835368739
2313,60.89072743296765,72.19402063321394,67.53669613322234,91.05146626996998,86.78384045793287,74.87183329636109,88.94540466336622,69.82566480296566,80.57370947267773,88.8413839150351
2314,60.91331460938571,72.22432452196495,67.5618542382419,91.08851905587527,86.82065278094736,74.90339474161819,88.98515052308959,69.8562111796754,80.6068392195417,88.87668501898258
2315,60.93590350990092,72.25466776955503,67.58702937571844,91.1255751850153,86.85747863334144,74.9349607508782,89.02485656183488,69.88678337728204,80.6399630042187,88.91198692745374
2316,60.958490606980746,72.28502036124122,67.61221101207337,91.16263308430933,86.89432887759068,74.96653124867902,89.06454523322569,69.9173714738089,80.6730855590647,88.94728929167988
2317,60.98107344825255,72.31533946691826,67.63739077405609,91.19969091366669,86.93118564691896,74.99810524218842,89.10424396734592,69.94797984170128,80.70620257588823,88.98259168675105
2318,61.00364952816809,72.34564567744971,67.66256682614132,91.23674503135172,86.9680449458453,75.02968502636848,89.14394443840808,69.97861727656436,80.73932851076376,89.01789323750145
2319,61.02622616492589,72.37595318226367,67.68774005532251,91.27379267921677,87.00490307608797,75.06126858934596,89.18363528980738,70.00926436786918,80.77246361261466,89.05319467001335
2320,61.048803225734055,72.40624904736022,67.71292085190898,91.31083196570427,87.0417424585766,75.09285528191032,89.22332902305295,70.0399120251392,80.80560107548693,89.08849577704248
2321,61.071382185379875,72.43653812713399,67.73810781090624,91.34786811576704,87.07857797469987,75.12445281843667,89.2630136650288,70.07056252123103,80.83873594959076,89.12379688886722
2322,61.093962315009954,72.4668251992366,67.76328978549364,91.38490415412345,87.11540043575114,75.15605389206169,89.30267914889083,70.10122543686282,80.87186349789651,89.1590974551891
2323,61.116541724311475,72.49710575969789,67.78847416164275,91.42194112583778,87.15221667224402,75.18766232974774,89.34237495440094,70.13189400074715,80.90499752406225,89.19439725116877
2324,61.139119862563646,72.52735500772582,67.81365636754299,91.4589791264728,87.18902116184384,75.21927385537256,89.38210235506774,70.16251246788667,80.93813719689014,89.2296968587602
2325,61.161698584763606,72.55760214418743,67.83883371043748,91.4960168565247,87.22583613948409,75.25087410364138,89.42185893825975,70.19310916425002,80.97128104404655,89.26499651497737
2326,61.18427989412756,72.58783477629552,67.86400973522463,91.53305220900063,87.26266588772259,75.28245951837687,89.46161878886889,70.22370848132628,81.00442983448089,89.30029627155614
2327,61.20684701050874,72.61807010679122,67.88917921114266,91.57008613217747,87.2994976773702,75.31403139891091,89.50136675424453,70.25429283449002,81.03757979617657,89.33559607983011
2328,61.22941357463657,72.64826432119547,67.91434754126158,91.60712629013389,87.33631912003419,75.34561002674026,89.54111085392655,70.28487507698395,81.07072280022902,89.37089591491426
2329,61.25197709529853,72.67845680573457,67.93951512054329,91.64417076514358,87.37313648054892,75.37719209574146,89.58082217142143,70.31545895192593,81.10385412585457,89.40619605932375
2330,61.274542752299375,72.70865002717497,67.96469114621843,91.68121922318736,87.4099053037796,75.40875847538746,89.6205323703439,70.3460229409432,81.1369768511104,89.44149629568717
2331,61.297110348872586,72.73884506542525,67.98987329481433,91.71826761859073,87.44666865818795,75.44031479552625,89.66024270012687,70.37657611646846,81.17009962964919,89.47679680832664
2332,61.319679182662256,72.76903280913196,68.01506207167566,91.75531170901448,87.48343404107692,75.47187608422801,89.69993628315225,70.40713508626476,81.20322374254489,89.51209790745682
2333,61.34224714951984,72.79920227671941,68.0402538031034,91.79235926349192,87.52022126976401,75.50344456648645,89.7396240461906,70.4377245019055,81.2363391441475,89.54739915787648
2334,61.3648215272928,72.82936938907139,68.06544405238529,91.82941049134645,87.55703201557657,75.53501458975697,89.77929414175448,70.46832561860613,81.26946999631187,89.58270028831697
2335,61.3873991498209,72.85953796889443,68.09063527102803,91.86646180262878,87.5938631301102,75.56658065041537,89.81896351413405,70.49890607935963,81.30260686125409,89.61800133094022
2336,61.409978161368294,72.88969342567522,68.11582556385723,91.90350912199499,87.6306982994644,75.59815557761716,89.85862760314464,70.5294982786301,81.33573984003513,89.65330245984747
2337,61.43255811117066,72.9198304990206,68.1410126600919,91.94055689654883,87.66752726604844,75.62973722148769,89.8982868732737,70.56010349502897,81.3688741102987,89.68860323464196
2338,61.45513688953979,72.94996002769793,68.16619434107758,91.97760427586124,87.70434041042213,75.66131763244664,89.9379397832345,70.59071319900171,81.40200622247337,89.72390366115211
2339,61.47771591528828,72.9800634730797,68.19137510723833,92.01465297633338,87.74115665533856,75.69290228086606,89.97757987277556,70.62130546208354,81.43513911379668,89.75920434465351
2340,61.50029208683473,73.01013745164184,68.21655894149121,92.05170177692416,87.77797337654722,75.72445520702213,90.01721341358741,70.65191148229026,81.46827337173073,89.79450507108935
2341,61.52286629729095,73.04018076521629,68.24175257506283,92.08875071174977,87.81479895360893,75.75600449049446,90.0568506507742,70.68254709514869,81.50140601861214,89.829805104183
2342,61.54544677331034,73.07022642621806,68.26695141015324,92.12579520058843,87.85162821405139,75.7875682827731,90.09648056509323,70.71319331593597,81.53453512385104,89.86510455467226
2343,61.56803007251561,73.10027363782564,68.29215328393079,92.162839380884,87.8884641136047,75.81914057026758,90.13610483635891,70.74380344827807,81.56766468401915,89.90040367877822
2344,61.59907305056698,73.13403554740057,68.32419603892123,92.19977264119282,87.9252113543981,75.85341490712517,90.17537195225808,70.77774908114206,81.60244873621177,89.9358787621045
2345,61.716066656904104,73.2521711049776,68.44160955157278,92.31885440874717,88.04426707922029,75.97176568416091,90.29478045959507,70.8959618025005,81.72101359368823,90.0547338526571
2346,61.71636169133003,73.25820346810255,68.44457518865094,92.33006745669564,88.05572502023065,75.97960002036929,90.30827188244442,70.90352445532066,81.72960934112216,90.06511564084627
2347,61.73616932227148,73.285625288156,68.46801836705882,92.36392111433332,88.0898705864579,76.00929851612852,90.3448643903739,70.93291714304449,81.76025423302458,90.0979597982296
2348,61.75792636989358,73.31517207729378,68.49350910451835,92.40003814219263,88.12628703750792,76.0411559674655,90.3837667104415,70.96444989835955,81.79308569499902,90.13305016162431
2349,61.77987616457645,73.34493750492513,68.51920459893948,92.4363809474154,88.16293131864026,76.0732217191825,90.4229164336979,70.99618180009631,81.82613912279464,90.16836558899101
2350,61.80184231919776,73.37473969913896,68.54491820353849,92.47274604328611,88.19960441080958,76.1053042914643,90.46210178260414,71.02793087350558,81.85921846135584,90.2037039893512
2351,61.82380942735696,73.40455367865822,68.57063273981083,92.50911306444861,88.23628819742065,76.13737866178974,90.50130208537519,71.05963884704227,81.89230394411112,90.23904512057057
2352,61.845758638498154,73.4343712650834,68.59634445802953,92.5454799788441,88.27297315926437,76.16947805429038,90.54050467718947,71.09134004322857,81.92539452235857,90.27438649927575
2353,61.86771818102603,73.46416709126524,68.62205941684412,92.58184470122895,88.30964815707576,76.20158729938139,90.57970042446526,71.12305174818088,81.95849607702712,90.3097280050691
2354,61.88968572177564,73.49396805373894,68.6477759070753,92.61820851564471,88.3463242826264,76.23369684798891,90.61887741955185,71.15476759090315,81.99160848958238,90.34507052383312
2355,61.91164805866717,73.52378979553818,68.67349341406988,92.65457226288697,88.38300017087876,76.26579383537542,90.65804161403796,71.1864425076831,82.02472911788242,90.38041326113513
2356,61.93361630866513,73.55362156692397,68.69921244335882,92.69093491054917,88.41965842272842,76.29784049401123,90.69723762842081,71.21811797260584,82.05785693381762,90.4157560294237
2357,61.95557346112732,73.58345478905878,68.724933058865,92.72729582324385,88.45631600581724,76.3298805957048,90.73644088194332,71.2497977548305,82.09099505776256,90.45110033173549
2358,61.97753612881633,73.61327990592164,68.75065600481852,92.76365558979965,88.4929687352535,76.36190289919551,90.77564126493075,71.28148700149583,82.12413999335749,90.4864450203771
2359,61.9994853944485,73.64309202379918,68.77638234743458,92.800015330677,88.52961842118152,76.39392940230378,90.81483169136052,71.3131549176236,82.15729151567461,90.52178899047699
2360,62.02144351392494,73.67289918609582,68.80211018003631,92.83637457327946,88.5662642025054,76.42593849536684,90.85402210466857,71.34477783309607,82.1904447436762,90.5571327637559
2361,62.043407770707475,73.70270930793842,68.82783860090545,92.87273396217137,88.60288865598154,76.45795935296367,90.89320883144009,71.37639628724631,82.2236003481071,90.59247731967018
2362,62.06536931727473,73.73254423430978,68.85356791034958,92.90909494961454,88.63951470631675,76.48998502035137,90.93238407470706,71.40803289785903,82.25676868762946,90.62782200146974
2363,62.08733652906519,73.76238806255742,68.87929342906588,92.94545667766882,88.67614137042064,76.52200098709282,90.97156229569008,71.439699980529,82.28994040281285,90.66316588913604
2364,62.1092985184558,73.79221881138419,68.9050208317866,92.98181848023714,88.71275180010747,76.55401777328703,91.01075678979268,71.47137430235655,82.32309934818609,90.69850970168653
2365,62.13125497884931,73.82204590147876,68.93074897270947,93.0181800870823,88.74938312159337,76.58602092455888,91.04995310685176,71.5030369377347,82.35625461843274,90.73385241510168
2366,62.15321360632109,73.85187110712955,68.95647718428067,93.05454237418728,88.78601987644512,76.61800716734993,91.08913425808679,71.53466467856333,82.3893936844623,90.76919482796342
2367,62.175178903072506,73.88167243483234,68.98220334590202,93.09090481696309,88.82266049777664,76.64995753108964,91.1283251053081,71.56626416033598,82.42251585842209,90.80453711321923
2368,62.197121265852616,73.91147404270602,69.00792586984,93.12726682377992,88.85930066324448,76.68191078236406,91.16751656912122,71.59780501587156,82.45562813503946,90.8398793957239
2369,62.21906526377029,73.94126957519181,69.03364935291239,93.1636276232294,88.89592382703961,76.71386925199303,91.2066917667236,71.62935807034816,82.48874179823913,90.87522173846381
2370,62.241015353197994,73.97106640560301,69.05937325771372,93.19998984629657,88.93254760880333,76.7458212718032,91.24587132996143,71.66093386565844,82.52184990626053,90.91056378395422
2371,62.262973663058744,74.00087389354283,69.08509631851184,93.23635246630157,88.96915533820051,76.77777449834782,91.28505119531279,71.69254078850551,82.55496522628077,90.94590582877127
2372,62.28493862425905,74.03068448729518,69.11082039196842,93.272714692916,89.00576310286576,76.80972883409504,91.32422508140613,71.7241570598166,82.58808242440556,90.98124700776634
2373,62.30691019933091,74.06049374430253,69.1365452221886,93.30907607785238,89.04236604786372,76.84168891480995,91.36339661270316,71.7557424633147,82.6211889204312,91.0165873924407
2374,62.328863773896266,74.09030595612147,69.16226823778774,93.34543809280495,89.07898042748324,76.87365087697965,91.40256783270334,71.78734762523328,82.65429364572202,91.0519272946648
2375,62.35082202838446,74.1201148667782,69.18799105279459,93.38180070198422,89.11561855182559,76.90560199192265,91.44172748187289,71.81897321704442,82.68740443382664,91.08726757811094
2376,62.37278540099163,74.14991541817712,69.2137114941847,93.41816322894564,89.15226958718216,76.93753427724707,91.48084182778975,71.8506030444636,82.7205166913179,91.12260798112669
2377,62.39475223225402,74.17971567915859,69.23943238347795,93.45452440395917,89.18892264042117,76.96945815257055,91.51996514020222,71.88222091043366,82.75362790423924,91.15794820011843
2378,62.41671822519528,74.20950307583195,69.26515131560096,93.49088623830603,89.22557412489523,77.00139149342719,91.55909374982568,71.91387495620238,82.78673139804036,91.19328895748653
2379,62.43868958689876,74.2392843814934,69.29086803825253,93.52724936660333,89.26222265004492,77.03333258435089,91.59822176494295,71.94555134382045,82.819828644582,91.22862995197845
2380,62.46066214813691,74.2690587016508,69.31658736515166,93.56361285828503,89.29886905867585,77.06527464068037,91.63736160057154,71.97723162034886,82.85292806274124,91.26397155874065
2381,62.48264011441567,74.29882884636697,69.34230797696117,93.59997714564898,89.33549063038447,77.09718905122331,91.6765155747956,72.00889610575685,82.88603118286775,91.29931368386298
2382,62.50462911491365,74.32861405923624,69.36802766529861,93.63634204759886,89.37212624612175,77.12909847414622,91.71567972500708,72.04056308232208,82.91914326611115,91.33465603241729
2383,62.52662486258858,74.35841433481495,69.39374793500981,93.67270698266495,89.40876667598823,77.1610274020381,91.75483897006005,72.07224352172248,82.95226610975604,91.3699983985328
2384,62.54861846303588,74.38821816857491,69.4194647129837,93.70907170077392,89.44540637057581,77.19298611454437,91.79395027807334,72.10392865585048,82.9853916084755,91.40534044101709
2385,62.570606975985854,74.41802487936911,69.44518178283813,93.74543649399932,89.48206440929305,77.22496258649107,91.83304606321688,72.13559556529047,83.01851443189133,91.44068207252266
2386,62.59259808091786,74.44784277639354,69.47089770013588,93.78180090764668,89.5187311720573,77.25695692535189,91.87215671135323,72.16726131377371,83.05163012284211,91.4760233515373
2387,62.61458664211805,74.47767313762077,69.49661471379967,93.81816620970547,89.55539893421157,77.28895623995233,91.91126833309306,72.19893090660385,83.08474311727088,91.51136458095999
2388,62.6365760259077,74.50750848553525,69.52233237539681,93.85453222980144,89.59206832118662,77.32095342429379,91.95035907875102,72.23063507655831,83.11786229217014,91.54670462722522
2389,62.65855258184248,74.53734530781247,69.54805031662049,93.89089833496132,89.62876304254384,77.35295298608384,91.98945577252789,72.26237807098832,83.15098260597647,91.5820447435438
2390,62.680529026489644,74.56716901154293,69.57376723763845,93.92726358494168,89.6654650354594,77.38495915693015,92.0285656860305,72.29414355375626,83.18408167543859,91.61738516627081
2391,62.702493113084564,74.59699808700931,69.59948535256534,93.96362886470122,89.70218642083357,77.4169794644307,92.0676762843869,72.32591386188156,83.21717825720492,91.65272689252093
2392,62.724460698670576,74.62682926199822,69.62520420868775,93.99999621762426,89.7389204161581,77.44900788318647,92.1067768294029,72.35767397572683,83.25027323822114,91.68806894531562
2393,62.74643077927559,74.6566637016239,69.6509227403744,94.0363641435224,89.7756564482852,77.48103768043333,92.14588828255657,72.3894364801094,83.28336810018965,91.72341012849489
2394,62.76840220736794,74.6865043376183,69.67664466806468,94.07273177727821,89.8124089190802,77.51306703352616,92.18499803469,72.42119954280766,83.31645938705101,91.75875081270009
2395,62.79037658849218,74.71635007459751,69.70236789800725,94.10909934299428,89.84916549897851,77.545098247678,92.22408822059904,72.4529584642127,83.34955260454147,91.79409161635527
2396,62.812341057021555,74.74619930044915,69.728093261848,94.1454670854001,89.88591436886857,77.57713415012441,92.2632039840267,72.48473831426529,83.38264626922893,91.82943276840513
2397,62.83430961420055,74.77604794185773,69.7538225343679,94.18183355565367,89.92266327606185,77.60915094940806,92.30233213136694,72.51652442077088,83.41574994636613,91.8647741336126
2398,62.85628202190754,74.80590121079209,69.77955326954138,94.21819858697795,89.95941354790926,77.64116450449009,92.34147441889814,72.54827140248739,83.44885721001445,91.90011532839665
2399,62.878258277543864,74.83575301643738,69.80528429768422,94.25456376401867,89.99617819528954,77.67318680023754,92.38063684352221,72.5799986374892,83.48196686676997,91.93545624116989
2400,62.90022265028456,74.86560478874067,69.83101459794297,94.29092885811545,90.03295459111025,77.70521708633214,92.41982371727055,72.61173186401027,83.51508317054258,91.97079762995183
2401,62.92219169281416,74.89545942574982,69.85674550476253,94.32729437719118,90.0697329945123,77.7372488093775,92.45902319398442,72.64348108665989,83.54820075890042,92.0061391460056
2402,62.9441653476137,74.92532724147729,69.8824775670033,94.36365998362125,90.1065076860626,77.76927350821428,92.49822167558239,72.67523526864609,83.58129411350147,92.04148042676664
2403,62.96612893653738,74.9552192139294,69.90821092431439,94.40002446453236,90.14326728237656,77.80129107082588,92.53740903417395,72.70700188211754,83.61438372498029,92.07682155788548
2404,62.98809195700889,74.98512115999384,69.93394642129728,94.43638699688772,90.18002450260965,77.83329715941223,92.57659665785184,72.73878974472017,83.64746273207496,92.11216215048859
2405,63.01006025856052,75.01504753142513,69.95968468479451,94.47275007242538,90.21679771836158,77.8653049480546,92.6157745845269,72.77058809822641,83.68053805084452,92.14750277627824
2406,63.03203954436328,75.04498309518517,69.98542553949666,94.50911382761097,90.25359328146304,77.89731658513524,92.65497818942922,72.8024008103777,83.71361228649818,92.18284273268002
2407,63.05402371202379,75.07491438422106,70.0111712617314,94.54547876383259,90.2903937619555,77.92934508023316,92.69418608392164,72.83421837249827,83.74668839646984,92.21818203114108
2408,63.07600937360262,75.10483461224631,70.03691906414646,94.58184417901606,90.32718806081381,77.96138893736416,92.73337725545582,72.8659975574203,83.77975619573085,92.25352158049022
2409,63.09799676253711,75.13473716646196,70.06266830637114,94.61820962784785,90.36398412653564,77.99343629464988,92.77258481887887,72.89776668585641,83.81281794814926,92.28886114734445
2410,63.119988493140305,75.1646236409977,70.08841917345755,94.65457473319718,90.40078341252324,78.02547402178244,92.81179641236385,72.92953408549215,83.84588225637006,92.32420046940139
2411,63.14198768771517,75.19451137439663,70.11417031710985,94.69093836179472,90.43759002893219,78.05752210750583,92.85101403239,72.9613282602393,83.87895666396213,92.35953948478763
2412,63.16397526341876,75.22440053097652,70.13992203136269,94.7273012507417,90.474396550475,78.08959212008142,92.89023411334722,72.9931474425965,83.91204110527934,92.39487855719423
2413,63.19478103874653,75.2581093976008,70.1721675828893,94.76360845893227,90.51107965563403,78.12403261469889,92.92913329779701,73.02750490844083,83.9468112461303,92.43036641328735
2414,63.31167501993974,75.37622267713856,70.28966627008603,94.88260257919006,90.63012640146741,78.24245317799378,93.0484902947311,73.14589059965101,84.06537026084325,92.54922686840202
2415,63.31238481395126,75.382551638484,70.29242892426109,94.89290743664733,90.64163829627311,78.24954350147372,93.06176794582359,73.15351721506053,84.07344406692933,92.55980062978462
2416,63.332774720902435,75.41034574772478,70.31559730969316,94.92564676322,90.67584742505183,78.27830963865426,93.09811720186796,73.18294402680522,84.10343813350626,92.59288188729381
2417,63.35513135060704,75.44028660474284,70.34080877206932,94.96063559888073,90.71232137776046,78.30924897689512,93.13674701269574,73.214557014714,84.13561987085988,92.62821361787888
2418,63.37768637119902,75.47044051257521,70.36622646814843,94.9958449816803,90.74902603900645,78.34040041424046,93.17560387675456,73.24636678179208,84.16802674028541,92.6637707873284
2419,63.40026902198119,75.50062350133429,70.39166828037658,95.03107811792567,90.78575175673294,78.37157303437058,93.2144883369834,73.27820492694579,84.20045796640159,92.6993489580748
2420,63.4228571942122,75.53081350592446,70.41711353851373,95.0663138159519,90.82248638169673,78.4027511153417,93.25339951728976,73.31007442731472,84.23289079337195,92.73492827475482
2421,63.445445594078805,75.56097438938232,70.44255810919574,95.10155031148848,90.85923147210383,78.43393794490156,93.29232527536789,73.34198676040155,84.26531832926088,92.77050712084728
2422,63.46803580707422,75.59114202008425,70.46801121415318,95.13678743459907,90.89598367208072,78.46513143658879,93.33126300403958,73.37391158183145,84.2977461808942,92.80608612933894
2423,63.490627153072786,75.62130229859194,70.4934690329094,95.17202010085846,90.9327371763828,78.49632688275317,93.37019885808395,73.40578688027675,84.33016956153699,92.84166602389051
2424,63.51321830743133,75.651466739984,70.51892100301335,95.2072519274854,90.96948887178846,78.52752347441584,93.40910402015116,73.43763199176576,84.3625931093598,92.87724604450848
2425,63.535810865974334,75.68160881893195,70.5443720403793,95.24248420217685,91.00623093892773,78.55867983316298,93.4480258250405,73.46942554670834,84.39501563106924,92.91282549345812
2426,63.55840087559967,75.71175359911392,70.56981863774591,95.27771829238701,91.04298265006011,78.58983487878137,93.48695179827845,73.50121603007999,84.42743855390106,92.94840341752266
2427,63.58099206146273,75.74190373524816,70.5952671963544,95.31295546251614,91.07973840334157,78.62100176748686,93.5258700615094,73.53298815955002,84.45986315482362,92.98398062680758
2428,63.60358517374459,75.7720652261083,70.6207185481626,95.34819474054177,91.1164772152376,78.65217318477313,93.56476750778634,73.56475040768984,84.49229360168758,93.01955792498893
2429,63.626175478802494,75.80222899100373,70.6461786132839,95.3834342668497,91.15320141620961,78.68332616124947,93.60364917239201,73.59651948103276,84.52472558612818,93.05513287957211
2430,63.648764568227854,75.83239379365341,70.67164259176103,95.41867709885167,91.18992903867887,78.71448556350903,93.6425147887224,73.62830051698258,84.55715766578858,93.0907038613965
2431,63.671349431500914,75.86254695520213,70.69710686621087,95.45392435238554,91.22665936555885,78.74565605888391,93.68141849260535,73.66009167697007,84.58959100681426,93.12627590217747
2432,63.693937438905046,75.89269310121338,70.7225582643315,95.4891723231462,91.26338281248738,78.7768300301897,93.7203699503182,73.69188607764941,84.62202486138392,93.16185135061268
2433,63.71652686890678,75.92283919281157,70.74800828836597,95.52441866638924,91.30009148985496,78.80800012084758,93.75932936592068,73.723683850621,84.65445888193815,93.19742924775225
2434,63.739115967458595,75.95298548191633,70.77345596044965,95.55966419755505,91.3367924362523,78.83917793405976,93.79827616296684,73.75548832141891,84.68688662111406,93.23300762302377
2435,63.76170281162509,75.98313009534922,70.79889706021814,95.59490261309924,91.37350509667951,78.87035976146839,93.8372144167859,73.78729504724711,84.7193128641074,93.26858548152326
2436,63.78428564735424,76.01325526745475,70.82433665919658,95.63014409411484,91.41022025999291,78.90153992588904,93.87613933774927,73.81908312224857,84.75174033028655,93.3041630204359
2437,63.8068684882764,76.04336397927327,70.84977123950108,95.66538581876529,91.44694096730254,78.93269800312083,93.91506438190666,73.85087419682161,84.78417352050546,93.33974178629295
2438,63.829452239297325,76.07347849421883,70.87520060452971,95.700618883499,91.48366459032431,78.96387730656643,93.95399167033366,73.88265513897822,84.81660815201515,93.37532095749599
2439,63.852035116330555,76.10359534177388,70.9006318899993,95.73584512740845,91.52039786495627,78.99506421514819,93.99293805620512,73.91443978161173,84.84904001626549,93.41089904486407
2440,63.87460978554017,76.13371705753183,70.92606149369306,95.77107318409803,91.55713326870608,79.0262324346606,94.03190957985633,73.94621270148602,84.88146863314901,93.4464806293833
2441,63.89717957001338,76.16384703775017,70.95148438014951,95.80630505681043,91.59388266770738,79.05738324624494,94.07088646450936,73.97797319252767,84.91389886803871,93.4820631926891
2442,63.919749695814964,76.19399295822959,70.9769065259034,95.84153736232606,91.63064657897091,79.08851310076975,94.10987048783377,74.0097220318919,84.94632995205211,93.51764560796354
2443,63.94232099138697,76.22414505509447,71.00232746023903,95.87676712051885,91.66741325273745,79.1196380686263,94.14885717874436,74.0414648165936,84.97876114895087,93.55322808890577
2444,63.96489118270188,76.25430476619069,71.02774417093869,95.91199331526727,91.7041823538174,79.15076101738055,94.18783842330375,74.07327191479908,85.0111853481024,93.58880889406996
2445,63.987462138001085,76.28447479472433,71.0531538443182,95.94721978323967,91.74095094931312,79.18187408912063,94.22679086708574,74.10509989838808,85.04360786254739,93.62439119654422
2446,64.01003296734832,76.31465367848074,71.0785626081093,95.98244482869457,91.77770605485001,79.2130015964811,94.26573652493748,74.13690747650016,85.07603197857033,93.6599757062874
2447,64.03260106936389,76.34483616179557,71.1039731701474,96.01766691704499,91.8144421619755,79.24413423127545,94.30467703846739,74.1686530603941,85.10844944366575,93.69556223876978
2448,64.05516513200988,76.37500021281751,71.1293866777318,96.05288518484925,91.85115409498526,79.27526540277992,94.34361699005794,74.2003639813973,85.14085244571027,93.73115108699302
2449,64.07772741401138,76.40518314851393,71.1548026949171,96.08810199282337,91.8878281327989,79.30639992248572,94.38256108827993,74.23206052973873,85.17325977059997,93.76674039179454
2450,64.10028488689366,76.43537564987956,71.18022125250556,96.12331868269126,91.92452012758439,79.3375562611031,94.4215048615079,74.26372549794853,85.2056695458323,93.80232960645735
2451,64.12283688943799,76.4655699959509,71.20563898837425,96.15853321575284,91.96121704616229,79.3687202075461,94.4604396098564,74.29531150151517,85.23807617167698,93.83791912778923
2452,64.14539589492026,76.49577473434121,71.2310581861334,96.19374280416434,91.99790521630234,79.3998855584631,94.49937641737587,74.32688635214194,85.27047750739959,93.87350633434933
2453,64.16796013239315,76.52599171392116,71.25647852369775,96.22895233748872,92.03459084483814,79.43105354658843,94.5383269505083,74.35845113333119,85.30288442184353,93.90909017284818
2454,64.19053079875853,76.55621190652487,71.28189801624579,96.26416002554826,92.07126514521777,79.46221397668741,94.57730132375208,74.39001370825454,85.3352931087926,93.94467384473172
2455,64.21310548835487,76.58643499375607,71.30731228310785,96.29936632292976,92.10793825617,79.49339329027399,94.61627666920904,74.42158726546492,85.36769361373898,93.9802543642098
2456,64.23568177850275,76.6166674328863,71.33272666324218,96.33457496321839,92.14461963781723,79.5246025053174,94.65521802469455,74.45312742077525,85.40009161015838,94.01583474226695
2457,64.25825877603253,76.64690377979753,71.35814601975162,96.3697840092248,92.1813179400605,79.55582943072706,94.69414026055864,74.48466954793577,85.43249019366355,94.05141261117427
2458,64.28083507747823,76.67714114357115,71.38356753457852,96.40499472653237,92.21801889036976,79.58706679584375,94.73307349754637,74.51625637876117,85.46489758215057,94.08699048920138
2459,64.30341141584336,76.70737365530542,71.40899140212373,96.44020674615841,92.25470540546854,79.61831124544813,94.77200887999598,74.54785447649392,85.49731029012888,94.12256652948214
2460,64.32599057299451,76.73761381224695,71.4344204298161,96.47541893073246,92.29140517623361,79.64955755840126,94.8109308058754,74.5794664152717,85.5297238164034,94.15814414764824
2461,64.34857153451924,76.76785630701946,71.45985121570396,96.51062974475101,92.3281081346031,79.68080449004371,94.84986289052617,74.61108415109595,85.56213162727305,94.19372227059081
2462,64.37114994286371,76.79811147480665,71.48528821667975,96.5458395491985,92.36481575488888,79.71205544957309,94.88879978845085,74.6426863763191,85.59454061749213,94.22929837956285
2463,64.39373192413075,76.82837246452351,71.51072916669384,96.58105562949893,92.40152531290711,79.7432924759011,94.92772441255224,74.67430185986618,85.62695139227607,94.264873125954
2464,64.41631591944834,76.85861814790653,71.53617670885298,96.61627348259792,92.43823499582867,79.77450378432616,94.96662924776923,74.7059436783239,85.65936262981603,94.30044766818
2465,64.43890026256629,76.88887089239115,71.56162843634527,96.65149073672576,92.47494629040123,79.80570742305761,95.0055243123088,74.73762160957615,85.69176882446902,94.33602146067398
2466,64.46148455875851,76.91913039929486,71.58707178496793,96.6867079773068,92.51164889829549,79.83690305809229,95.04441014653946,74.76930991597386,85.72417763297008,94.37159578872605
2467,64.48406995012581,76.94940290459344,71.61251355714803,96.72192498711338,92.54834090280852,79.86809273917123,95.08329474699035,74.8009835594625,85.75659151516898,94.40717104307409
2468,64.50665278936387,76.97968055692685,71.63795389294098,96.75713436209544,92.58505282695265,79.89927064800912,95.12216903840499,74.83266197168969,85.78900687241146,94.44274640357844
2469,64.52923467330962,77.00995358760007,71.66339478219949,96.79234317651392,92.62177471747161,79.9304192870947,95.1610294887416,74.86430521489396,85.82141911338329,94.47832042699183
2470,64.55181688713789,77.04023417681593,71.68882800550925,96.82755141371794,92.65851813336374,79.96153543805332,95.19988967769885,74.89592432736906,85.85382685510737,94.51389101667569
2471,64.57439962113291,77.07051647747308,71.71426120007845,96.86275197598772,92.6952922852696,79.99265001093741,95.23875122722845,74.92753226739123,85.886237095354,94.5494617899597
2472,64.59698114825206,77.10076417358876,71.7396884256576,96.89795502057646,92.73207534120382,80.02377339750055,95.27761266880029,74.95912040963728,85.91864864758006,94.58503209165016
2473,64.61956561332372,77.13099412107584,71.76511655203988,96.9331583638002,92.76886272196914,80.05491478087528,95.3164817904428,74.99070980010146,85.95106153275994,94.6206046213862
2474,64.64215199069938,77.16123137793285,71.79054875472545,96.96835660204265,92.80567524093776,80.08606896288899,95.35535683015466,75.02227796872663,85.98347864955966,94.65617929219526
2475,64.66473879119923,77.19146979136181,71.81598361155326,97.00355044916066,92.84249446528321,80.11724082267912,95.3942319573781,75.05380777444239,86.01589661550456,94.69175433218521
2476,64.68732560078209,77.22171091926118,71.8414208665318,97.03873957891547,92.87931528998458,80.14842299123261,95.4330995323853,75.08538263882356,86.04831092663939,94.72732895944164
2477,64.70991007867549,77.25195392406967,71.86685274426496,97.07392595016405,92.91613989408211,80.17961677976592,95.47197482903817,75.11698092537166,86.08072875762083,94.76290476117303
2478,64.73249540673324,77.28218498619735,71.89228665423502,97.10910130720387,92.95296653126934,80.21082755669089,95.51085053398754,75.1485353845448,86.11314976628599,94.79848276067976
2479,64.75508182796544,77.31241744194254,71.91771981975857,97.14427692592604,92.98979172340923,80.24205173271778,95.54970423310276,75.18008173700997,86.14557147053165,94.8340611414556
2480,64.77766585500255,77.34264454067073,71.94315667416505,97.17944886538072,93.02659874267401,80.2732790977566,95.58857514128293,75.21163659513424,86.17798846611205,94.86963841822026
2481,64.80025073486757,77.37288960855741,71.96859505382301,97.2146251574357,93.06340585959497,80.30450694960403,95.62745916274281,75.24319440357338,86.21040409215007,94.90521588968734
2482,64.82283199030466,77.4031495915895,71.9940374053156,97.24980613400876,93.10021287105158,80.33573660157245,95.66634960238324,75.27475560384,86.2428220539005,94.94079011977432
2483,64.85387488230637,77.43698467662871,72.02616954737688,97.28524465879178,93.1369274945437,80.36989349512581,95.70496285288122,75.30902698305314,86.27737535376349,94.97636180271269
2484,64.97086845250264,77.55515096790074,72.14362060259818,97.40408439475621,93.25597865294371,80.48819494597377,95.82427981906206,75.42737651787822,86.3958432952615,95.09525294943518
2485,64.97202748314325,77.56160657783244,72.14680596673877,97.41390351930598,93.26773335117853,80.49572923703101,95.83725927316763,75.43442853459256,86.40415281577003,95.10577734139395
2486,64.99303581792454,77.58956798782052,72.17053872735455,97.44605877001584,93.30225817328565,80.52504266701693,95.87324747444107,75.46310915013649,86.43442899402878,95.13879478482595
2487,65.01602775533506,77.61968853462653,72.19632615891453,97.48044474309215,93.33908107598559,80.5565289948659,95.91154247487584,75.49391107314393,86.46690039455983,95.17406030861233
2488,65.03921939061428,77.65001484823469,72.22231918090661,97.51505048248681,93.37614116186352,80.58823584796495,95.95006058180833,75.52491805059255,86.49959528641487,95.2095505019898
2489,65.06243176222678,77.6803552127828,72.24833306546616,97.54967488821374,93.41323379662389,80.61997873925074,95.98860841813483,75.5559425700523,86.53231626678253,95.24506586548269
2490,65.08564708450612,77.71070230631685,72.27434901656285,97.58429983192642,93.45033435943125,80.6517281164151,96.02715951064557,75.5869587191402,86.56503995541077,95.28058365682989
2491,65.10886359135407,77.74105839756855,72.30036509800215,97.61892565338363,93.48743848931547,80.68347160343895,96.06570138109143,75.61798777410613,86.59776319032645,95.31610130701301
2492,65.13208237526918,77.77141739329335,72.3263813791143,97.65356066498518,93.5245497066191,80.7152212201414,96.10424079223858,75.64902702126808,86.63048711808293,95.35161925056589
2493,65.15530341603895,77.80176920161702,72.35239778190606,97.68819792751592,93.5616608660501,80.74697170675299,96.14278522999582,75.68001577017837,86.66320522168387,95.38713646731071
2494,65.17852555846565,77.83212184163379,72.37841421318838,97.7228325570194,93.5987536114281,80.77872120844066,96.1813525653635,75.71098544755779,86.6959289207343,95.42265011189626
2495,65.20174557742926,77.86247532672601,72.40443030642948,97.75746632616745,93.63583866107957,80.81046959344006,96.21993684521598,75.74191811265746,86.72866093802539,95.45816083056448
2496,65.22496560519046,77.8928108508442,72.43044643279353,97.79209676059173,93.67292065751099,80.84220029604856,96.25852384117562,75.77286353263035,86.76139992364817,95.49367028260306
2497,65.24818651089339,77.92313017052982,72.45646244704892,97.8267172224215,93.70999920286937,80.87393338161,96.29710651426043,75.80381278508348,86.79414206560982,95.52918020563652
2498,65.27141010246575,77.9534518152404,72.48247804374876,97.8613397231814,93.74708217416044,80.90568887841012,96.33566905598923,75.83479048397963,86.8268846583383,95.56469131971086
2499,65.29463519305718,77.98378656383223,72.50849368183675,97.89596226600598,93.784163975521,80.93745227863033,96.37424818442042,75.86579501744286,86.85962449996013,95.60020265543382
2500,65.3178610442257,78.0141401215718,72.53450937228429,97.9305795122782,93.82122837295698,80.96920906287323,96.41284154198257,75.89681858130912,86.89236997216882,95.63571365737145
2501,65.3410839931952,78.04451075050018,72.56052492733893,97.96519756505904,93.85827299602725,81.00097691935996,96.45143863975873,75.92784756101544,86.92511708472071,95.67122514677581
2502,65.364307481075,78.07489039934936,72.58654019471693,97.99981224709181,93.89529533540578,81.03274827311944,96.4900429249616,75.95887631839818,86.95785928301275,95.70673652818694
2503,65.38752915514695,78.1052725587067,72.6125551582136,98.03442988102512,93.93230183620919,81.06450969762736,96.5286567554158,75.98990889845193,86.99060195091077,95.74224508779072
2504,65.41075190723811,78.1356572479015,72.63857025551697,98.06904987755831,93.96929950434895,81.09625885471438,96.567293809319,76.02092359683158,87.02333445821148,95.77775451129493
2505,65.43397571830224,78.16605761274754,72.66458550386824,98.1036676213156,94.0062931919867,81.12797506312269,96.60593577224039,76.05192722445439,87.05605574948095,95.81326550487408
2506,65.4572001385404,78.1964679585005,72.69060082934911,98.13828066619702,94.04328013974491,81.15969474546188,96.64456984133989,76.08293122586561,87.08877710766839,95.8487766161902
2507,65.48042482346916,78.22689192828844,72.7166160472751,98.17290212923099,94.08026856043915,81.1914309098174,96.68319844094242,76.1139239255932,87.1215005626786,95.88428502695801
2508,65.5036492396002,78.2573210610956,72.7426313256156,98.20753346540533,94.1172644233389,81.2231710266397,96.72182688474116,76.14491623549381,87.15422537404018,95.91979304663363
2509,65.52687337005257,78.28775184754106,72.76864643145781,98.24216999340132,94.15427464045219,81.25489176747257,96.76046929207719,76.17586126041945,87.18695034040029,95.95529832372686
2510,65.550098448443,78.31814848005445,72.79466133799959,98.27681612436452,94.19128812277823,81.28660195533007,96.79911569939436,76.20680296333755,87.21966727042474,95.99080350519925
2511,65.57331780693131,78.34853710888163,72.82067617064494,98.3114664345449,94.22829417616833,81.31831280324394,96.83776053673141,76.2377235008162,87.25238670748806,96.0263068902408
2512,65.5965382878067,78.3789264685188,72.84669100805563,98.34611705006333,94.26528882208709,81.35002995615943,96.87640558006365,76.26865114909886,87.28510764071184,96.06181316251576
2513,65.61975982903849,78.4093050974196,72.87270568974526,98.3807661033413,94.30228154107131,81.38173949565001,96.91502691451812,76.29958513365494,87.31782973646014,96.09732037748476
2514,65.64297959982623,78.43968273979937,72.89872039600584,98.41541542400228,94.3392720677784,81.41345643940987,96.95364580784258,76.3305179364623,87.35055196963476,96.13282729738009
2515,65.66619652567415,78.47003641717501,72.92473511166548,98.45007157678087,94.37627960568925,81.4451806733644,96.99227813288036,76.36144927259869,87.3832614705812,96.16833476215618
2516,65.68941430176277,78.50037739454285,72.9507500163183,98.48472991188575,94.41329172459578,81.4769068036721,97.03091378242277,76.39238259382138,87.4159720899111,96.20384271506006
2517,65.71262988807865,78.53070447630947,72.97676503960335,98.51938707711919,94.45031082311502,81.50861555417632,97.0695629651416,76.42330468555987,87.4486829169626,96.23935087747861
2518,65.7358424797846,78.56103097268428,73.00277988377323,98.55404404189059,94.48733143569042,81.54033533064145,97.10821453632232,76.45419513528185,87.48138815637284,96.27485930801427
2519,65.75905563429119,78.59136571874807,73.0287947776952,98.58869004503345,94.5243403877195,81.57206373498552,97.1468451469544,76.48500985101016,87.5140941338337,96.31036812846563
2520,65.78226884030047,78.62171493976544,73.05480969988412,98.62333683458941,94.56133769891782,81.60379419327475,97.18546227519231,76.51582791924889,87.54680864478367,96.34587745986671
2521,65.80548315636398,78.65208090831995,73.08082451840752,98.65798480256996,94.59833444689663,81.63550222360199,97.22406045481969,76.54664057179653,87.57952677337545,96.38138662094823
2522,65.82869545366921,78.68245170514525,73.10683920714617,98.6926250681764,94.63531712977641,81.66719436749734,97.26266381255684,76.57744448559826,87.61224512392964,96.41689166165284
2523,65.85190650502777,78.71283363301862,73.1328535882984,98.72725485802368,94.67230563459742,81.6988844282925,97.30126697943024,76.60824420616188,87.64495762692349,96.45239569677142
2524,65.87511822622515,78.74322434565057,73.15886778708834,98.76188140434877,94.70929392052585,81.73057614710311,97.33987604454103,76.63901025549852,87.67766486696884,96.48789819255906
2525,65.8983307890966,78.77361667402768,73.18488161859288,98.79650711906594,94.74628251348699,81.76225025166548,97.37850230382799,76.6697941705486,87.71036796968424,96.52340086244742
2526,65.92154388812159,78.80399398889486,73.21089538691139,98.83114547187196,94.783281107655,81.79392533148147,97.41713757966211,76.70058393631554,87.743062260961,96.55890340945095
2527,65.94475720114193,78.83435521771278,73.23690919947148,98.86578989302058,94.820279834895,81.82558734213426,97.45577239039967,76.73137501766062,87.77575353737451,96.59440466549624
2528,65.96797035829216,78.86470039048403,73.26292304286274,98.90043478386778,94.8572616095542,81.85723017278787,97.49439199018282,76.76217453826119,87.8084370124081,96.62990750114822
2529,65.99118278162912,78.89503585990708,73.28893678121372,98.9350782653628,94.89421534370392,81.88888654826891,97.53300851492176,76.79299861812765,87.84112153641662,96.66541066131855
2530,66.01439556783144,78.92537610827598,73.31495048444773,98.9697270736906,94.93115968097666,81.92056053587193,97.57161745015266,76.82384932288568,87.87380601200884,96.70091268942073
2531,66.03760808623707,78.95572461315813,73.3409642124063,99.00438541100863,94.96810038050876,81.95224532567619,97.610232817387,76.85475442941924,87.90648055486021,96.73641255646056
2532,66.06082196349674,78.98607745595025,73.36697798458984,99.03905483593594,95.00504439154066,81.98394061054495,97.64885222652705,76.88570310619393,87.9391539505393,96.77190889041592
2533,66.08403730643607,79.01643861965643,73.39299174327219,99.07373448917059,95.04200853105625,82.01564336584016,97.68745551523018,76.91667960001156,87.97182783950595,96.80740640811389
2534,66.10725004702522,79.04681067301463,73.41900549482277,99.10842196080566,95.07897750831407,82.04735690615125,97.72603693916506,76.94766301853123,88.00450558691728,96.84290410613919
2535,66.13046381965475,79.07718529534577,73.44501929606952,99.14311105790937,95.11594099198611,82.07907413950801,97.76459927528109,76.97863813734968,88.03719593643555,96.87839854133873
2536,66.15367796031097,79.10755311797764,73.47103319561316,99.1777973867084,95.15290529077753,82.11079158887843,97.80316734035252,77.00958184931237,88.06989380051772,96.9138923289328
2537,66.17689450650492,79.13793113488418,73.49704656932033,99.21246691916045,95.1898707882571,82.14250315783124,97.84173694220225,77.04051011707318,88.1025948499723,96.94938416486154
2538,66.20011249180577,79.1683129052174,73.52305958973434,99.24712358263717,95.22683482437452,82.17421666800139,97.88031342855801,77.07144459439968,88.13530112448045,96.98487640653136
2539,66.22332793295091,79.1986717377599,73.54907266607229,99.28176721954144,95.26379131679757,82.20593278038744,97.91889566928836,77.10233627458271,88.16801460641307,97.02036893916886
2540,66.24654696876945,79.22900605346302,73.57508579739557,99.31639966431435,95.30074919565858,82.23765995853255,97.95748792088465,77.13318576785097,88.20073252048157,97.0558616118681
2541,66.26976801564909,79.25934039805922,73.6010988473851,99.35102406326482,95.3376922015464,82.26939363268997,97.9960944617321,77.16400084984414,88.23345386175811,97.09135739394489
2542,66.29298966045917,79.28966401040582,73.62711193868023,99.38563978501875,95.37461650825477,82.30109855093893,98.0347018308239,77.19480960785987,88.26618264377957,97.12685407268322
2543,66.31621198873385,79.31998575250192,73.65312484815792,99.42025770320292,95.41153067453358,82.33279057751241,98.07331714884904,77.22562647695116,88.29891352198159,97.16235127064337
2544,66.33943591882155,79.35031417066851,73.6791373791868,99.45487576258373,95.44845596741227,82.36445054041434,98.11193859634866,77.25645052323276,88.3316308343809,97.19784881936116
2545,66.36266188999078,79.38065569880695,73.70514996342634,99.48948857628393,95.48538340689483,82.39610426934092,98.15056491317993,77.28723928949688,88.36434815064416,97.23334755079813
2546,66.38588890081643,79.41100589900022,73.7311625945737,99.52410170835356,95.52231157671869,82.42775970800352,98.18920403967678,77.31802937678798,88.3970636582345,97.26885010369233
2547,66.40911441783237,79.44137392925475,73.75717513791858,99.55870902567081,95.55924567610329,82.45940311273368,98.22784160463232,77.34878599390021,88.42978020623406,97.30435697955352
2548,66.43233917515172,79.47174821278568,73.78318765097546,99.59330936965827,95.59618024427847,82.49101691734106,98.26644808469365,77.37951445315103,88.46248959518483,97.33986477497312
2549,66.45556410870958,79.50212027623661,73.80920011842812,99.62790944275905,95.63310241113071,82.52261108929622,98.30504533142366,77.41024627502492,88.49519084618606,97.37537290719295
2550,66.47879169662544,79.53249283182429,73.83521263365762,99.66250881676427,95.67001531685688,82.55420623728139,98.34363417685636,77.44098384684017,88.52788195411131,97.41088368780498
2551,66.50202146316828,79.56286565118451,73.86122518606487,99.69711495791397,95.70693318329889,82.58581936946065,98.38220915093314,77.47170645930365,88.56057146040679,97.44639708079869
2552,66.52525218016838,79.59323966679892,73.88723783692907,99.73173427865751,95.74385394650133,82.61744785696874,98.42078125189006,77.50238742072011,88.59326220459572,97.48191084063589
2553,66.54848352900314,79.6236027236993,73.91325061091027,99.76635728404283,95.7807710849269,82.64908008869628,98.45932780228964,77.53306989346649,88.625957274828,97.51742254533544
2554,66.57977889238838,79.65747241235375,73.94559153700004,99.80161934021065,95.81758855590071,82.68336833761742,98.49762089548993,77.56703889552116,88.66060061128054,97.55296451158392
2555,66.69687850056573,79.77565323714418,74.0631302815133,99.9203849593567,95.93665411294816,82.80172495771986,98.61689303964909,77.68526143193968,88.77910636814617,97.67184769296385
2556,66.69828037848644,79.78097901504233,74.0660065962068,99.93034058706002,95.94784855658493,82.80923737138926,98.63032143744982,77.69248681933429,88.78648145285364,97.68263906574586
2557,66.71962199024084,79.80748846696984,74.0893246474013,99.96266257829777,95.98168570108065,82.83852291798834,98.66687007004465,77.72141349559969,88.81559590127785,97.71598549712125
2558,66.74295654180264,79.83610811853472,74.11468652511803,99.99721684453348,96.01779217690338,82.86998894568865,98.70575190614674,77.75248956200521,88.84688317086722,97.75158901773045
2559,66.76649170946531,79.8649350234368,74.1402490883058,100.03198573768091,96.05412266591746,82.90168301932914,98.74489476941571,77.78377984008742,88.8783858494528,97.78742122198608
2560,66.79004537562489,79.89377958225788,74.16583072907751,100.06676920095434,96.09048726131425,82.93341843847101,98.78409426300874,77.81508888429396,88.90990989090287,97.82327746157283
2561,66.8136001037719,79.92263046065541,74.19141661912495,100.10155580870581,96.12686593696762,82.96516939145846,98.8233135771728,77.84638181856944,88.94143585975014,97.85913737140815
2562,66.83715975064283,79.95148586724133,74.21700509257342,100.13634329631928,96.16324701167781,82.99692321625493,98.86253529115912,77.8776695462709,88.9729618855534,97.89500379987146
2563,66.8607214065556,79.98034327956749,74.24259705303092,100.17112983843077,96.19963909316897,83.02869620581774,98.90174852325204,77.90893906900936,89.00448757408496,97.93087183487644
2564,66.8842845570305,80.00920127268694,74.26819417406224,100.2059195313155,96.23603383184114,83.06047748015959,98.94093015930208,77.94020209017866,89.03601385658871,97.96673879468736
2565,66.90784215612953,80.03805756349858,74.29379343009848,100.24071318755158,96.2724140166936,83.09227344284217,98.98013400330066,77.9714281573025,89.06754144166928,98.00261198492467
2566,66.93139758809713,80.06691409843047,74.31939114152136,100.27550944666343,96.30878069251999,83.12407864218419,99.0193406852321,78.00264844744325,89.09907008158746,98.03848641805723
2567,66.95495671025215,80.09576227834496,74.34498430592417,100.31030572309446,96.34513002363728,83.15588513822128,99.05852347584572,78.03390188351219,89.1305993310074,98.07436286226047
2568,66.97851854819962,80.12460970977973,74.37057671903626,100.34509469007506,96.3814630117498,83.18768998580722,99.09770276803954,78.06517331406856,89.16212871752603,98.11024661699727
2569,67.0020788633201,80.15345880653678,74.39616506876955,100.37988611429485,96.41779737966905,83.21951085313181,99.13688640740364,78.09644783391235,89.1936579285178,98.146135060585
2570,67.0256490090104,80.18230306735055,74.42175789340673,100.41467789556937,96.45412673579008,83.25133638782471,99.17606715338526,78.1277311303168,89.2251871942713,98.18202568106473
2571,67.04922357641958,80.21114454610708,74.44735257743872,100.44946412506171,96.49044314682884,83.28317333891808,99.21522237358087,78.15901803082481,89.25671436674415,98.21792124702122
2572,67.07279822074938,80.23998769928,74.47294561566497,100.4842441454014,96.52675687856025,83.31501623847691,99.25436369319877,78.19030199099717,89.2882416501478,98.25382136095588
2573,67.09637417690539,80.26883387120148,74.49853147205971,100.51902517803211,96.56306885540221,83.34682931871541,99.2934688225711,78.22159498919282,89.319771102709,98.28972241300852
2574,67.11994866824753,80.29768424236049,74.5241161149639,100.55380604661147,96.59939017046831,83.37863615837026,99.33257406341949,78.25289871289407,89.35130133954108,98.32562595950131
2575,67.14351715473346,80.32653596579402,74.54970060458461,100.58857899909785,96.63572387643818,83.41042285182063,99.37168412601375,78.2842104613815,89.38283068897174,98.36153011221778
2576,67.16708983367602,80.35539400121901,74.575281006567,100.62334802825724,96.67207932729315,83.44220662961703,99.4108093524495,78.31554221567406,89.41435989207386,98.39743097747343
2577,67.19066417451401,80.38425531437281,74.60085991654883,100.65811911080853,96.70845496776073,83.47396507485655,99.44994928999665,78.3468979389862,89.44589007307437,98.43332733980083
2578,67.21423635119314,80.41311962252433,74.62644059441038,100.69289029960419,96.74484300312889,83.50569411973204,99.48910052757985,78.37830209561717,89.47742243604539,98.46922049196802
2579,67.2378088643437,80.44198509414048,74.65202213170554,100.72765343594983,96.78123387577301,83.53742212757884,99.52825279983979,78.40973641970056,89.50895546507043,98.50510771726253
2580,67.26138171972443,80.4708512229651,74.67760329846504,100.76243052362578,96.8176235844598,83.56914565328076,99.56740817616135,78.44117616606664,89.54048846050922,98.54099873920674
2581,67.28494974630321,80.49971820654619,74.70318805462178,100.79721183409835,96.85399884564525,83.60084973664955,99.60656526844444,78.47261441742992,89.57201988520865,98.5768934414267
2582,67.30850203602473,80.52857907277884,74.72877428855188,100.8319942780666,96.89036671895288,83.63252348441682,99.6457117151751,78.50404977542335,89.6035509265693,98.61279205341117
2583,67.33205296364271,80.55744033392813,74.75436064694782,100.8667847345672,96.92671847468559,83.66419061144626,99.68484792184607,78.53548882172146,89.63508022103478,98.64869782655308
2584,67.35560193710738,80.58630087006931,74.77994545059376,100.90158269513837,96.96306651148782,83.69586442221329,99.72397688119487,78.56693902523092,89.66660885444391,98.68461117194677
2585,67.37914858945058,80.61515468440923,74.80552862678894,100.93638947162712,96.99942025392076,83.72753962003797,99.76310850243743,78.59842613152298,89.6981378055273,98.72052782504525
2586,67.40269248905679,80.6440094922883,74.83110693637606,100.97119824011573,97.03577890277208,83.75920132521274,99.80225355799702,78.62992276791503,89.72966543960484,98.7564507384819
2587,67.4262273844708,80.67285393774682,74.85668567664133,101.00600351433486,97.07213767145417,83.79085806820206,99.84140167284264,78.66140286598488,89.76119149633378,98.79237752513869
2588,67.44975892427325,80.70170178034218,74.8822644950656,101.04082258286212,97.10849298506233,83.82252071399527,99.88055647811525,78.6928762525067,89.79271665997702,98.82830566960621
2589,67.47329162086413,80.73055108839493,74.90784573658244,101.07564527964114,97.14484826788073,83.85418785204203,99.91971491861406,78.72435183881817,89.82423966159934,98.86423353777276
2590,67.49681996071931,80.759399215649,74.93341780348786,101.11045794795496,97.18118485070038,83.88585898531495,99.95886386727871,78.75580315479472,89.85576004273639,98.9001553527794
2591,67.52034899877933,80.78824894944856,74.95898789572733,101.14527334013255,97.21751883851834,83.91754192846864,99.99798733787489,78.78728350288539,89.88728008925436,98.936079684594
2592,67.54387697387156,80.81709935757377,74.98455963949607,101.18008932652323,97.25386208555345,83.94922857889689,100.03712142625375,78.81880850551659,89.91879762331463,98.97200730018635
2593,67.56740573079388,80.84594695087816,75.01013233158484,101.2149018908605,97.29020641365511,83.98089752607211,100.07627112295822,78.85034619899304,89.95031517948718,99.00793554427175
2594,67.59092824637571,80.87479500065847,75.03570441600442,101.24970943527276,97.32653632969257,84.0125710454414,100.11542158406168,78.88189211438016,89.98183207276797,99.04386322401524
2595,67.61444713900894,80.90363933906882,75.06127787018592,101.28452028065519,97.3628603916689,84.04424804502843,100.15457860583386,78.9134476170436,90.0133491302357,99.07978959799684
2596,67.63796718133432,80.93248758228037,75.08685296717789,101.31933321581639,97.39918019405735,84.07592560271237,100.19375758861136,78.94498059279209,90.04486632294254,99.1157135719789
2597,67.66148376108488,80.96133736725605,75.1124290965571,101.35414592187198,97.4355154363839,84.10760353364283,100.23293769239105,78.9765235098771,90.0763832445019,99.15163376806824
2598,67.68500552111782,80.99018743720093,75.13800590788927,101.38895970401177,97.47185434321693,84.13927706319068,100.27209709963755,79.00807294428874,90.1078993878717,99.18755285085193
2599,67.70853247360782,81.01904108587001,75.16357940960401,101.42376927219941,97.50818774721094,84.17095074056616,100.3112586693102,79.03960060694901,90.13941485490666,99.22347199608629
2600,67.73206371671431,81.04789768054972,75.1891531714992,101.45857013694332,97.54451125912304,84.20261845693162,100.350418536312,79.07113148946081,90.17093205164393,99.25939153509489
2601,67.75560299549845,81.07675101993242,75.21472789228133,101.4933593709871,97.58083983732371,84.23427255266822,100.38956311304587,79.10266420439294,90.20244985010355,99.2953112802299
2602,67.77914943734535,81.10560913889518,75.24030445494964,101.52814134147856,97.61717178018192,84.26591681340923,100.42871706171866,79.13418783511425,90.23396685651454,99.3312281859031
2603,67.80269929335273,81.13447240638527,75.26587682862419,101.56291425197298,97.6535000206922,84.29753511768041,100.46787260558406,79.16571234020653,90.2654834989713,99.36714503926156
2604,67.82625533625662,81.16334177000823,75.29144822965492,101.59768480475888,97.68982604096493,84.3291324723985,100.50702329991927,79.19722414075619,90.296999668189,99.40306059787531
2605,67.8498149204811,81.19221381816055,75.31701532701287,101.63245079895863,97.72614361126236,84.36071012512157,100.54617950102188,79.22872434032716,90.32851678862363,99.43897349843384
2606,67.87337156600631,81.22107519778473,75.34258324792424,101.66722463149189,97.76247294056128,84.39227935762484,100.58533451644134,79.26022890359528,90.36003415417431,99.47488545893722
2607,67.89692956974862,81.2499370955595,75.3681476067116,101.70200023497782,97.79880749806813,84.4238587913713,100.62448365465573,79.29172541972679,90.39155105673713,99.51079485603324
2608,67.92049207478321,81.27879924864921,75.39371215164164,101.73678265116287,97.83514118178944,84.4554414878453,100.66365075256903,79.32322269192657,90.42306621561337,99.5466960987529
2609,67.94405554523942,81.3076617240488,75.41927209929005,101.77156812692735,97.87145705822196,84.48702939347871,100.70282915202813,79.35471679459262,90.45458268265557,99.58259923524639
2610,67.96762030476883,81.33652142294805,75.4448300961892,101.80635124134702,97.9077582484181,84.51862395258613,100.74200743672934,79.38618983545292,90.4860998433126,99.61850303108217
2611,67.99118594810851,81.36537355997159,75.47038616121915,101.84112606144805,97.94405258009292,84.55021902891768,100.78118250172851,79.41767360774178,90.5176170875834,99.65440408271935
2612,68.01475074687755,81.39422125411441,75.49593632055677,101.87590138835992,97.98034628621943,84.58181364699988,100.8203554260331,79.4491953454997,90.54913434160972,99.69030461188747
2613,68.03831430967755,81.42306956878845,75.52148676802157,101.91067680853828,98.01662769769783,84.6133907340169,100.85949534439897,79.48074980379232,90.5806499231582,99.72620399966256
2614,68.06187627655626,81.45191985933205,75.54703668776827,101.94545519565749,98.0529015216489,84.64495213499518,100.89863575033526,79.51231558695737,90.6121658465361,99.76210183141318
2615,68.0854361434675,81.48077351000586,75.57258729761737,101.98023417266523,98.08916736561885,84.6765109927962,100.93777534931186,79.54389464970684,90.64368287122738,99.79799910220505
2616,68.10899095433591,81.50962857161844,75.59814441916055,102.01500911384794,98.12543038449493,84.70805936446547,100.97691942286869,79.57547837047206,90.67520014190721,99.83389114457141
2617,68.13254551835712,81.53847890377365,75.62370760127698,102.04978178607035,98.16169358701778,84.73962250096443,101.01608545831036,79.60704650529614,90.70671660995288,99.86978200629713
2618,68.15610075779956,81.56733026994895,75.6492720954195,102.08455636666666,98.19795925509474,84.7712130515712,101.05526490401286,79.63864259730377,90.73823429299868,99.90567268841471
2619,68.17965893223088,81.59618252496335,75.67483917183937,102.11933639995338,98.23422271824595,84.80282162589165,101.09446412529509,79.6702643722878,90.76975236704362,99.94156331651727
2620,68.20322051602426,81.62503545507349,75.70040895577787,102.15412060666426,98.27049395882294,84.83444895383201,101.13369979276045,79.70193635278542,90.80126922904567,99.97745168307799
2621,68.22678363375806,81.65389325097995,75.72598186400855,102.18890587909236,98.30676941322007,84.86608175369216,101.17296655055678,79.73367216112231,90.83278688129549,100.01332888935816
2622,68.25034663723497,81.6827524113929,75.7515560255216,102.22369097808347,98.34306296660655,84.8977115148926,101.21223726696199,79.76544639152081,90.8643054032956,100.04920093385607
2623,68.27391260363078,81.71161053484896,75.77712956745168,102.25848138740369,98.37936136189043,84.9293523207102,101.25151733098244,79.79722858195362,90.89582453736631,100.08506817488374
2624,68.29748476032698,81.74047071922195,75.80270258535926,102.29327420692852,98.41565480207584,84.96100474070913,101.29080510238275,79.82897529754182,90.92734384752707,100.12093236365462
2625,68.32105971903562,81.7693319022668,75.82827440105069,102.32805448771009,98.45194714038367,84.99266003432713,101.33009164175606,79.86067616207934,90.9588635651735,100.156791230775
2626,68.35248818182761,81.80268551498966,75.86045354580428,102.36336257837611,98.48819100054885,85.02695654995269,101.36904856153973,79.89499619083671,90.99311999191498,100.19263000733207
2627,68.4696436917558,81.92064958788882,75.97792434215634,102.4821475320114,98.6071762520831,85.14531664207098,101.48841364142055,80.01336615847036,91.11146324670196,100.31155854716117
2628,68.47106612591116,81.92599878552689,75.9816075056763,102.491722471306,98.61944732457133,85.15321826216652,101.50249284612508,80.02056743020046,91.11912360901489,100.3234175489031
2629,68.49243868102808,81.95254408318611,76.00599687164132,102.52356574356342,98.65460700886997,85.18300365202325,101.5398031789668,80.04947450617385,91.14860086662496,100.35807135142726
2630,68.51581427639533,81.98121247162366,76.03245777192846,102.55762347604586,98.69206124517432,85.21495769852389,101.57945480728293,80.08057231460926,91.18025733265686,100.3950132023544
2631,68.5393951859141,82.01009683276405,76.05912029172826,102.59190194851145,98.72975626965764,85.24712230430451,101.61934752196186,80.11190675603686,91.21213240690602,100.43217093913375
2632,68.56299918132375,82.03900336839041,76.08579960990441,102.62620439383821,98.7674950158306,85.27930355965532,101.65926236287281,80.14327752246749,91.2440287264401,100.46934113219868
2633,68.58660604748151,82.06791401404557,76.11248771462081,102.66050814148721,98.80523818764652,85.31148541694196,101.69917758809882,80.17468379630365,91.2759291150301,100.5065085642975
2634,68.610210899005,82.09682621309015,76.13918445441661,102.6947942153121,98.84296163735688,85.34366882287135,101.73908803242225,80.20610138241749,91.30783220939172,100.54367547294656
2635,68.63382018362483,82.12573887576184,76.16588440448935,102.72908531472821,98.88067689056516,85.37586201676012,101.77900643563436,80.23750199196331,91.33973644871092,100.58084662742391
2636,68.65743428647326,82.154649206387,76.19258488723565,102.76337989438377,98.91839091203448,85.4080589926597,101.81895871574635,80.26892505346079,91.37164167240013,100.61803034390913
2637,68.68103875928976,82.18355074688833,76.21928510903979,102.79766943808269,98.95610541958274,85.44025415901531,101.85892215457976,80.30035572964927,91.40354726531372,100.65521528516328
2638,68.70463887575826,82.21245024959782,76.24597844876888,102.83195284257575,98.99383611550442,85.47246392582072,101.89888299119879,80.3317891747075,91.43545288925274,100.69238719372807
2639,68.72823776270324,82.24135050192382,76.27267125838934,102.86622841559492,99.03157935115414,85.50469190253713,101.93882375666021,80.36323269300013,91.46735882430123,100.72955083013859
2640,68.7518387561123,82.27024640049758,76.29936456826309,102.90050274394866,99.06932713936962,85.53693563484602,101.97876750935454,80.39469948190802,91.49926488993846,100.76670156639054
2641,68.77543085164537,82.29914087752992,76.32605584117574,102.93476963896396,99.1070739515076,85.56919157640044,102.01872818121377,80.42617510848956,91.53117157035878,100.8038433449707
2642,68.79902565950476,82.32803968783436,76.3527458154046,102.96903422375897,99.14480613654442,85.60145035542342,102.058699698377,80.45765141334958,91.56307860969245,100.8410015830405
2643,68.8226225469835,82.35694227335863,76.37943307885084,103.00328811752304,99.18252217031328,85.63367453848376,102.09869733567196,80.48912148524053,91.59498419376308,100.87816582843601
2644,68.84621499812394,82.3858467175205,76.40612543548316,103.03753778261688,99.22023592419993,85.66589397368409,102.13872399650184,80.52060431401411,91.62688736384307,100.91533241536014
2645,68.86980685265148,82.41474102950981,76.43282107881619,103.07178456555862,99.25796066482087,85.69808754505175,102.17876020590545,80.55209130788084,91.65879057816827,100.95250113160732
2646,68.89339611783215,82.44363535494647,76.45950559830301,103.10603551404431,99.29569072460578,85.73025822395212,102.21879517205485,80.58356969400654,91.69069355625594,100.98967641086574
2647,68.91698907834461,82.47253270555977,76.48619280880413,103.14028730755919,99.33341898878012,85.76243821409346,102.25881145837693,80.6150658106772,91.72259671268385,101.0268716436475
2648,68.94058303067692,82.50143141182023,76.51288220111682,103.17451800409013,99.37112525587214,85.7946271944191,102.29878601139971,80.6465853608866,91.7544990459589,101.06407214468774
2649,68.96417686897955,82.53032242003508,76.53956319321604,103.20874326432498,99.40883332208489,85.82680138805082,102.33871882445601,80.67814034254232,91.7864019541095,101.10128890669566
2650,68.98776549173002,82.55921488273603,76.56624389758886,103.24296704982136,99.44654100325755,85.85896641636776,102.37863860010742,80.70970707188715,91.81830529063596,101.13850971247709
2651,69.01135892012456,82.58811109596827,76.59292136705304,103.27719175002791,99.48424784603718,85.89114611454342,102.4185624070828,80.7412584642426,91.85020617432829,101.175722238124
2652,69.03495610579358,82.61700933436764,76.61960442073763,103.31141626540294,99.52196332252053,85.9233321525064,102.45848272010794,80.77279525653795,91.8821059885869,101.21292242868557
2653,69.05855508098067,82.64590186493744,76.64629444092327,103.34563481390795,99.55967691707167,85.95551430481261,102.49839656028743,80.80432617344698,91.91400581908852,101.2501230958242
2654,69.0821559086938,82.67479550115124,76.6729952484068,103.37985287588862,99.59736592654268,85.98770719908536,102.53832117756004,80.83585379193477,91.94590607834179,101.28732707726269
2655,69.10575038751432,82.70368879829583,76.69970467303465,103.41407261691555,99.6350518507801,86.01991621774933,102.5782427473681,80.86736772041594,91.97780656422822,101.3245286545064
2656,69.12934717115596,82.73258336514199,76.72641623889031,103.44830411229613,99.67271166508263,86.0521557366219,102.61815924170232,80.89885705503181,92.00970571605083,101.36172037667872
2657,69.15294652882993,82.76146938836246,76.75313557263996,103.48254832222442,99.7103768003664,86.084404135517,102.65807817488883,80.93031920613858,92.04160469083165,101.39891165124469
2658,69.17654150827607,82.7903567165045,76.7798587884795,103.51679853340585,99.74804405508131,86.1166452676171,102.69797201788906,80.96177886571539,92.07350373089714,101.43609841898255
2659,69.20014540484992,82.81923285055142,76.80658051773597,103.55104963473649,99.78569902089298,86.14889481848553,102.73784367699741,80.99325292963204,92.10540387605963,101.47328492592311
2660,69.22375458348182,82.84810918020875,76.83329876079614,103.58529776940384,99.82333140904211,86.18114746337426,102.77769150408265,81.02473620414438,92.13730534246191,101.510465468956
2661,69.2473587802078,82.87698578653868,76.86001911942365,103.6195365052987,99.86094579725562,86.2133761151364,102.81753652311068,81.05622946808927,92.16920898041369,101.5476421404916
2662,69.27095109540156,82.9058652869241,76.8867432307038,103.6537583009856,99.8985576602013,86.24560125137765,102.85735441860932,81.08772940698559,92.2011160716065,101.58481310623102
2663,69.29454383096603,82.9347460200112,76.91346786606452,103.68799989269748,99.9361851621311,86.27783790927201,102.89717176277428,81.11924772233601,92.23302448134325,101.62198724582257
2664,69.31813765628463,82.96362543308076,76.9401949394018,103.72224703288326,99.97382284758555,86.31009891344225,102.93699866384185,81.15078185716482,92.26493301799451,101.6591623602099
2665,69.3417315653785,82.99250328344716,76.96692546243264,103.75648212450392,100.01145319084905,86.34236776582581,102.97685288197273,81.1823401608481,92.2968401632604,101.69632544958883
2666,69.36532457945802,83.02138586172525,76.99364880674634,103.7907075121994,100.04908068717715,86.37462839656536,103.01674783491738,81.21390659351253,92.32874719101274,101.7334771206771
2667,69.38891864125341,83.05027036954105,77.02037305046626,103.82492123241303,100.08669054036264,86.40688786650469,103.0566490090805,81.24546603370864,92.36065448803942,101.7706276810187
2668,69.41250872200412,83.07915359963283,77.04709775025758,103.85912503900988,100.1242999684362,86.43915715949197,103.09654462734895,81.27700106522813,92.39256184280363,101.8077802335276
2669,69.43609325501276,83.10803381416889,77.07381837645596,103.89331932459805,100.16191248765547,86.47143107065916,103.13643742883893,81.308549867124,92.42446791712155,101.84493149955853
2670,69.45968102787207,83.13691133322845,77.100532729726,103.92751772544845,100.19952932661084,86.50371921436336,103.17631553683675,81.34010457638678,92.45637425167229,101.88207779994255
2671,69.4832706424581,83.16579346513731,77.12725095956334,103.96171850085041,100.2371460731196,86.53601336373436,103.21621900184044,81.37164106631268,92.4882791316555,101.91922461510673
2672,69.50685673989398,83.1946783611516,77.15397118979999,103.99592664221811,100.27477532278343,86.56830780496043,103.25612334912728,81.40317824204239,92.52018392683567,101.956370100217
2673,69.53044550538219,83.22356874030365,77.18069031491989,104.03013882447509,100.31240832167506,86.60060314563648,103.29600046245339,81.43471654991295,92.55208878005367,101.99350531134091
2674,69.55402802190314,83.2524623014253,77.20740731665481,104.06435112556808,100.35005083037859,86.6328880391992,103.33586707943016,81.46624963706424,92.58399423127632,102.03062774782188
2675,69.57761120268259,83.28135659816505,77.23412685391683,104.09855306214037,100.38769398987903,86.66516522676167,103.37570032797245,81.49778479015582,92.61590245831694,102.06775706327292
2676,69.60119622915289,83.31024791245638,77.26085293666357,104.13275425958362,100.4253185443775,86.69744623721425,103.41551012876087,81.52930008645491,92.64781165107487,102.10488776693892
2677,69.62477755596889,83.33913918090067,77.28758453144873,104.16694918784764,100.46295497703763,86.72973282794794,103.4553380596409,81.56081121174964,92.67972028186146,102.14201477886255
2678,69.64835660109537,83.36803786334376,77.31431934474695,104.20115202855776,100.50060008100664,86.76202679703903,103.49516808595664,81.59229063986781,92.71162797675593,102.17913482324174
2679,69.67194098680238,83.39694220138284,77.34105539290898,104.23535710032402,100.53824938576292,86.7943420686339,103.5349790397819,81.62374743845307,92.74353510165427,102.21623804069822
2680,69.69553001661093,83.42584780700066,77.36779178588027,104.26955680374363,100.57590351555923,86.82666591026849,103.57480279429679,81.65521596516024,92.77544165993201,102.25331665234643
2681,69.71912035321925,83.45475260782833,77.3945267829393,104.3037656328064,100.61359168837896,86.85899769291665,103.61465979420133,81.68669365847883,92.80734878609239,102.29038034195142
2682,69.74270912642181,83.48365875331184,77.42126218652386,104.33798562915119,100.65128771947964,86.89137274036345,103.65454852359866,81.71817424656409,92.83925638547426,102.32742229035233
2683,69.76629679749688,83.51256555602127,77.4479866101003,104.3722082127151,100.68897901510483,86.92378529316042,103.69445448353552,81.74964135145228,92.87116411185038,102.364472129646
2684,69.78988637829289,83.54147174319334,77.47470864417409,104.406434348698,100.72667219588494,86.9562341373779,103.73437785303975,81.78110383500334,92.90307128331065,102.4015344225369
2685,69.8134779882107,83.57037046059733,77.5014164032295,104.4406624488704,100.76436598714393,86.9887022226478,103.77430463895608,81.81253645466055,92.93497893605613,102.43859873709395
2686,69.83706956148836,83.59926506412964,77.52812496291568,104.47488072705384,100.80205920899846,87.02119039814308,103.81422657673433,81.84396304791323,92.96688790860425,102.47565999267434
2687,69.86065717660914,83.62815625512017,77.55483371201919,104.50909861012529,100.83973792446038,87.05369436375099,103.85413236487447,81.87542879590993,92.99879848871889,102.5127220772679
2688,69.88424510400252,83.65704208609107,77.58152293340835,104.54331665231007,100.87742245655458,87.08620377587332,103.8940262974006,81.9069040293261,93.03070948304085,102.54978350727929
2689,69.90783477185781,83.6859248723819,77.60821021408348,104.57753386022031,100.91510706090115,87.1187353140794,103.93392851047103,81.93837672288163,93.06262019459956,102.5868472914215
2690,69.93142851197628,83.71480800998128,77.63490829424414,104.6117491930806,100.9527781966534,87.15128834412884,103.97382512912857,81.969847494474,93.09452977859549,102.62390974697685
2691,69.95502716118301,83.7436866663828,77.66161028346355,104.64596721175768,100.99046616554018,87.18384616643888,104.01367817675848,82.0013065124721,93.12643854431359,102.66096694194606
2692,69.97862975295584,83.77256614080726,77.68831601273992,104.68018488839469,101.02818311367591,87.21639410440764,104.05356494944338,82.03278655257989,93.15834790713262,102.69802602351218
2693,70.00223551174362,83.80144856445621,77.71502356126605,104.7143898340275,101.06590558161106,87.2489170974563,104.0934866680691,82.06427524705303,93.19025574333443,102.73508854604499
2694,70.0258480686965,83.83033338133362,77.74173556436719,104.74858978459297,101.10361967329538,87.2814395753287,104.13341920418117,82.09576573851075,93.2221629089621,102.77215920837163
2695,70.04946465663117,83.85921888931468,77.76844991392161,104.78278851649101,101.14134471508645,87.31394945696499,104.17335139803828,82.12727998419186,93.2540678884577,102.80924251770107
2696,70.0730762736772,83.88810553380031,77.79516105817561,104.81699366283803,101.1790737346625,87.346449373528,104.2133119261089,82.15880041918132,93.28597290334008,102.84633728655841
2697,70.09668725978271,83.91699305199455,77.82187258912431,104.85120310503625,101.21679843568876,87.37892710428162,104.25328692711734,82.19031770722087,93.31787792847025,102.88343830710727
2698,70.12029069967016,83.94587750284101,77.84858434834115,104.88541282580431,101.25450022275474,87.41138890613527,104.29328214337966,82.22185569165669,93.34978241916276,102.92054562183584
2699,70.1517304057878,83.97923983592153,77.88117941945018,104.92054180816332,101.2920389039696,87.4459503932412,104.33288193461205,82.25611993898467,93.38416558268092,102.95754180430598
2700,70.26889063791276,84.0972075713709,77.99882490487153,105.03925153630966,101.41120543045079,87.56442177338126,104.45233701649569,82.37446647841797,93.50256206691411,103.0766323809629
2701,70.27103623236088,84.10346195231811,78.00299429454435,105.04900799758433,101.42391119630337,87.57284554042434,104.46662714882211,82.38203621993569,93.51047845809146,103.08821077648385
2702,70.2933884576205,84.13116696324248,78.02800786648092,105.08108845297676,101.45956732811729,87.60327192837306,104.5041963576698,82.41142529854628,93.54028113313163,103.12250719765017
2703,70.31776089237059,84.16102770231976,78.05510196695136,105.1154017541752,101.49751586355673,87.63589868848324,104.54410096762828,82.4430080087726,93.57227606592106,103.15907103945045
2704,70.34232356925425,84.19112413987501,78.08241232108094,105.14993220347695,101.53569843823321,87.66875102727992,104.58422785096316,82.4748245413343,93.60449028232841,103.19585890598005
2705,70.3668997861507,84.2212646577206,78.1097640786453,105.18448033054457,101.57389674562272,87.7016216679877,104.62439140500346,82.50666317157982,93.63672828219524,103.23266269811602
2706,70.3914657923909,84.25141363135292,78.13713072245804,105.21902906968931,101.61208527085518,87.73446086994662,104.66455661657123,82.53847775346773,93.66897203698392,103.26947038599397
2707,70.41602057786706,84.28155110043639,78.16450081855227,105.25358026058709,101.65027931681101,87.76727646397586,104.7047152180079,82.57028381051916,93.70121695078758,103.3062803177835
2708,70.44057453351144,84.31167704000876,78.19186229567316,105.28813542826443,101.6884959657219,87.8000793897864,104.74489324366436,82.6020874880806,93.73345540882171,103.34308654179446
2709,70.4651059214465,84.34180001584029,78.21922686565709,105.32269078252122,101.72677704573363,87.83289044406432,104.78507456052397,82.63389201509528,93.76569318485149,103.37988097694922
2710,70.48963647486904,84.37192310761819,78.24659439492235,105.35724113896919,101.76507769724218,87.8657030627884,104.82526414453946,82.66570089903593,93.79793857723406,103.41668137126362
2711,70.51416990218978,84.40205194170511,78.27394995626437,105.39179227169262,101.80337721663643,87.89851560285733,104.86545736398898,82.69750548419813,93.83018761396697,103.45348395036945
2712,70.53870050162065,84.43218425021865,78.30130639053503,105.42634827333345,101.84165905773204,87.93132654931236,104.90564854538734,82.72931715781853,93.86243704723056,103.49027797723842
2713,70.56322252056715,84.46232659501574,78.32865656665105,105.46091392016871,101.87991934936431,87.96413832919845,104.94584086237555,82.76112166975793,93.89468512746464,103.52707650327103
2714,70.58775358991365,84.49247711019268,78.35600198212215,105.49548276361438,101.91819259939444,87.99693493860151,104.9860343914065,82.79288708101183,93.92692796592286,103.56388220344124
2715,70.61228956539827,84.5226322817772,78.38334781034384,105.5300532932541,101.95646999018744,88.02973034274004,105.02623892879424,82.82460666790543,93.95917068307182,103.60068855672282
2716,70.63682194449626,84.55278886232416,78.41069192828404,105.56462367767682,101.99477137794587,88.06250084194846,105.06644792923564,82.85632667059917,93.99141528202624,103.63748553625702
2717,70.66135082780596,84.58294314955785,78.43802775523822,105.59918210634187,102.03308212020536,88.09525949864316,105.10666643905827,82.8880315007793,94.02366083846842,103.6742894198036
2718,70.68586204627911,84.61310768936907,78.46534981171206,105.63373710851425,102.07138166930086,88.12800466928155,105.14689697261117,82.91969627867203,94.05590955592405,103.71109390600442
2719,70.71036142741475,84.64328935309337,78.49266434522679,105.66829573754197,102.10967803566851,88.16073667738814,105.18712634457407,82.95132988964363,94.08816615026802,103.7478846031285
2720,70.73486271146015,84.67348305760342,78.51997144445019,105.70285537313474,102.14793995078396,88.19346929509919,105.22733895499643,82.98296524463125,94.12043194303892,103.78466625788668
2721,70.75936834470193,84.70368030073945,78.54728059930943,105.7374139510505,102.18617449143713,88.22621003943377,105.26758140081071,83.01454285930387,94.15270010962644,103.82145057466995
2722,70.78388203212779,84.73387281396552,78.57459042927927,105.7719711668726,102.22440703352547,88.2589773318254,105.3078464644022,83.04613346466523,94.18496867958464,103.8582355017962
2723,70.80840157143601,84.76407170675512,78.60190755115333,105.80651854222037,102.26264499149408,88.29175322053722,105.34812157846878,83.07773754476258,94.21724019892905,103.8950186317994
2724,70.83292859370164,84.79427139732215,78.62922728285804,105.84105417720485,102.3008875764087,88.3245261367459,105.38839404245554,83.10934592795513,94.24951194648449,103.93179843616444
2725,70.85747039298589,84.82447527566005,78.65654658400001,105.8755857380165,102.33913378615419,88.35730501606699,105.42865259567338,83.14094250755184,94.2817818965751,103.96857457182081
2726,70.8820234511187,84.85466079155145,78.68384612769238,105.91011051495354,102.37738230193402,88.39008866769124,105.4689130465531,83.17256356944578,94.3140509864922,104.00535307880271
2727,70.90658282103544,84.88485472135719,78.71114921514739,105.94463550279148,102.41561244928512,88.4228708978618,105.50916768927773,83.2041952837402,94.34632007241669,104.04213246949712
2728,70.93114401343196,84.91503579582539,78.73845457086074,105.97915531170342,102.45378839910842,88.45565325371733,105.54941290839933,83.23582872647599,94.37858933511784,104.07891825177639
2729,70.95570803847576,84.9452059956941,78.76577504223317,106.01368350338745,102.49197446461015,88.48842803340297,105.58965086465847,83.26744809024102,94.41085897451234,104.11570860961666
2730,70.9802562387988,84.97537279148887,78.7931031509586,106.04821851183897,102.53016225010632,88.5211905121207,105.6298995009794,83.2990695484021,94.44313032551003,104.15250497706077
2731,71.00479740847558,85.00554117162217,78.82042935175309,106.08275457213546,102.56834733175391,88.55394988304758,105.67015192479015,83.33067453629955,94.47540254979752,104.18930288886716
2732,71.02934208906603,85.03570356072116,78.8477613716113,106.11728464793816,102.60654321300365,88.58670905333824,105.71039471731609,83.36225291666186,94.50767009829879,104.22610145233288
2733,71.05387428955164,85.06587033018312,78.87508492747565,106.15180775588098,102.64474009371006,88.6194501978977,105.75063467335903,83.39382453804268,94.53993808312784,104.26291046567505
2734,71.07841027195366,85.09601060402515,78.90239404705686,106.1863322789679,102.68291108994143,88.65218556109821,105.79089156457766,83.42537500397474,94.57220689384172,104.29972149234507
2735,71.10294837568951,85.12614848633143,78.92969229893755,106.2208582313306,102.72108994952393,88.6849365501808,105.83117900458706,83.45690820465376,94.60447508161755,104.33652261128294
2736,71.1274891262586,85.1562868362431,78.95699324917761,106.25538104520754,102.75927103986282,88.71769146548829,105.87148808008628,83.48840565001416,94.63674193355628,104.37332020912302
2737,71.15203123602814,85.18642223778478,78.98428943718471,106.2899044092799,102.79743976043032,88.75044862000755,105.91182857814556,83.51987953208507,94.66901053671391,104.41011796781946
2738,71.1765735629956,85.21653390298344,79.0115887452841,106.32443127972122,102.8356080648166,88.78322353691827,105.95217114701917,83.55137058941303,94.70127941506955,104.44690684675723
2739,71.20111547344573,85.24664663362074,79.03888953869956,106.35895951357192,102.87377819125123,88.81602670761762,105.99249017012777,83.58287719844871,94.73354667711254,104.48369145332951
2740,71.22566379705167,85.27675185190519,79.06618593670144,106.3934851131029,102.91194711919962,88.84886618979337,106.0328292147739,83.61438736615246,94.76580775207607,104.52047304264953
2741,71.25021551111448,85.30685911948355,79.09349167099069,106.42800516310365,102.95010242039532,88.88171488614734,106.07317191027778,83.64588838468435,94.79806780590192,104.55725204170085
2742,71.27477329238275,85.33697114420659,79.12081094141953,106.46252248538298,102.98825679810187,88.9145432881335,106.11350937941575,83.6774006572323,94.8303277187042,104.59402283832334
2743,71.29929663583985,85.367093176339,79.1481367821046,106.49703667799544,103.02639220601766,88.94740514003193,106.15384678219371,83.70892233298474,94.86258720883923,104.63078620610753
2744,71.32381039789968,85.39722104957707,79.17544469885004,106.53153963816789,103.06453136988067,88.98027784679451,106.19421322814571,83.74040984687306,94.8948479557902,104.66755472559728
2745,71.34833153565098,85.42735260637554,79.20274172809941,106.56604797963848,103.10267421499316,89.01311256855628,106.23458597446646,83.77187779700455,94.92710906514075,104.70433175448734
2746,71.37286691647957,85.45748525891706,79.2300401865727,106.6005581624479,103.14081456939617,89.04593891632868,106.27497267507047,83.80331318162139,94.95936562870058,104.74111636882449
2747,71.39740951973216,85.48762112411578,79.25733275283824,106.6350652542982,103.17893088051872,89.07876301364908,106.3153602527526,83.83476803091928,94.99162031421449,104.77790477231056
2748,71.42194602602851,85.51775987312824,79.28462884016102,106.66956017088955,103.21704763835102,89.11158932621322,106.355714808296,83.86623658348289,95.02388074465698,104.81469306183162
2749,71.44648708321297,85.54788752043142,79.31192561064029,106.704043810601,103.25516304036987,89.14438165536184,106.39605922752382,83.89768820607473,95.05614339206541,104.8514769431403
2750,71.47102965377134,85.57801215697071,79.33921724269213,106.73851264666467,103.29327138462175,89.17719370580058,106.43636654284147,83.92917391364075,95.0884091682749,104.8882778804193
2751,71.49556959173341,85.6081351474564,79.36650985419384,106.7729874062193,103.3313783444823,89.21003247603481,106.47665429853669,83.96067007496707,95.12067595361765,104.92509589705698
2752,71.52010947186749,85.63825248493379,79.39379955911862,106.80746382888877,103.36950968950684,89.24288225502077,106.51696149327243,83.99217162966023,95.1529406605893,104.96192541492563
2753,71.54464960506297,85.66836409212546,79.42109192462465,106.84193763552193,103.4076626724049,89.27573599401231,106.55729470853585,84.0236885430121,95.18520559173076,104.99877227692903
2754,71.56919190116895,85.6984719869674,79.44837772657677,106.87641493984387,103.44583591210038,89.30861973150019,106.59762900204795,84.05521074787835,95.21747211262388,105.03562351279524
2755,71.59373660913282,85.728595178341,79.47566299169237,106.91089488415649,103.48400978100277,89.34151321429626,106.63793637123908,84.08670460750753,95.24973950300652,105.07247323807962
2756,71.61827497918004,85.75873509780841,79.50295041060599,106.9453728916724,103.52215271306554,89.37438678995426,106.67820696010733,84.11818455208757,95.28200412025639,105.10931701141148
2757,71.64280435249024,85.78888015448658,79.53023336713326,106.97984555842692,103.56029147274481,89.40726039262448,106.71843896996184,84.14965513104195,95.31426413765823,105.14617507949934
2758,71.66733710295853,85.8190092230301,79.557505767048,107.01431330911832,103.59846630172858,89.44013637248175,106.75865599666889,84.1810955263415,95.34652016770494,105.18303635321837
2759,71.69187800917403,85.84914189471979,79.58477368473469,107.04877907578988,103.63665869019091,89.47298934683796,106.7988693416586,84.21252216653386,95.37877463850103,105.21990292901472
2760,71.71642582377967,85.87927644788579,79.61203602986039,107.08324478860958,103.67485375429214,89.50582923544283,106.8391030869466,84.2439509725417,95.41102953698977,105.25677957709581
2761,71.74096439212349,85.90940012596184,79.63929625492848,107.11770613908101,103.71306038395673,89.53866377596958,106.87936205975959,84.2753814279586,95.4432873479926,105.29365799792701
2762,71.76550352787767,85.93952644658427,79.66655796794231,107.15216803074561,103.75126885781425,89.57150757592974,106.91963028080399,84.30680658011376,95.47554749162512,105.33053492921321
2763,71.79005884505776,85.96965558787177,79.6938160962328,107.18662758235926,103.78946591051697,89.6043566782059,106.9599164907611,84.3382274147739,95.50781000909498,105.36740943576739
2764,71.81462185043215,85.9997727338017,79.72108125007547,107.22108879409633,103.82765249154225,89.63720853002646,107.00020721999675,84.36962321936203,95.54007426741656,105.40428436689365
2765,71.83917339562477,86.02989639201957,79.74834898254116,107.25555286711717,103.86581572013701,89.6700770547852,107.04049796266922,84.40101150049452,95.57234063266118,105.44116194192118
2766,71.86373526949704,86.06002317847195,79.77561543497178,107.29002333761053,103.90397810789783,89.70295404726718,107.08078615395607,84.43237787553166,95.6046096727911,105.47804220783765
2767,71.8883129649695,86.09015941543714,79.80288293105909,107.3244953059091,103.94215170784065,89.73583312224488,107.12105937827461,84.46372426832049,95.6368794341083,105.51492231148106
2768,71.9128987874061,86.12030451219267,79.83015227939045,107.35896542745144,103.98035145468978,89.76870654981067,107.16134124742393,84.49507155332941,95.66914778383628,105.5517982387234
2769,71.93747982436953,86.15045197309014,79.85742351334979,107.39344091886802,104.01855589590137,89.8015577541708,107.2016239258248,84.52639951482008,95.70141641221444,105.58866627324818
2770,71.96207238136245,86.18060404801494,79.8846936654398,107.42792672370172,104.05674780827327,89.83437291682539,107.24189146111352,84.55772434956394,95.73368210995105,105.62552487641054
2771,71.98667009333538,86.21076404800351,79.91196658653213,107.46242070794366,104.0949228568109,89.86719647733636,107.28215884087136,84.58904192765127,95.7659454312737,105.66238054861124
2772,72.01126940156094,86.24092603874236,79.93924376512737,107.49691985681429,104.13309926485641,89.90002293915308,107.32242441680093,84.62036842937744,95.79820893537297,105.69922597607395
2773,72.04308557351199,86.27472062261316,79.97204169846593,107.53214314946851,104.17106879388801,89.9347078446861,107.36224647324929,84.6545533816609,95.83271011042359,105.73598060471919
2774,72.16040392128698,86.39286990339446,80.08977238602368,107.65089248793885,104.29029563906354,90.05323106056554,107.48173267226316,84.77286661717551,95.95115615950041,105.85503736384064
2775,72.1627379676055,86.40014906477883,80.09381483171757,107.6599211065624,104.30284748855514,90.0615145906701,107.49640325361713,84.77996178901081,95.95885273645386,105.86585758101434
2776,72.18535920159582,86.42915606826972,80.11867383665859,107.69108933329933,104.3383231749088,90.09176297038105,107.53441534547697,84.8087423831865,95.98837276619977,105.89923421992933
2777,72.21002141756479,86.46034024872756,80.1456055853577,107.72448124206761,104.37609486622011,90.12418801215699,107.57474580696446,84.83969460080196,96.02007194520922,105.93487250151331
2778,72.23488680149758,86.49175077707368,80.17274498239141,107.75808809653999,104.414064553816,90.15680572358947,107.61527083261187,84.87086421473867,96.05198907820656,105.97073819800201
2779,72.25977130838412,86.52319351736594,80.19991426216556,107.79172432462781,104.4520436158136,90.18943324303925,107.65580477406468,84.9020666938331,96.08392679912971,106.00662922590429
2780,72.28465887993431,86.55464865839012,80.22708884943927,107.82536570639397,104.49002209077537,90.22205386618603,107.69633555753829,84.93327536522887,96.115866496376,106.04252240163541
2781,72.30955464898024,86.58610693194737,80.25426105250567,107.85900439430397,104.52799158662434,90.2546935494949,107.73684857134299,84.964462157275,96.14780670563863,106.07841041698553
2782,72.33446647699301,86.6175497493559,80.28142403790832,107.8926379238302,104.56595299671196,90.28734122869352,107.77735684153578,84.99564773766271,96.17974759476968,106.11429268819911
2783,72.35938308017205,86.64896968885849,80.30858156159566,107.92626271227955,104.6039122299207,90.31999187956438,107.81783726079203,85.02683790009473,96.21168869607006,106.15017501660229
2784,72.38431049704826,86.6803909175648,80.33572961209586,107.95989814264831,104.64187261401784,90.35265698901108,107.85832744054593,85.05800022886096,96.24363095987015,106.18605871274607
2785,72.4092433255928,86.71179877521263,80.36287247925168,107.99354280114612,104.67984206351258,90.3853257457122,107.89883159781336,85.08916301761698,96.2755737142434,106.22194194347934
2786,72.43417670604506,86.7432070769683,80.39001578579774,108.02719077126825,104.71781307697158,90.41799285068343,107.93933832499951,85.12030469590557,96.30751649223072,106.25781630645528
2787,72.45910975692267,86.77460288631025,80.4171660307573,108.06084548733361,104.75577788577507,90.4506630203168,107.97983994880127,85.15144138790488,96.33945997666774,106.29368887568637
2788,72.48403493924206,86.80600739729681,80.44432019360237,108.09450442752379,104.79373208529361,90.48333554532596,108.02031167185129,85.18258608159402,96.3714039792283,106.3295597806175
2789,72.50896249696568,86.8374176760304,80.47147006107564,108.12818410144772,104.831661166251,90.51602327862153,108.06076637555361,85.21373220828424,96.40334795613805,106.36543366466634
2790,72.53390500100942,86.86881779048164,80.49860717203394,108.16187158015421,104.86958806426769,90.54871559979625,108.10119838741868,85.24486871189207,96.43528988275219,106.40130766284277
2791,72.5588528897132,86.90016308294018,80.52574655218072,108.19556740164994,104.90749454764313,90.58141159780342,108.1416313263031,85.27597251422756,96.4672321374238,106.43717467835926
2792,72.58381725854817,86.93149584256379,80.55289619834468,108.22926600885195,104.94538755238939,90.61410872098475,108.18206059753854,85.30707877916481,96.49917159111145,106.47303955772479
2793,72.6087907810805,86.96284560160719,80.58005052816017,108.26297529188862,104.98327303727461,90.64679449483762,108.22247174886624,85.33817522956276,96.5311106682608,106.50889985228794
2794,72.63376769253217,86.99420142729399,80.60719384755286,108.29669150811917,105.02115159740919,90.67947698722404,108.26288184001798,85.36927421709521,96.56304584365785,106.54475862662825
2795,72.65874978408972,87.0255524384771,80.63433296375507,108.33040868182587,105.05903569836074,90.71215603391951,108.30329360095503,85.40039407743582,96.59497813701296,106.58061093478138
2796,72.68371092270026,87.05690978280587,80.66148098147042,108.36412036970243,105.09692819774051,90.74484357706015,108.34371152600993,85.43152037712942,96.6269095540338,106.61646377733273
2797,72.70867738752493,87.08827955082052,80.68863336092308,108.39783291390084,105.13482469988949,90.77753730110908,108.38413908258879,85.46264712437257,96.65884228465599,106.65231775540911
2798,72.73362298338309,87.11967000286334,80.71577320916926,108.43155607880284,105.1727257122713,90.81024318670244,108.42456913932998,85.49377506956,96.69077537109965,106.68816766625537
2799,72.75855691182558,87.1510669735615,80.74289838211536,108.46528149854586,105.21062719804195,90.84295829888914,108.46499858581878,85.52491181530674,96.72270828327552,106.72401472962383
2800,72.78349816906767,87.18245408157085,80.77002576606543,108.49900625814912,105.24852240173958,90.87567497969363,108.50541966049693,85.55605735272465,96.75464194493067,106.75985900198084
2801,72.80844356216545,87.21384385983872,80.79715161587954,108.53273334229097,105.28642895169024,90.90836254563649,108.54581791415755,85.58717873308825,96.78657276041794,106.79570304149073
2802,72.83337621804816,87.24522245522344,80.82426374830872,108.56646033448787,105.32435881855558,90.94104832088335,108.58621556712666,85.6183016805698,96.81850299315677,106.83154728113958
2803,72.85830219325939,87.27662058642842,80.85138047856,108.6001751828192,105.36230124972455,90.97372091612631,108.62660207108739,85.64939039830789,96.85043577269509,106.86739123028558
2804,72.88323091892332,87.30802587424172,80.87850870039752,108.63389450753355,105.40024552314627,91.00639105136952,108.6669445474058,85.6804658146405,96.88236956692653,106.90323493426556
2805,72.90816521855007,87.33944507330966,80.90564300060329,108.66761456436703,105.43818577993598,91.0390378130838,108.70726715944403,85.71153189084615,96.91430345524257,106.93907905769025
2806,72.9330752614708,87.37087360003194,80.93276504981678,108.7013310705427,105.47610911290126,91.07166262612844,108.74757398923816,85.74259340928582,96.94623481835549,106.97492371520163
2807,72.95796783215111,87.40230281278556,80.95989089917508,108.73506279391468,105.51401930705494,91.10428965283431,108.78787281863782,85.77361852642623,96.97816637321249,107.01076795077098
2808,72.98283023800673,87.43372875620352,80.98701802534629,108.76879926433304,105.55193327146122,91.1369148425522,108.82818279754895,85.804669790604,97.0100977983085,107.04661334993219
2809,73.00769270255023,87.46515838806897,81.01413822167473,108.80253543183407,105.589856906103,91.16953737133866,108.8684952376587,85.8357360821014,97.04202991978161,107.08246180300046
2810,73.032531648591,87.4965678839351,81.04126176760299,108.83626734015266,105.62780417564616,91.2021423767009,108.9088461726988,85.86680497952648,97.07396236028895,107.11831211288698
2811,73.05737524594035,87.52796554793764,81.06838694775136,108.87000569108254,105.6657546459325,91.2347493133351,108.94920781614081,85.89786049553791,97.10589518475628,107.15416540977431
2812,73.0822067912661,87.55935473018718,81.09551387193463,108.90374448157874,105.70368249088015,91.26737939940179,108.98956305286184,85.9289092781202,97.137828290191,107.1900197104529
2813,73.10703350723503,87.59073214862048,81.12264397553798,108.93747123654168,105.7415950255936,91.30001603895663,109.02991477474305,85.9599591900895,97.16976240028916,107.22587664936032
2814,73.13188710375455,87.62212748619565,81.14978095514995,108.97117689594432,105.77949969146957,91.33265294209065,109.07026623276758,85.99100083203565,97.2016978229998,107.26174032375302
2815,73.156752008389,87.65352851423977,81.17692786780871,109.00488535213779,105.81739002341666,91.36528770648844,109.11059534016225,86.02203153011473,97.23363548422455,107.29760704010079
2816,73.18160753424166,87.6849280398065,81.20407930228592,109.03859395831714,105.85526018938442,91.39792653949135,109.15088958724658,86.05306346493416,97.26557490964575,107.33347528364315
2817,73.2064780850773,87.71633177379991,81.23124187563684,109.07229099132991,105.89312798828203,91.43054451843355,109.1911964804534,86.08409925902386,97.2975147217242,107.36934680755806
2818,73.23135780072533,87.74772164994353,81.25841280643589,109.10598817564693,105.93098633186955,91.46312357795495,109.23151253536702,86.11510107864031,97.32945438723223,107.40521913908266
2819,73.25624628624956,87.7791142243862,81.28558604642413,109.13968700456903,105.9688337526123,91.49572947937018,109.27183833833433,86.14609872580749,97.3613922078833,107.4410933561235
2820,73.28115048794344,87.81048982631656,81.3127556580927,109.17339130683145,106.0066831978005,91.52836017793395,109.31218998453967,86.1771124042675,97.39333009349933,107.47696952565121
2821,73.30605999157683,87.841859157109,81.33992671235734,109.20709913830126,106.04453186110888,91.56100669599773,109.35255631683326,86.20814072678576,97.42526913799963,107.51284641542823
2822,73.33097101704068,87.87323358571481,81.36709390834353,109.24080770145163,106.08236649407766,91.5936569188779,109.39293213129986,86.2391808280487,97.45720940043374,107.54872738860273
2823,73.35589088574336,87.90460156989312,81.39426167832117,109.27451770314894,106.12019539567821,91.62630223205092,109.4333092884752,86.27023608213827,97.4891504074664,107.58461017843668
2824,73.38082557583998,87.93594429733743,81.42142701100103,109.30822824180517,106.15800945899385,91.6589499851357,109.4736858141954,86.30129618371542,97.52109317133329,107.6204928919401
2825,73.40576553229032,87.96728551519838,81.4486012095919,109.3419336269886,106.1958227731024,91.69157968547184,109.51406036901452,86.33234553946131,97.55303658306222,107.65637222070353
2826,73.43069896556365,87.99860659096723,81.4757887479785,109.3756405588195,106.23363720721056,91.72420643654007,109.55443304091958,86.36340237421878,97.58498309890473,107.69225057067803
2827,73.45563609815,88.02988793958062,81.50298724541264,109.40935233775221,106.27144889169088,91.75681979982929,109.59480844416231,86.3944620623436,97.6169307152541,107.72812907547868
2828,73.48055938923535,88.06115926329774,81.53019131936308,109.44306495495428,106.3092489206678,91.78944353370231,109.63519900151537,86.42550175239907,97.64887599769459,107.76400429400564
2829,73.50549655727825,88.09239447983306,81.55739748769895,109.47677261121905,106.34702190841021,91.82208189949716,109.67560375679648,86.4565145980965,97.68081899937802,107.79987726774463
2830,73.5304463562171,88.12362373880669,81.58459549067541,109.5104861387216,106.38479194548155,91.85473593524416,109.71600976850007,86.48750175841039,97.71275811848493,107.83574451775597
2831,73.55540099493481,88.15480513806533,81.61179159787513,109.54419992929186,106.4225565074707,91.88740511371027,109.75640750480166,86.51849109912034,97.74469651541385,107.87160423227164
2832,73.58034613344611,88.18596672222971,81.63898728835922,109.57790618195095,106.46033354097521,91.92008162563886,109.79681727492546,86.54948875318689,97.77663519510129,107.90746156667986
2833,73.6052942486837,88.21711942760544,81.66618409873354,109.61161871994341,106.49811835791539,91.95277982171392,109.83724141499225,86.58048778180056,97.80857494634931,107.94331972586257
2834,73.63024853567737,88.24826487020647,81.69338053005178,109.64533751786463,106.53590257571389,91.98548499745797,109.87766169155711,86.61147715191623,97.84051594298265,107.97918030473679
2835,73.65521568179103,88.27941103281003,81.72058507103102,109.67906597088748,106.57367005404129,92.01819256231012,109.918040473157,86.64246488843112,97.87245784645923,108.01504705214145
2836,73.68015829850997,88.3105339383932,81.74780461199748,109.71279665985648,106.61142317669386,92.05090201315966,109.95839151225542,86.67342730304743,97.90440176913421,108.05091803826667
2837,73.70509312384645,88.3416590921827,81.77503379425022,109.74650787003453,106.64917517209255,92.08361125647744,109.99874748783209,86.70437756750924,97.93634633503265,108.08679451789098
2838,73.73003292165913,88.3727853877882,81.80226613834566,109.78019724495938,106.68691556363076,92.11632440074425,110.03912505294888,86.73535766057057,97.96829190614156,108.12267488114335
2839,73.7549603103151,88.40394563821259,81.82948924075397,109.8138853107671,106.72465338775909,92.14901684512809,110.07952095737768,86.76634707608333,98.00023832385045,108.15855572883379
2840,73.7798919369855,88.43514422423374,81.85670043097176,109.84757386830488,106.76238113561524,92.18168428829401,110.11991734082896,86.7973363217456,98.03218598364208,108.19443320581036
2841,73.80483804881787,88.46636534735991,81.88391142693912,109.88126382554519,106.80010929141316,92.21432956077311,110.16029381977813,86.82834227956816,98.06413404977994,108.2303085095899
2842,73.82979204355658,88.49759336227112,81.9111274769796,109.91495398750979,106.83782959659334,92.2469858298817,110.20064282741002,86.859359308429,98.09608155693464,108.26618199310215
2843,73.85473333914227,88.52882275181994,81.93834777761191,109.94864538666417,106.87553801715738,92.27964569415873,110.2409628353991,86.8903979075925,98.1280290362779,108.30205329560566
2844,73.87967152428077,88.56001588323518,81.96557054056744,109.98232315554887,106.91321363918043,92.31230708305188,110.28125488416676,86.9214574715271,98.15997619783073,108.33792326467689
2845,73.90460174238818,88.59118873528482,81.9927833291289,110.01600073877357,106.95087996189923,92.34498125587572,110.32151569474122,86.95253740675905,98.19192273864624,108.373792002822
2846,73.92953180611175,88.62234997942085,82.01998927474133,110.04965797581104,106.98854615839656,92.37765706675692,110.3617410384474,86.98362339181296,98.22386939852206,108.40965681746813
2847,73.95446490990332,88.65351243267735,82.0471987764638,110.08329215409506,107.02621312476188,92.41031675436312,110.40195259100837,87.01471656392054,98.2558183159418,108.44552197854892
2848,73.98640352352085,88.68764473739381,82.07997212358751,110.11823558994618,107.06372023893024,92.44494855761266,110.44173531857756,87.04883380932375,98.29021698625411,108.48136757703723
2849,74.10377329679577,88.80593586093028,82.19769248493503,110.2368673885592,107.18288234602493,92.56344947053303,110.56121601154835,87.16711860794865,98.40861998334084,108.60029707193671
2850,74.1064570191722,88.81320825199889,82.20147711733227,110.24609574962868,107.19539078362295,92.57141224042111,110.57570879423989,87.17428878315877,98.41655265087506,108.61094485651071
2851,74.12952884433395,88.84218519886802,82.22599563100688,110.27753561494283,107.23084252559589,92.60126701406905,110.61350082134211,87.20313559059132,98.44637140401696,108.64411335511438
2852,74.15465279172396,88.87332989038168,82.25258746921013,110.31120029753794,107.26860600057367,92.633295996437,110.65362882120512,87.23413853915514,98.47838144695105,108.6795309394975
2853,74.17999771894863,88.90469755943896,82.27939192726988,110.34509139234183,107.30661720140004,92.66553636207138,110.69398478753862,87.26534084574696,98.51060893050435,108.71517304170902
2854,74.20537689962987,88.93608462581513,82.30621765636543,110.37900062998823,107.34466183328567,92.69780234020367,110.7343772503005,87.29655887181904,98.54286328049407,108.75083595562187
2855,74.23076176775108,88.96746533844168,82.33304521014192,110.41290447531472,107.3827212313565,92.73007159136723,110.77477832724038,87.32777907502017,98.57512225006852,108.7864999478026
2856,74.25614864844883,88.99885248528813,82.35986500681604,110.44680684380592,107.4207832744007,92.76233395015053,110.8151863326687,87.35896957629834,98.60738152598552,108.8221630623223
2857,74.28152423424595,89.03024017475946,82.38669634047527,110.48069923783927,107.45885340897154,92.79459723647328,110.85559556946423,87.3901558192866,98.63963910560254,108.85782612632256
2858,74.30690194676805,89.0616136679916,82.41353493772924,110.51458671812014,107.49692374148702,92.82685724645538,110.89600258231508,87.42136309293181,98.67189846283327,108.89348928180827
2859,74.332271467675,89.09298847650258,82.44037498708832,110.54849504575961,107.53497173400825,92.85912182882122,110.93640864340975,87.45258731198176,98.70415836278309,108.92915248460406
2860,74.35764244443509,89.12436878705539,82.46720984016181,110.58242469029415,107.57303554367098,92.8913870683771,110.97683219614262,87.48381561616267,98.7364153910199,108.96481621213722
2861,74.38303459781281,89.15574952055032,82.49403981282349,110.61635888653409,107.61111237242312,92.92363779678736,111.01725859101035,87.51501856767027,98.76867415833554,109.00048016493552
2862,74.40844265136525,89.18712777453973,82.52087373740399,110.65029073573633,107.64919563597338,92.95588368941938,111.05768571226946,87.54618207957738,98.8009384437152,109.03614331498201
2863,74.4338781567588,89.21849510307395,82.54771021013337,110.68420834093992,107.68729219034437,92.98813279615459,111.09811204868731,87.57734734517261,98.83320642227513,109.07180843447883
2864,74.45932894593747,89.24986398253023,82.5745407529436,110.71811885158925,107.72539225184731,93.02038574095832,111.13851949649876,87.60854828910377,98.865479931842,109.1074741186071
2865,74.48475309017144,89.28121335535819,82.60137242284229,110.75202535922195,107.76349157208811,93.05262589036637,111.17892493973264,87.6397623564818,98.89775639579636,109.14313939589191
2866,74.51017484506797,89.31261237563378,82.62820518366408,110.78593327699264,107.80159947154664,93.0848335191122,111.21932158535856,87.6709774069309,98.93003531509814,109.17880270028103
2867,74.53561484914665,89.34403279198611,82.6550406435966,110.81984055634986,107.83970700521981,93.11704074633258,111.25971787969245,87.70218792878777,98.96231493427672,109.21446627803086
2868,74.56107047398505,89.37545474106122,82.68187805481777,110.85374710912858,107.8777795838764,93.14922152449093,111.30010596944321,87.73339874584136,98.9945918530963,109.25013040512553
2869,74.58653036819678,89.40687479287132,82.7087224541919,110.88764970476805,107.91585679270442,93.18136595866017,111.34048280436474,87.76457080287081,99.02686522839922,109.28579648017339
2870,74.61198997435653,89.43829895565734,82.73557054148581,110.92155519533523,107.95393685634798,93.21351067186721,111.3808185349342,87.7957461263396,99.05913960014892,109.32146476314442
2871,74.63745979550893,89.46970962924603,82.76242029421992,110.95547990218918,107.99200969792734,93.24566353671761,111.42116419912715,87.82692804450244,99.09141549926369,109.35713568042043
2872,74.66293563713089,89.50110605105952,82.78926634023065,110.98943423774628,108.03009697610177,93.27781976380093,111.46151646064251,87.85810687167407,99.12369342638036,109.39280719510965
2873,74.68841891542779,89.53249577671767,82.81611764319183,111.02339872964087,108.06820262561621,93.30995620206902,111.50186853972697,87.88927670550189,99.15597196403894,109.42847785447661
2874,74.7138700608545,89.5638846078352,82.84297207719528,111.05737324603312,108.10631229266886,93.34210801231654,111.54223850248025,87.92043179930636,99.18825185804485,109.46414827125841
2875,74.73933596838718,89.59528174821905,82.86983022434565,111.09135023978011,108.1444160905174,93.3742710649693,111.582642834441,87.95158753219255,99.22053324610089,109.49982059329854
2876,74.76473393712085,89.62668353615939,82.89669018643772,111.12531646912122,108.18247708749605,93.40643924800918,111.62305042462846,87.982738609344,99.25280988037863,109.53549372782959
2877,74.79013135430895,89.6580863894853,82.92355188440511,111.15928538873727,108.22053804563161,93.43862731921419,111.6634323959531,88.01386717625242,99.28508604174007,109.57117009586318
2878,74.81549911512548,89.68947096800744,82.95040169162016,111.19326156495734,108.25859568600424,93.47082993685073,111.70379425863355,88.04496902273638,99.31736243226558,109.60684736590632
2879,74.84087072407203,89.72084677575792,82.9772523945728,111.22723977449017,108.29663900428245,93.50304462056606,111.74414854976338,88.07608608256523,99.34963809823348,109.64252736339952
2880,74.86625036153909,89.75221577589264,83.00410115047373,111.26121510441841,108.33468366062148,93.53527521184797,111.78450246721177,88.10721500798557,99.38191501655916,109.67820826279488
2881,74.89164233092733,89.78359695900448,83.03095253669191,111.29519498330856,108.37273503704155,93.5675175189078,111.82486000048199,88.13833510404872,99.41419372753397,109.71389235656228
2882,74.91705427140104,89.81502148201565,83.05780394091563,111.32917592795968,108.41079004912625,93.59976236973192,111.86522901551855,88.169466047415,99.44647300826985,109.74957783252069
2883,74.9424716628531,89.8464592813671,83.08465796142944,111.36314931182758,108.44884574525906,93.63198117157224,111.90561940332762,88.20059995755066,99.47874823444329,109.78526071047249
2884,74.96788826495651,89.87788958969482,83.11151261902307,111.39710848627735,108.48690253458503,93.66420091287019,111.94604025242768,88.23172426889123,99.51102182152721,109.82094221236258
2885,74.99328808214167,89.90932615356171,83.1383545535812,111.43107120381775,108.52495845549025,93.69642417641492,111.9864929924969,88.26283224817995,99.54329611754576,109.85662345432509
2886,75.0186788854212,89.94078508299354,83.165201315003,111.4650396209243,108.5630184597375,93.72864053864774,112.02695469455172,88.29394984424049,99.57557084669723,109.8923053863423
2887,75.04407827487054,89.97225583823291,83.1920538742977,111.4990089630997,108.60107688763448,93.76084355924974,112.06741409324313,88.32509169748296,99.6078421995158,109.92798733851397
2888,75.06943541191774,90.00372828454253,83.2189084928937,111.53296986535697,108.63913127758262,93.79304533187349,112.1078509650545,88.35624294796642,99.64011418593752,109.96366657765896
2889,75.09479739417824,90.03520410289796,83.24575980341002,111.56693283521939,108.6771586109703,93.82525192299872,112.14824864328297,88.3873558511095,99.67238774595766,109.9993439164393
2890,75.12016977741081,90.06668259854571,83.27261432063294,111.60089891195754,108.71519352441118,93.85746100767436,112.1886510787758,88.41845893089724,99.70466636077191,110.03502008522136
2891,75.14556950932958,90.09813544933891,83.2994594346806,111.63487042287024,108.75323152154611,93.8896498374876,112.22906132712409,88.44952816425395,99.73694865940028,110.07069671560916
2892,75.17098057927315,90.12958896275298,83.32631400696708,111.6688426070019,108.79127286633546,93.9218241323123,112.2694675411287,88.48060706473369,99.76923531214058,110.10637043804998
2893,75.19639180888296,90.16103440218487,83.35318088016935,111.70281613575561,108.82932963063034,93.95400422292394,112.3098431538427,88.51171627418357,99.8015245581668,110.14204146294227
2894,75.22179461934545,90.19244422389694,83.38005318573808,111.73679423370015,108.8674077288234,93.98616226665212,112.3501859418809,88.54283550530776,99.83381426448557,110.17771155226269
2895,75.24721365060172,90.22383785448244,83.40691826107701,111.77076295557721,108.9054948503582,94.018302425043,112.39049849894512,88.57395496781699,99.86610169714318,110.21338078814016
2896,75.27263799362525,90.25522366350698,83.43378823319573,111.80474325684128,108.94361180074803,94.05046031662229,112.43081949882921,88.60506711990442,99.89838823517572,110.24904920363653
2897,75.29806267193318,90.2866066003773,83.46066067262723,111.83872710684457,108.98173565255154,94.08262405581762,112.47113861386538,88.63617963618765,99.93067796212428,110.28471818772049
2898,75.3234766644862,90.31798497662052,83.48752824534006,111.8727048308068,109.01985000873452,94.11477284151071,112.51143164862133,88.66729097106874,99.96296851599293,110.32038520224708
2899,75.34889489414351,90.34936939689439,83.5143932809539,111.90666480694141,109.05798049481544,94.14690990347117,112.55170680020231,88.69839011571814,99.99525883964374,110.35605210421919
2900,75.37429106423549,90.38075536809458,83.54124524799404,111.94062191701738,109.09612286229425,94.17906358021743,112.59199552416823,88.72949357696535,100.02754953912405,110.39171729052714
2901,75.3996876661421,90.41211661681497,83.56809939167663,111.97458503660835,109.13427217458485,94.2112265106677,112.63228696729298,88.76057575036465,100.05984154516611,110.42738474318621
2902,75.42507392733731,90.44345757346007,83.59494917110258,112.00855409549874,109.17242217833656,94.24339075279839,112.67257518957271,88.79166267065716,100.09213399276581,110.46305496830442
2903,75.45045178507398,90.47481177115648,83.6218029968128,112.04252441402987,109.21056365953288,94.2755411091712,112.71286203624906,88.82275214607684,100.12442417144742,110.49872584444452
2904,75.47583488966993,90.5061698077706,83.64865839835835,112.0764930740128,109.24870229156502,94.30767599093201,112.75315214098282,88.85382699516597,100.15671473070508,110.5343992329813
2905,75.50123302162461,90.53751350857226,83.67550927165772,112.11044835649591,109.2868430050108,94.33980608706263,112.79346653845647,88.88490266501431,100.18900251544048,110.57007336887146
2906,75.52664097360217,90.56883590218743,83.70236115596036,112.14440352351352,109.32496678731509,94.37193869147077,112.83381077021458,88.91595323079699,100.22128910051636,110.60574806591328
2907,75.55203102791747,90.60015094935383,83.72921452197039,112.17834825014921,109.36310937710114,94.40406468314688,112.87419248950673,88.94701377561907,100.25357590492554,110.64142343411645
2908,75.57742481201738,90.63146299701314,83.75607289545913,112.21227978811181,109.40125849571616,94.43619175384318,112.91462653874812,88.97810473514272,100.28585640552069,110.67709963190997
2909,75.60280334672171,90.66279614387685,83.78293783013314,112.24620151212643,109.43940395275709,94.46830371733347,112.95506815632334,89.00921358126625,100.31813628843591,110.71277590672938
2910,75.6281988392356,90.69415905316774,83.80980724935091,112.28012204351329,109.47751556898797,94.50042817449301,112.99548554964609,89.04033786344367,100.35041750984492,110.74845037326553
2911,75.65361358188217,90.72553021500347,83.8366789312589,112.3140451225389,109.51561772068254,94.53255682728314,113.03591376064271,89.07146683712458,100.38269398647269,110.78412408663775
2912,75.67904026983575,90.75689959239088,83.8635574779141,112.34797733940374,109.55372033107281,94.56467834672195,113.07636077091898,89.10258966941986,100.41496794955152,110.81979892542512
2913,75.70443226559975,90.78828627817536,83.89044809711447,112.38191678059391,109.59182542811502,94.59678861426767,113.1168059635009,89.13370695223176,100.44724260883156,110.8554740034631
2914,75.72982676647084,90.81969164035222,83.9173460627249,112.4158580460404,109.62994736217954,94.62890427416305,113.15722306070586,89.16482548992083,100.47951831978489,110.89114929189412
2915,75.75522471838963,90.85111223127831,83.94425622108184,112.4497991075297,109.66807220932989,94.66102094792467,113.19763581838242,89.1959427640333,100.51179499071105,110.92682507297425
2916,75.78062587458366,90.88254393280634,83.97117199088542,112.48374671940586,109.70619031232604,94.6931252916656,113.2380429917821,89.2270640850116,100.54407190172203,110.96250006894134
2917,75.80602162644136,90.91397841587849,83.99808158827025,112.51769538132771,109.74429543446564,94.7252319417218,113.27844793813352,89.2581652733735,100.57635451777145,110.99817082620623
2918,75.83139156056339,90.94540694165353,84.02498622274749,112.55161956875551,109.78240095856167,94.75734050579705,113.31883917154748,89.28925334401355,100.60863911155444,111.03384227689787
2919,75.85676637553829,90.97682424109435,84.05189435668736,112.58553955299446,109.82050653622082,94.78942999760953,113.35922670935149,89.32033329425629,100.6409146203395,111.0695139944334
2920,75.88213345362928,91.00825181385424,84.07880387473325,112.61946054053163,109.85862810737287,94.82151965711864,113.39959978864452,89.35138224457584,100.67318879334935,111.10518708306647
2921,75.90749384540437,91.03969301745171,84.10570505488288,112.65337009597114,109.8967621979189,94.85360147859426,113.4399946406646,89.38243489024464,100.70545956894891,111.14086106536678
2922,75.93288194889271,91.0711384519241,84.132604460615,112.68727572271241,109.93492134670471,94.88568685239467,113.48039801064778,89.4135222725233,100.73773380700075,111.1765356629201
2923,75.95831054989465,91.10255500181388,84.1595012243236,112.72118899351142,109.97308420865451,94.91778772830926,113.52079965738294,89.44462268398719,100.77001057455513,111.21221039178045
2924,75.9904416406222,91.1367730465482,84.19216138900349,112.7562260394643,110.01102227110701,94.95223708138558,113.56074072129046,89.47873266413619,100.80451685305168,111.24787543031651
2925,76.10789225428331,91.25510018089217,84.3098342137246,112.87489715432007,110.13024471096148,95.07066136523318,113.68024358134862,89.59701441135432,100.9229650455758,111.36677964682268
2926,76.11034612355118,91.26255791612424,84.31417584449451,112.88384791562893,110.14345479536732,95.07822577626827,113.69493667006016,89.60402219341373,100.93180266856308,111.37711684287915
2927,76.13308441476042,91.291783198929,84.33942150958825,112.91493565551379,110.17971132611815,95.10758300479647,113.73298353138313,89.63267755161277,100.96274203160452,111.409903796795
2928,76.15785454443056,91.323171807192,84.36676086789357,112.94824119468811,110.21825460040787,95.13911964372284,113.77336102139347,89.66349318300229,100.99590291547531,111.44493596493075
2929,76.18283008839853,91.3547880625869,84.39432697859375,112.98176095331017,110.25702574837504,95.17086067117191,113.81393786416828,89.69450686864728,101.02928705843478,111.48019252700806
2930,76.20783699801127,91.38642872780618,84.42193099940935,113.01529492116947,110.29581800937233,95.20261408753898,113.85453497572416,89.72553157988979,101.06268721555385,111.51547108362188
2931,76.23285330872977,91.418070453099,84.44954167712181,113.04882593195768,110.33462906435511,95.2343552968811,113.895139349378,89.7565564315199,101.09608197154797,111.55075174241381
2932,76.25786049677812,91.44968931770705,84.4771466738811,113.0823572457467,110.37346150765944,95.26609827364086,113.93574353047879,89.7875986191874,101.1294777645127,111.58603302059785
2933,76.282870859946,91.48130860808548,84.50475448066496,113.11588344850905,110.41230965283088,95.29785422098475,113.97633921799266,89.81864852076237,101.16285803042675,111.62131468148537
2934,76.30789758912806,91.51290858096039,84.53236530935287,113.1493843275117,110.45115838103246,95.32961489110203,114.01692778055941,89.8496722168538,101.19623891632864,111.65659636484347
2935,76.33292837160937,91.54450912982645,84.55996276200794,113.18287762779428,110.48998793718056,95.361368517515,114.05754293409453,89.88069681336492,101.22961674336108,111.69187727413669
2936,76.35795779080699,91.5761180090864,84.58755632838593,113.21636864256986,110.52880060054545,95.39312378730118,114.09820777995473,89.91171485357944,101.26298045724477,111.72715804760327
2937,76.38297842950647,91.60773182217842,84.61514615742546,113.24986345731898,110.56760155253569,95.42488499917266,114.13891214644883,89.94273488526562,101.29634862200672,111.76243861162922
2938,76.40800694905876,91.63931830664866,84.64273969273287,113.28335412882736,110.60637728230743,95.45665377943305,114.17961724060775,89.97375136116813,101.32972807030663,111.79771926342069
2939,76.43304315918459,91.6709022359104,84.67034044079612,113.3168409316657,110.64512122054873,95.48842208436845,114.22028453085501,90.0047411893436,101.36312008385013,111.8329997023298
2940,76.45804615128014,91.70248747074541,84.69794449263262,113.35034376025959,110.68383974816406,95.52019720597022,114.26093618094427,90.03568798128568,101.39651525542834,111.86828047874228
2941,76.48305583780267,91.7340565143595,84.72554181193863,113.38386648989642,110.72254576043386,95.55198090878771,114.30158030936367,90.0666248365885,101.4299099456938,111.90356176399774
2942,76.5080796759696,91.76563124124996,84.75313713577536,113.41740537293342,110.76125885165501,95.58378366509832,114.34225098483692,90.09757925753088,101.46329378764544,111.93884317238428
2943,76.53310978070708,91.79720909949647,84.78072789388864,113.45094747577805,110.79997188376365,95.61559241697607,114.38292741090058,90.12854863655436,101.49667661319839,111.97412449175572
2944,76.55811067246155,91.82876958610414,84.80832305179463,113.48447401891981,110.83867130117748,95.64740110443381,114.42359205787639,90.1595213960426,101.53005546573583,112.00940554220414
2945,76.58309534666795,91.8603527318259,84.83592000940162,113.51798356279329,110.87735024126725,95.67921305453541,114.46422574690669,90.19048622292354,101.56343176640232,112.04468658373635
2946,76.60807663414496,91.89194561501222,84.8635304997551,113.55150404293367,110.91602434414548,95.71100932705946,114.5048430716477,90.22145021860605,101.59680931975836,112.07996727496472
2947,76.63306083948449,91.92353988589058,84.8911501707822,113.58503408494114,110.95469084752104,95.7428041895828,114.54545292972013,90.25241567157367,101.63018884289617,112.11524754494899
2948,76.65804356149162,91.95509680343308,84.91875392317789,113.61858163913813,110.9933384040656,95.7745631675075,114.58604444337195,90.28336759286152,101.66355880627931,112.15052762686447
2949,76.68302664376424,91.98666564080008,84.94633855397618,113.65214980568642,111.03198845016854,95.80631018623906,114.62660711983831,90.31426682157456,101.69692963410311,112.1858080681623
2950,76.70801165795548,92.018243169885,84.9739014279233,113.68572287310361,111.07064075168404,95.83804894934077,114.66714979764018,90.34515902698159,101.7303060401201,112.22108894138782
2951,76.7329903282041,92.04982234252509,85.0014643284574,113.71928897383741,111.10930787929308,95.86979478247517,114.70765170799743,90.37604981859374,101.76369327958828,112.25636989634253
2952,76.75797413983005,92.0814066769719,85.02901993900002,113.75285524320263,111.14799771643979,95.90154377325013,114.74811304067335,90.40695847295797,101.797091678462,112.2916511465541
2953,76.78295476269105,92.112985505084,85.05656109058506,113.7864283788565,111.18670359945318,95.93329319465498,114.78855382915432,90.43787444753391,101.83049675380873,112.32693275792053
2954,76.80792830096301,92.14454685872035,85.08410399181406,113.8200038934192,111.22541659448001,95.9650365773497,114.82897520246385,90.46879177932131,101.86390293253169,112.36221441699003
2955,76.83290253703314,92.17610735297949,85.111636335218,113.85357313592604,111.26412670108913,95.99677227593403,114.86936954153882,90.49970084174349,101.89730242210919,112.39749593260342
2956,76.85787691192891,92.20767163078794,85.13915771118266,113.88713558726745,111.30280655799042,96.02850823214706,114.90976338508315,90.5306280576887,101.93067995736202,112.4327776496315
2957,76.88284303137593,92.2392399416033,85.16667867187506,113.92070008113137,111.34146677311217,96.06022911490567,114.95015116160651,90.56156156189445,101.96405824731563,112.46805951568913
2958,76.9078275820446,92.27080318029665,85.19420089319145,113.95426768501372,111.3801379817246,96.09195071875897,114.99053054250787,90.59247595307869,101.9974224245468,112.50334137717785
2959,76.93282727748145,92.30233650786256,85.22171631435178,113.98783614374852,111.41882259557342,96.12366297322079,115.03089477550975,90.62337870699429,102.03078961534545,112.53862276792907
2960,76.95783160931978,92.33385841938798,85.24921578123974,114.0214123812709,111.45751846438928,96.15535744650272,115.07125389530898,90.6542838730679,102.06416142042082,112.57390420396071
2961,76.98282877316336,92.36537528974387,85.27670607438297,114.05499392705502,111.4962151595833,96.1870440878989,115.11161436761994,90.68521392180995,102.09754482138153,112.60918569298002
2962,77.00781184466966,92.3969114139346,85.30420088976084,114.08859885505935,111.53489817372835,96.21872566230348,115.15195554434702,90.71615284881099,102.13093525070778,112.64446706368638
2963,77.03279345277079,92.42846094703064,85.33168875459678,114.12221097581218,111.57356207046088,96.2504134155758,115.19226213625919,90.74708241825584,102.16432656125588,112.67974868662141
2964,77.05776373434433,92.46003008727001,85.3591769950988,114.15581643352877,111.61222455056782,96.28210915497075,115.23254950453486,90.77798819702812,102.1977133692809,112.71503035996088
2965,77.08274377125032,92.49160724002938,85.38666103278553,114.18942244185752,111.65087256073802,96.31380764747267,115.27282852247093,90.80888832108796,102.23112118020964,112.75031193626707
2966,77.1077281836249,92.52318527764447,85.4141491323728,114.22302401523035,111.68950286792312,96.34550052969236,115.31310474115406,90.83979086380111,102.26454272798077,112.78559399178327
2967,77.13269467303431,92.55475626248075,85.44164740807292,114.25664058079602,111.72813623247657,96.37719794180671,115.35334666935087,90.87070986074458,102.29797400060197,112.82087628148916
2968,77.15766453929758,92.5862995114158,85.46915875294603,114.29026140036035,111.76678769871867,96.40889504230566,115.39358073531692,90.90165174371248,102.33141452135142,112.85615894230808
2969,77.18261521181721,92.61784876776822,85.49668259804879,114.32387623897151,111.8054443215331,96.44059419351532,115.43382508167245,90.93260079239147,102.36486118886769,112.89144182928848
2970,77.20756798770866,92.64939735429576,85.52421718329674,114.3574822156209,111.84410116161213,96.47230124568935,115.47407216162787,90.96355836247862,102.39831655159115,112.9267247218721
2971,77.23251821056674,92.68094801516106,85.55175663133001,114.39109171783984,111.88276490352958,96.50401848381203,115.51432467547157,90.99452095948732,102.43177768830178,112.96200741315906
2972,77.25747130710845,92.71250457875257,85.57927925714604,114.4247103350781,111.92143415981269,96.5357379173611,115.55458455875447,91.02548901291115,102.46523991992142,112.99729018424384
2973,77.28243321796671,92.74406350208356,85.60679567283182,114.4583536335623,111.96010197963079,96.56746099644965,115.59484273314902,91.0564782845452,102.49870169238008,113.03257289237713
2974,77.30740059805218,92.77561868055578,85.63431185010091,114.49201213495954,111.99875098160656,96.59918728495651,115.6350986149916,91.0874736492655,102.53215599817503,113.06785556584238
2975,77.33236038074965,92.80716806109943,85.66183087150532,114.52567248993368,112.03738164779703,96.63092059291127,115.67535715698295,91.11846555502218,102.56560767845426,113.10313808338053
2976,77.35729690332259,92.83874223334955,85.68935001339936,114.55930815092051,112.07602599306398,96.66265893788538,115.71561347585966,91.1494470455762,102.59903296081788,113.13842096741556
2977,77.38223125429587,92.87032451636759,85.71686401927647,114.59294790946616,112.1146771948536,96.69437452669194,115.75587615258468,91.18043114980152,102.63243209568567,113.17370394865378
2978,77.40715499720199,92.9019066862364,85.74438140003599,114.62658925021196,112.15333517678327,96.72608344991569,115.79613762513611,91.21143753719295,102.66581988362188,113.20898684968239
2979,77.4320846061857,92.93352727333048,85.77188801171754,114.6602266122231,112.19199420997403,96.75779249532826,115.83637638562071,91.24245229704209,102.69920680482633,113.24426921080206
2980,77.45699181079536,92.96517264042134,85.79939058992325,114.69386418175297,112.230661474503,96.78951591338259,115.87657824087057,91.2734601630633,102.73259782458842,113.27955145029875
2981,77.48190451544362,92.99683892293123,85.82688182223978,114.7274945598462,112.26933848131236,96.82124678436827,115.9167606365442,91.30448286866583,102.76599204045253,113.31483352182237
2982,77.50682134294107,93.02851110982081,85.85437535288253,114.76111393117056,112.30802085519402,96.85297850275683,115.95691744413256,91.33550974826042,102.79938874023695,113.35011631693374
2983,77.53172283368215,93.06017590220085,85.88186625092017,114.79472279401338,112.34670092379285,96.88470227730733,115.99704537353173,91.36652534399032,102.83278599247137,113.3853995774759
2984,77.55662400010368,93.09185079800494,85.90934970762294,114.82831447164462,112.38536366451457,96.91643261327378,116.0371769850042,91.39754287211181,102.86617290703974,113.42068322658724
2985,77.58154893936,93.1235483934365,85.93682925648797,114.86190315420967,112.42402655670054,96.94816521583081,116.07730976686476,91.42855222355101,102.89955718210676,113.45596729617445
2986,77.60648418310309,93.15527200032263,85.96430201391098,114.89549618451846,112.46269730487674,96.97989782961434,116.11741469861482,91.45954060768014,102.9329522970552,113.49125171145651
2987,77.63142880249111,93.18700353996424,85.99177274832776,114.92909297928293,112.50137546900473,97.01161975727851,116.15749053355988,91.49052838400908,102.96635251128376,113.52653618221358
2988,77.65638078906437,93.21874439097648,86.01925510821034,114.96269048705668,112.54005467380823,97.04334242468363,116.19754415855229,91.52148655604299,102.99975732923981,113.56182034436023
2989,77.68132221838728,93.25050021876785,86.04675396232766,114.99627352903691,112.5787322541821,97.07506609706627,116.23758840526247,91.55245673449261,103.03316787386882,113.59710444711341
2990,77.7062646321963,93.28226044057001,86.07425752497511,115.02985206755163,112.61740577202963,97.10677274050343,116.2776214432326,91.58343428804001,103.0665797646886,113.63238847343219
2991,77.73120616208934,93.31401392356497,86.10176126116075,115.06343654232234,112.65607954075504,97.1384782657056,116.31765417739204,91.61440821879076,103.09998738380483,113.66767285320464
2992,77.75615011788,93.34577122346742,86.12926453107617,115.09702546894654,112.69476079096256,97.17017168626758,116.3576834808191,91.64537985878553,103.13339566271937,113.7029573552878
2993,77.78109032050257,93.37752694265015,86.1567631709857,115.13061410797557,112.73347221482216,97.20188275214355,116.39773274867557,91.67636391192598,103.16680407079947,113.73824181661524
2994,77.80600911452926,93.40929708371472,86.18426952766531,115.16420564466767,112.77222404150709,97.23359922844301,116.43780867329313,91.70735678111737,103.20020917306088,113.77352630316321
2995,77.83092434631996,93.44108110851332,86.2117803609455,115.19780839110106,112.81098295181927,97.26530710793725,116.47788499872307,91.73835143327872,103.23362572883948,113.80881055755948
2996,77.8558422832976,93.47288886847721,86.23928306924611,115.23141443782073,112.84972608675956,97.29700370968762,116.51793080662405,91.76935102491196,103.26705553112696,113.84409482832815
2997,77.88075350490428,93.5047040562826,86.26678629677376,115.26501410301927,112.8884625506879,97.32870196470283,116.55796081019139,91.80035522299437,103.30049104395974,113.87937914315584
2998,77.90566381843493,93.53650824164406,86.29428571973114,115.29858538843624,112.92718524946655,97.36038892945862,116.59798607961761,91.83134226660493,103.33393039298323,113.91466367076431
2999,77.93058012573513,93.56829946817727,86.32178630208239,115.33213842534904,112.96590961286911,97.39207640580734,116.6379861339712,91.86231361036833,103.36737756145844,113.9499483226062
3000,77.95550037403495,93.6000814239341,86.34929900345321,115.36568840044995,113.00462544405183,97.42374523252676,116.67798691808237,91.89328717575702,103.40082662036112,113.98523254651953
3001,77.98743395502657,93.6344228368249,86.38218159961451,115.4006083738068,113.04307251256353,97.45804756254022,116.71758253502952,91.92736032605585,103.43570926342917,114.02070304972887
3002,78.10480161459861,93.75280178579459,86.49994784555781,115.51923031817223,113.16236621326628,97.57641009670142,116.83703703251324,92.04562660473691,103.55431552907332,114.13955621663234
3003,78.10720352150926,93.75941703330976,86.50393548348646,115.52817497358603,113.17565993135165,97.58471670248476,116.85110276179573,92.05271055897678,103.56376229030603,114.14991373080966
3004,78.12988190614779,93.78758127171064,86.52872014372551,115.55924878147432,113.2120099260092,97.61500223001676,116.88842168101685,92.0814639392266,103.59546087293663,114.18272822514534
3005,78.15459654984777,93.8179188684917,86.55558506301759,115.59254863818595,113.2506841769548,97.64749349772556,116.92805284885699,92.11238886649862,103.62938487827836,114.21778905541373
3006,78.17951562099834,93.84847323989095,86.58265580541693,115.62607684951537,113.28963183090761,97.68022653531294,116.96792323129728,92.14353223152031,103.66353770980163,114.25307430744755
3007,78.20445034889111,93.87904308217905,86.60974321967194,115.65964130098077,113.32863266985962,97.71298294092131,117.0078152749513,92.1746927568936,103.69771828068302,114.28838175057989
3008,78.22938336813705,93.90960577489858,86.63682529067592,115.69321160855877,113.36764020697875,97.74574102384743,117.04770757026415,92.20584655391626,103.73192167194794,114.32369130747323
3009,78.25429505139847,93.94015730081517,86.66390290802214,115.72677371819923,113.40664302629298,97.77850454940403,117.08759950689725,92.23697939838,103.76613351947046,114.35900104831708
3010,78.27920294327689,93.97071550150132,86.6909832702823,115.76033556862758,113.44563474620135,97.81125933099834,117.12750117256344,92.26808745519239,103.80035661248785,114.39431078116367
3011,78.30410943938246,94.00127601702397,86.71806943782089,115.79388548211847,113.48461805649227,97.84398335102728,117.16741049878017,92.29919466725605,103.834582787327,114.4296207539041
3012,78.32901281283588,94.03182664997203,86.74513558493696,115.82743203479413,113.52357585722386,97.87669981074775,117.20733518365911,92.33030317116983,103.8688189155688,114.46493083518727
3013,78.35390733412895,94.06234969773662,86.77219121744977,115.8609675817121,113.56253055749688,97.90941141420623,117.24727180708322,92.36141849516,103.90306746965713,114.5002400359847
3014,78.37879872527661,94.09285124821086,86.79924979742053,115.89449784629122,113.60145471573112,97.94212482248618,117.28722399202269,92.39253898306603,103.93731751072889,114.53554855125628
3015,78.40371544307123,94.12335764300674,86.82630032444399,115.92802804993156,113.64039356332142,97.97482224181717,117.32717895845609,92.42365720269945,103.97155413611549,114.5708577557176
3016,78.42863962371132,94.15388378700385,86.85335568986797,115.96155464904615,113.67933760457923,98.00751998898593,117.36712771843443,92.45478481337194,104.00579094941861,114.6061673450125
3017,78.45356108939863,94.18442466616014,86.88041671177822,115.99508378149616,113.71829382942617,98.04019901775555,117.40706959491892,92.48589968800776,104.04002690145974,114.64147695632379
3018,78.47848282811547,94.21497664750295,86.90748056854507,116.02863439645891,113.75725204698361,98.07287271109332,117.44702417779772,92.51704472298042,104.07426338342802,114.67678618337634
3019,78.50340584951628,94.24553167631278,86.93455467867358,116.06219545021486,113.79621708915916,98.10555037126015,117.4869812456593,92.54820141778173,104.10849595691387,114.71209544156899
3020,78.52833024732888,94.27608558422446,86.96163335672277,116.09575826259717,113.83520230967999,98.13823058035571,117.52693538542161,92.57937459062181,104.1427080695797,114.74740414406008
3021,78.55325289021165,94.30663044607505,86.98871030812465,116.1293142295453,113.87421890594085,98.17090439056832,117.56691035074209,92.61058178560789,104.17692566744378,114.7827126075825
3022,78.57818154358374,94.3371488566922,87.01578598222939,116.16287729406069,113.91324159948184,98.2035719171501,117.6069028015378,92.64182359711272,104.21114416588757,114.81802049452679
3023,78.60310930021629,94.3676685439254,87.04286671807692,116.19644594034999,113.95225333015567,98.23623999491981,117.64689643857201,92.67307587568729,104.24535593435411,114.85332766769423
3024,78.62804822995821,94.39817181174226,87.06995696351126,116.2300149944929,113.99124926838907,98.26891157069961,117.68687776261018,92.70433571323267,104.27957316593408,114.88863552307713
3025,78.65296455201758,94.42864606551701,87.0970568911431,116.26358628042753,114.03024485235787,98.30158661049673,117.72686364752525,92.73559848423841,104.31379788275092,114.92394356494681
3026,78.67787994633902,94.45912356035923,87.12416045769774,116.29715507106292,114.0692351693599,98.33428067971883,117.76684841486166,92.7668473892402,104.34803797965179,114.95925179958844
3027,78.70279992149408,94.48960479787092,87.1512590365363,116.33073106653669,114.10818391135885,98.36698078935417,117.80681295543665,92.79809132253445,104.38229357549837,114.99456098103362
3028,78.7277242523474,94.52008801673338,87.17835867588948,116.36431131376928,114.14712858060072,98.39964622019852,117.84678758818461,92.82936575636884,104.41655256105092,115.02987093133372
3029,78.75263250106143,94.55055647965136,87.20545847406046,116.39789186290943,114.1860783206365,98.4323134346934,117.8867613004505,92.8606695011488,104.45080550987514,115.06518121698805
3030,78.77754543225389,94.58102137380595,87.2325615947735,116.43146663514061,114.22503120044384,98.46497099047308,117.92670771919236,92.89199614225227,104.48504698332799,115.10049250716693
3031,78.8024611840421,94.61150736748527,87.2596674196717,116.46504309238408,114.26399046527403,98.49764193869095,117.96663529808862,92.92333678197772,104.51929306585863,115.13580439374611
3032,78.82736742452083,94.64200941810944,87.28677593387117,116.49860932405934,114.30295375773014,98.5303353161438,118.00656884726986,92.95470826794812,104.55353995148909,115.17111680743128
3033,78.85228107177974,94.67251489403981,87.31389035605432,116.5321719737891,114.34195338870636,98.56304374499422,118.04649605872353,92.98609098910488,104.58777773380048,115.20642933797143
3034,78.87721612786792,94.7030120373709,87.34100932293161,116.56573189674249,114.38096232718455,98.59575504861515,118.08637713662866,93.01741735401035,104.62201120214011,115.2417417017639
3035,78.90216089129974,94.73350487470528,87.36813073739629,116.59929188482405,114.41998658747885,98.62844469312917,118.12623930488327,93.04872393921771,104.65625086853666,115.2770540811175
3036,78.92710681681177,94.76399109773298,87.39524371493916,116.63285383883019,114.45901247653653,98.66113790082325,118.16608885298332,93.0800305796142,104.69049111032753,115.31236621927108
3037,78.95204952317464,94.79448084398548,87.42235871775523,116.66641779519915,114.49803616137217,98.6938315873678,118.20595768389346,93.11130346824902,104.72473398616323,115.34767793948117
3038,78.97698882394072,94.82497866164474,87.44947004915338,116.69998882973931,114.53706141182884,98.72650766091763,118.24583698885071,93.1425492156425,104.75897763133561,115.38298986994344
3039,79.0019009451563,94.85548111721612,87.47658152117887,116.73357142292568,114.57605759072241,98.75917346793726,118.28571618317478,93.17380678564602,104.79321778023697,115.41830196807375
3040,79.02681916680737,94.88598135301581,87.5036952107651,116.76715706519042,114.61505627946562,98.7918402601879,118.32560134943643,93.20508402174886,104.82745558059163,115.4536143232534
3041,79.05170874474335,94.91648041309202,87.53080091093526,116.8007400736001,114.6540597087384,98.82447865036328,118.3654893318225,93.23636777673156,104.8617071127301,115.48892680281783
3042,79.07659196236753,94.94696509273801,87.5578991622363,116.83432200926012,114.69307620275394,98.85712704782523,118.40537363396588,93.2676335256488,104.89597655714019,115.52423929531501
3043,79.10147650830883,94.97744675883538,87.58499965186476,116.8679110923457,114.73209485193755,98.88978210190376,118.4452359106601,93.29886816846536,104.93025020250211,115.55955168767562
3044,79.12637058850487,95.00794235620612,87.61210181005613,116.9015026248902,114.77111677471629,98.9224448945573,118.48509671561662,93.33008328588636,104.96451827519004,115.59486364993147
3045,79.15123057386204,95.03844214866622,87.63920049232131,116.93509850870953,114.81014643131921,98.95511900150724,118.52498391482658,93.36123645366452,104.99876858980849,115.630175972819
3046,79.17609404583033,95.06895299509591,87.66630372906027,116.96869544707283,114.84917593785569,98.98779801061573,118.564878103557,93.39238753724221,105.03301354684893,115.66548867647919
3047,79.20095393626268,95.09947147535453,87.69341271172502,117.0022818900538,114.88821056428148,99.02047802901322,118.6047799177885,93.42353223406343,105.06725448859397,115.7008019948493
3048,79.22579503381317,95.12999197163684,87.72052585566108,117.03587693750644,114.92724710853659,99.05314971637499,118.64469363470951,93.45467847693234,105.10148256860288,115.73611539193683
3049,79.25063531238163,95.16049498398677,87.74764250543521,117.06947474937436,114.96627595630069,99.085801718146,118.68461054053813,93.48580300137284,105.13569815110166,115.77142754238328
3050,79.2754773212008,95.19098414277799,87.7747608694592,117.10307085124177,115.00530344730986,99.1184576708181,118.72453717638918,93.51693181743798,105.16991384699948,115.80673916278919
3051,79.30031695638115,95.22146167815265,87.80188030986575,117.13667377853253,115.04432182398166,99.1511145333084,118.76447845435025,93.54806222878054,105.20412352325683,115.84205141805761
3052,79.325143220551,95.25193454458362,87.8289964797509,117.17027765909238,115.08334464299656,99.18376933673129,118.80442425242512,93.57917819220883,105.23833648083748,115.87736385148183
3053,79.3499754882282,95.28240972658809,87.85612527662356,117.20387385672664,115.12237549606363,99.21641956601935,118.84437449867922,93.61030140989594,105.27254168281945,115.91267663153454
3054,79.37481042709449,95.31288591115742,87.88325951086796,117.23747025557623,115.16140671437996,99.24905825322716,118.88432494284416,93.6414294701055,105.30674523902474,115.94798950673744
3055,79.39964435354521,95.34335591518791,87.91039841461495,117.27106938377953,115.20042526690516,99.28168938456862,118.92428324768514,93.67255912235004,105.34093794590952,115.98330211564002
3056,79.42448605400169,95.37382729110566,87.93754036292042,117.30466944970752,115.2394279510706,99.31431209701127,118.96424431349628,93.70367392971305,105.37513082093376,116.01861415945262
3057,79.4493323763931,95.40428722284376,87.96467243071257,117.33827555833855,115.27843223869642,99.34695060650779,119.00420496742488,93.734757947776,105.40932031719706,116.05392550323859
3058,79.47416504562973,95.43474884206462,87.99180677317572,117.37188427439257,115.31743598664167,99.37959381121233,119.04416430178874,93.76584428855334,105.44349868912263,116.08923510983912
3059,79.49900359647829,95.46518626989801,88.01894279896764,117.40549306715147,115.35643206485348,99.4122394206997,119.08410729695595,93.79693121679475,105.47765241187197,116.1245445683514
3060,79.52382052337734,95.4956270549715,88.0460789227043,117.4390954706039,115.39543374007998,99.44488807929746,119.12402886674123,93.82802156382041,105.51177876505716,116.15985408944148
3061,79.54862029969546,95.52607286207244,88.07321562431515,117.47268339938495,115.43444430325302,99.47752978188545,119.16392568779727,93.85913142420493,105.54589194589936,116.19516391405772
3062,79.57342306700997,95.55653225833726,88.10034572028651,117.5062725703187,115.47347284409474,99.51015643342498,119.2038215313072,93.89024915955596,105.5799912634018,116.23047394319796
3063,79.59822795717045,95.58699652810039,88.12746576937799,117.53985917017954,115.51252780784118,99.54276815151239,119.24371638210897,93.92131792153246,105.61406526468872,116.26578399322932
3064,79.62303762358624,95.61746082526953,88.15458762039957,117.57346034247803,115.55158728322816,99.57537442578685,119.28357963726363,93.95237952443983,105.64813365225942,116.3010942434225
3065,79.64782536958732,95.6479259565982,88.1817064812426,117.60707593463252,115.59063193898743,99.60798259880684,119.32343704867213,93.98344478447403,105.68220381641216,116.33640514930056
3066,79.67262512104587,95.67838553470257,88.20880895861559,117.64069534663348,115.6296395708619,99.64057275050256,119.36331190831223,94.01450451359074,105.71628349967446,116.3717161882457
3067,79.69743934590814,95.70884691331842,88.23590772066377,117.67431487188927,115.66861339136108,99.6731600577375,119.40318928749386,94.04558456391516,105.7503723274039,116.40702679525147
3068,79.72225934351367,95.73931462139393,88.26301568069596,117.70793164740513,115.70757395980635,99.70575004829091,119.4430602254015,94.07667094683327,105.78446295801524,116.44233660528546
3069,79.74707403621059,95.76978463892829,88.29012992901504,117.74153691953913,115.7465323215576,99.73834032949048,119.48293028051981,94.10774363276272,105.81855420836376,116.47764641765053
3070,79.77188491885667,95.80023525483136,88.3172462624293,117.77513590238091,115.78547400578249,99.77092690823837,119.52280179628798,94.13881204404402,105.8526612374095,116.51295570502279
3071,79.79668198904177,95.83068704610392,88.3443542455034,117.80874086836803,115.82441566277241,99.80349627640418,119.56264771324254,94.16985723216118,105.8867722932681,116.5482647721896
3072,79.82148134775947,95.86114070723131,88.37145945498213,117.84235084720521,115.8633650035404,99.83606412734791,119.6024467637379,94.20089859912133,105.92088015140128,116.58357386937344
3073,79.8462833443032,95.89158907298157,88.39854512255384,117.8759648874568,115.9023171514089,99.8685922786579,119.64222394311038,94.2319478794165,105.95497785313648,116.61888293503172
3074,79.87108116174856,95.92202459522721,88.42563330546554,117.90958039098345,115.94126400787789,99.90109614397866,119.68200371591993,94.26300032190895,105.98907728284448,116.65419168163939
3075,79.89588889630177,95.95246686605849,88.45273054752364,117.94319605934334,115.98021240607329,99.93360733525671,119.72179052142138,94.29403072822858,106.02317085304145,116.68950047193213
3076,79.92070552509159,95.98292111251477,88.47983138016555,117.97681404109855,116.01915764973276,99.96612215638625,119.76158197646606,94.3250626931073,106.05724630835961,116.72480874268422
3077,79.94552644469177,96.01340241638705,88.5069273396933,118.01043623516814,116.05810284477246,99.99863788274837,119.80140094379068,94.356075925199,106.09132606406355,116.76011590467635
3078,79.97034104534097,96.04390509112338,88.5340243355992,118.04405927438137,116.0970469238169,100.03112601278029,119.84122295446424,94.38708816193342,106.12541007274629,116.79542298337027
3079,80.00223179845769,96.07782273142068,88.5667581758574,118.0789995102394,116.1357093976535,100.06569645607024,119.88064357416623,94.42117335889297,106.16049996341475,116.83090076256256
3080,80.11958147032226,96.1960236959011,88.6844619443214,118.19762996485532,116.25503325510174,100.18417159780758,120.00007357203562,94.53944469717155,106.27919327305106,116.94975698537888
3081,80.12250938922293,96.20233202879452,88.68815034448579,118.20660486900745,116.26764044631297,100.19215056414824,120.01428344346267,94.54667783937981,106.28870360425678,116.9609918637262
3082,80.14587915269225,96.23011052285678,88.71254346945639,118.23772376119726,116.30316187883615,100.22203468496187,120.0517515381466,94.57563905360048,106.32047541982067,116.99487416387734
3083,80.1712992565734,96.26003657684704,88.73900897490644,118.27105182915913,116.34097632580232,100.25410672206046,120.09155501198804,94.60678613721716,106.35444667658051,117.03101758650095
3084,80.19693095067272,96.29016331002178,88.76568669466191,118.304609815618,116.37902794447793,100.28639877306445,120.13159279401373,94.6381416789069,106.38863707641573,117.06738166085984
3085,80.2225965790667,96.32030516614499,88.79238352030615,118.33818793809426,116.41710126288626,100.31871892074295,120.17165926848624,94.6695106300395,106.42284593628044,117.10376694849415
3086,80.24828287778115,96.35044899908051,88.81908044619901,118.37175797919741,116.45517266820882,100.35105191676088,120.21174609530217,94.70084669038305,106.45705037936571,117.1401596142752
3087,80.27397852185194,96.38057720833936,88.84576774035753,118.40532974748668,116.49323235499284,100.38338811204349,120.25183385829396,94.73216881891028,106.49123189872489,117.17655399518853
3088,80.29965288607214,96.41070212634907,88.87245658581415,118.4388962222714,116.53129075838541,100.41570573721114,120.29190801794955,94.76347728048748,106.52541136229657,117.21294844436333
3089,80.32531843433148,96.44082128337992,88.89914598362735,118.47246111905658,116.56931855730004,100.44802225730889,120.33200087117996,94.79476928845168,106.55959239086405,117.24934426596823
3090,80.35096624826336,96.4709496712005,88.92583502022725,118.50601899916396,116.60735891151174,100.48036227256281,120.37209641777216,94.82606960491624,106.5937714500211,117.28573996695096
3091,80.37662748711362,96.50109264053954,88.95252536514046,118.53958249074032,116.64540983404721,100.51272265569476,120.41217808486988,94.85739416023509,106.62795628177099,117.3221299074662
3092,80.40229642955913,96.53125538264565,88.97920973650136,118.57315038831798,116.68346224833253,100.54508759203813,120.45223462048448,94.88873688621582,106.66214980034286,117.35851880428005
3093,80.42797239085448,96.56142428185058,89.00589505167375,118.60672425603987,116.72151335877858,100.5774570974209,120.49227256788812,94.92008425814711,106.69634429574802,117.39490716788949
3094,80.45361742206065,96.59159178489632,89.03258259217993,118.64030500293406,116.75955497706342,100.60984943645693,120.53231289774804,94.95141951258401,106.73051505814476,117.43129566506961
3095,80.47926851095987,96.62174752991045,89.0592738213988,118.67388739671784,116.79758419689998,100.6422472763906,120.57235166258265,94.98275023260288,106.76469233826155,117.46768551260486
3096,80.50492139557366,96.65191092002287,89.08596739845463,118.70746750151154,116.8356278245521,100.67464510761764,120.6123723584841,95.01406746225551,106.79887021248656,117.50407495519306
3097,80.5305711508334,96.68207781769958,89.11266218132205,118.74104043182535,116.87370836500585,100.70704511135449,120.65238018319482,95.04538595731509,106.83303618364009,117.54047134694231
3098,80.55617928262309,96.71224604607727,89.13935281207532,118.77462207253883,116.91179815793774,100.73944805980517,120.69238689430956,95.07669005038723,106.86720254625965,117.57687849945012
3099,80.58179063321073,96.74240043040419,89.1660416919023,118.8082219016755,116.94989614634291,100.77186485971946,120.73237624677512,95.10796072040765,106.90136042736229,117.61329249814682
3100,80.6074069347243,96.77255471102487,89.19272264552947,118.84183675670329,116.98799640288205,100.8042852475178,120.77236310633334,95.13920796078133,106.93552655373534,117.64971245203625
3101,80.6330281159711,96.80269944392022,89.21939846679237,118.87545487717931,117.02610110749428,100.83668112440178,120.81234377797934,95.1704375239678,106.96969838495421,117.68613635193401
3102,80.6586308617171,96.83284150045388,89.24607565482098,118.90906585753787,117.06421854129842,100.86906205386478,120.85230985349402,95.20167169672432,107.00388685462534,117.72256403489375
3103,80.6842198098203,96.8629753946933,89.27274958215034,118.94265625281183,117.10233657586502,100.90143423668685,120.89226361196386,95.23286091213241,107.03807981520598,117.75899178722752
3104,80.70980721853104,96.89311439240325,89.2994289185846,118.97623917950119,117.14044024915079,100.93379907287664,120.9322025864831,95.26406326610051,107.07226074022867,117.7954131996831
3105,80.73540515572003,96.92327393354465,89.32611351259848,119.00982535925377,117.17854423645615,100.96616697739474,120.97212980296275,95.29527127460958,107.10644199736369,117.83183515818608
3106,80.76099068910572,96.95343975684209,89.35280044028389,119.0434203287371,117.21664415807373,100.99851595086757,121.01204038598037,95.32647480347248,107.14062389352287,117.86825467825953
3107,80.78657330503408,96.98360225061903,89.37948498458489,119.07703646770535,117.25475293094895,101.03084894323561,121.05196271958975,95.35765906068545,107.17481835725847,117.90467610467945
3108,80.81214642851018,97.01376340377857,89.40617190749724,119.11066504600024,117.29286094448828,101.06318512326315,121.09189950697615,95.38884769416855,107.20901901542793,117.94109787614711
3109,80.83772402384314,97.04393295280268,89.43285712265599,119.14429530982025,117.33094466690856,101.0955141349218,121.13183689803904,95.42005125506539,107.24322006097522,117.97751554832551
3110,80.86330235255237,97.0741057579755,89.4595348261554,119.17791263911114,117.36901098347835,101.12782679447521,121.17175998485857,95.45127170507976,107.2774152917502,118.01393173783337
3111,80.88889109048151,97.10426249889964,89.48620812808159,119.2115197904041,117.40706418062871,101.16014131920205,121.21166409115564,95.48249753965592,107.31161117904499,118.05034442522953
3112,80.91449280004547,97.1344096694851,89.51288328593805,119.24510985476824,117.44511954994067,101.19244857777824,121.25157090396881,95.51369838561672,107.34580410070897,118.0867513030684
3113,80.94010765989495,97.16454587890365,89.53956132720106,119.27867635750344,117.48318272698299,101.22475719333848,121.29147744864522,95.54489688993725,107.37999704934435,118.12315699582385
3114,80.96573291049633,97.19469287611962,89.5662404381447,119.31224374206208,117.52125507800098,101.2570633018623,121.33136474126698,95.5761093921252,107.41419254905534,118.15956292953278
3115,80.99131779652753,97.22484373872645,89.59291978572905,119.34582862531956,117.5593478260334,101.28937222950543,121.37122007688434,95.60733254654569,107.44838665396085,118.19595688008803
3116,81.01691268199768,97.25499627085395,89.61959971603942,119.37941761907894,117.59744658853022,101.32168564571678,121.4110638151435,95.63857512556315,107.48259009092011,118.23233559622096
3117,81.04251703678658,97.2851508091996,89.64628003454305,119.41299052161737,117.63554574861816,101.35399930719896,121.4508868535123,95.66984026487256,107.51680355418699,118.26870878033591
3118,81.06813378323535,97.31529813060179,89.67296096046468,119.44655477016033,117.67364461784341,101.38630621549517,121.4907081410532,95.70111154343168,107.5510271545636,118.30508186643438
3119,81.09377989319403,97.34544895854698,89.69964176830968,119.48010944764927,117.71174421430563,101.41859710824151,121.53052413359055,95.73236987911628,107.58525219453108,118.34144831929825
3120,81.11945384395202,97.37560566379388,89.72631998648374,119.51365136920576,117.74984284356951,101.45088989722204,121.57036641053868,95.7636269139362,107.61945318803551,118.3778091207614
3121,81.14513838734726,97.40576770109284,89.75299857782674,119.54719032031602,117.78792549558038,101.4831736586049,121.61021070714763,95.79490134393788,107.65363980585376,118.41417231847217
3122,81.17080565145599,97.43593850278438,89.77968312512444,119.58071827515926,117.82600064017392,101.5154598298523,121.65003562930984,95.8262190172426,107.68782950642002,118.45053859589095
3123,81.19645468402035,97.46611249036752,89.80637170874729,119.61423588715742,117.86407666676067,101.54775158923181,121.6898578073209,95.85756459320538,107.72201053073778,118.4869053472942
3124,81.22210087167083,97.49628136171799,89.83306175494266,119.64776250382901,117.9021488029954,101.58004589650648,121.72965475391885,95.88892230093434,107.75618044976379,118.52327989530714
3125,81.24773395125557,97.52645270907279,89.85974588917801,119.68129463662235,117.9402164004045,101.61230526532295,121.76946792575013,95.92028274648239,107.79034301929424,118.55965785044147
3126,81.27337685490832,97.55662339794743,89.88643122476176,119.71483303144593,117.97828839545828,101.64454744875043,121.80930532449085,95.95163423551861,107.8244873255947,118.596047877113
3127,81.2990272390134,97.58680414769083,89.91311934476262,119.74837865534717,118.01635949941824,101.67678999490406,121.8491463603173,95.98294377060246,107.85862197581183,118.6324466438077
3128,81.32466997134708,97.61699875070761,89.93980884953011,119.78194711710414,118.05442125540222,101.70905716328514,121.88898966516994,96.01424457221113,107.89275821117072,118.6688465227891
3129,81.35030652290169,97.6472019909607,89.96649583875882,119.81552461133482,118.09246993975877,101.74133231489844,121.92883284326348,96.04555539617886,107.92687305161292,118.70524121430073
3130,81.37594429281911,97.67741327266818,89.99318046942348,119.84910753771624,118.13051782385331,101.77360348179896,121.96865283021044,96.07687002951667,107.96097291784892,118.74163030793284
3131,81.40159736503684,97.70762714399912,90.01986668440694,119.88269916196303,118.16856372393046,101.8058717056321,122.00844616327811,96.10816462334242,107.99508067350251,118.77801275286484
3132,81.42725626825495,97.73783778647179,90.04654784573897,119.9162929318078,118.20660919490611,101.83814423456799,122.0482449219039,96.13946629773153,108.029193539936,118.81439011910133
3133,81.45291475249621,97.76803179121202,90.0732284770386,119.94988319454826,118.24465348812326,101.87042375291966,122.08806221591446,96.17077045762582,108.06331793675712,118.85076553442583
3134,81.47857612665203,97.79822313072675,90.09991236962952,119.98348079783054,118.28268779675635,101.90268479222054,122.1278839174155,96.20207102552907,108.09744589167273,118.88714246159644
3135,81.50425096028479,97.82841646592003,90.1265989671634,120.01708026298998,118.32070646511006,101.93494354930004,122.16771211296299,96.23337212383674,108.13157984212769,118.92352312147024
3136,81.5299360522102,97.85860597942143,90.15328695774447,120.05067401854632,118.35871288791364,101.96718614583811,122.20754026171224,96.26467335950356,108.16573255360721,118.95990798675463
3137,81.55566183682508,97.88880396706662,90.17996962047292,120.08426742551296,118.396696383093,101.9994304072861,122.24735417645235,96.29599148578332,108.19989546927201,118.99629432405419
3138,81.58140892425277,97.91901798831772,90.20664703520517,120.11785530775553,118.43465307473674,102.0316688921123,122.28716831498681,96.32731355909674,108.2340589869386,119.03268551319435
3139,81.60716176307213,97.94923755825587,90.23332539816485,120.15145597178889,118.47260188371239,102.06388399938632,122.3270177250153,96.3586276305095,108.26819571756565,119.06907907638009
3140,81.63291670100709,97.97945779513864,90.26000180253827,120.18506181726808,118.51055305022787,102.09610079684707,122.3668751039679,96.38993853302989,108.30232974816977,119.10547706704946
3141,81.65867673446985,98.00966913401021,90.28668113171027,120.21866793249367,118.54850523303764,102.12831736821147,122.40673835758088,96.42121620789486,108.33645751615083,119.14188332627505
3142,81.68444138776916,98.03988540932153,90.31336391324751,120.25227354750676,118.58644092368343,102.16054974300164,122.44660287152816,96.45249496810189,108.37059817959758,119.17829062459772
3143,81.71020675891502,98.0701077802664,90.34005204625018,120.28587852706839,118.62439380182626,102.19280704059993,122.48645334208184,96.4837673844829,108.4047422856274,119.21468595468467
3144,81.73599956767973,98.10031157695201,90.3667428191702,120.31948353459336,118.66235039890789,102.22507631643319,122.52629015336542,96.51504873543969,108.43888386653892,119.25107895406954
3145,81.76180556845502,98.1305156361183,90.39343247574377,120.35308637507958,118.70030509284733,102.25734717809662,122.56609811956805,96.54633209838487,108.47302874031257,119.28747383103646
3146,81.78761312095311,98.16071615861578,90.420124727159,120.38669517952836,118.7382440374321,102.28961000195154,122.60590312315986,96.57759403595088,108.5071736383393,119.32386867805204
3147,81.81342084232084,98.19091619016554,90.44681304243446,120.42031998297593,118.7761640414129,102.32187362037355,122.64568089763914,96.60883773200038,108.54133335942689,119.3602602485106
3148,81.8392177962493,98.22109718176203,90.47350132397521,120.45394930998944,118.81408508584255,102.3541361001131,122.68545149708268,96.64007743741823,108.57549719016508,119.39664930433997
3149,81.86500844479482,98.25127068907848,90.50019471312068,120.48757905156688,118.85200214950633,102.3863914058106,122.72523393486638,96.67132182833738,108.60964755363787,119.4330370946754
3150,81.89076329291244,98.28144903185519,90.52689218706715,120.52121983464234,118.88992813756221,102.41864907573469,122.76502928882992,96.70255788054796,108.64378280279988,119.46942708775076
3151,81.91651549336146,98.31161975117627,90.5535905235321,120.55487132029721,118.92787407967975,102.45091048701954,122.80484147316903,96.73375785387003,108.6779196867156,119.50581863795773
3152,81.9422618950816,98.34179439072005,90.58028977430355,120.58854050524894,118.96583164266922,102.4831759081907,122.84465662303214,96.76493350932815,108.71206781693368,119.54221043001822
3153,81.96801712965718,98.37196717201809,90.60698121569494,120.62221443161904,119.00378772165404,102.51543274681724,122.88446570000545,96.79610260285206,108.7462210683892,119.57860487108267
3154,81.99377416391827,98.40213727820719,90.63367306091,120.65588032064443,119.04171918007111,102.54768604280888,122.92428300152882,96.82724999578187,108.7803761015098,119.61500610061685
3155,82.01954754275107,98.4323035555637,90.66036753760373,120.68954315773354,119.0796611084874,102.57994323709025,122.96410319492001,96.85839374962836,108.81453548603109,119.65140972156898
3156,82.04533333217303,98.46246385088256,90.68706341580409,120.72319585090153,119.11760402512495,102.61217267360438,123.00392058718687,96.88956257167573,108.84869614953573,119.6878129695019
3157,82.07108655882686,98.4926259900747,90.71375276237265,120.75684340418098,119.1555309044817,102.64437963546057,123.04373461570013,96.92074081724532,108.88285662156295,119.72420999795929
3158,82.1033326707204,98.52642578700554,90.74633947133809,120.79179308725621,119.19325732822382,102.67885972353221,123.08315455753542,96.95488258068765,108.917968891075,119.76054946037543
3159,82.22083159327124,98.64457725727205,90.86398144465913,120.91042750970337,119.31245013865883,102.79729691607787,123.20258446050347,97.07317767688899,109.03667159982562,119.87954809622481
3160,82.22376134780696,98.65082570899317,90.86863176210471,120.91910388379087,119.32481253748256,102.80540523960424,123.21615601857064,97.08102383920037,109.04636126956558,119.89065251096743
3161,82.24716519016587,98.67852412018726,90.89428670362905,120.94986817244963,119.36004953246706,102.8354629567513,123.2528741015385,97.1107312571125,109.07837014610989,119.9243742499272
3162,82.27261249076028,98.70837754646729,90.92204678296665,120.98285463814373,119.39758059644849,102.86772228927364,123.29192379137993,97.14263304843797,109.11262640712958,119.96035847122783
3163,82.29826561368365,98.73844164369237,90.95000881143251,121.01606885356668,119.43532966268496,102.90020714885942,123.33120469212999,97.17476400317364,109.14712238815609,119.99656440019787
3164,82.32395814464238,98.76852012352667,90.97798432596564,121.04932287347197,119.47310584453645,102.9327108580457,123.37051569357008,97.20691446825926,109.1816391976491,120.03279126673117
3165,82.34966211058828,98.79859407308,91.00595478277252,121.08258380726616,119.51088445189964,102.96520972792398,123.40982737077746,97.23906336901061,109.2161676549791,120.06901911094779
3166,82.37535532462374,98.82866659481286,91.03391533119164,121.11584450641641,119.54865827537705,102.99773189216646,123.44911729908834,97.27121452736681,109.25071722489992,120.1052394853427
3167,82.4010276589986,98.8587228637243,91.06184623552285,121.14911925309511,119.5864324086216,103.03026978871758,123.48839628933506,97.3033792428721,109.28528899973384,120.14145837673674
3168,82.42670351428218,98.8887804605509,91.08978332906891,121.18240186966118,119.62418840257313,103.06281036266095,123.52767812517187,97.33556053287019,109.31986602299732,120.17768247507803
3169,82.45238269259582,98.91883277498975,91.11772549421565,121.21569639392588,119.66192155463268,103.09534917267203,123.56696043978961,97.36776215555454,109.35445394694285,120.21390764744027
3170,82.47806443582338,98.94888141089137,91.14566339902515,121.2490066414272,119.69965208019707,103.12789722327011,123.60625410766806,97.39996947661803,109.38904853263367,120.25012725739651
3171,82.50372981502711,98.97893711989569,91.17360115899689,121.28232059423732,119.73739431608521,103.16044787134254,123.6455586427706,97.43215857700802,109.42364359427013,120.28633842637542
3172,82.52939711389993,99.00899807714129,91.20155710043889,121.3156179762686,119.77514588829678,103.19301387739532,123.68487085982498,97.46433647262414,109.45823806229036,120.32254554117979
3173,82.55506663212297,99.03905483086388,91.22953216187548,121.34890912784675,119.81289876366229,103.22558504217767,123.72419551410067,97.49650712067927,109.49283256357513,120.35875664402919
3174,82.58073073003742,99.06911123784309,91.25751432742425,121.3821917913227,119.85064685730492,103.25814101952649,123.7635222286794,97.52867929106391,109.5274160386819,120.39496975675658
3175,82.60637496418225,99.09916332721819,91.28548032541909,121.41547556258341,119.88838779651691,103.29069080944403,123.80284066108239,97.56084383170948,109.5620012428465,120.43118461992096
3176,82.63202081000205,99.1292161003096,91.31341922845765,121.44874120577833,119.92612693090594,103.32324068014584,123.84213912673971,97.59300887749072,109.59659582818799,120.46739951933395
3177,82.65766784206303,99.15927414819917,91.34136118679108,121.48200067399047,119.9638423107785,103.35580041611598,123.88142166181856,97.62520434795783,109.63119225517559,120.50360955603821
3178,82.68330937238605,99.18933469973337,91.36930502693467,121.51524965537884,120.00154337578873,103.38836560598838,123.92070033665321,97.65740686363381,109.66577651741999,120.53981463590368
3179,82.70893926194813,99.219384231117,91.39724233505521,121.54850048313652,120.03924424691067,103.42093886538507,123.95996456410985,97.68959752235676,109.70031576570449,120.57601963099367
3180,82.73456046977309,99.24943008238957,91.42518775617208,121.58174788664961,120.07695078987008,103.45351466646254,123.99921729842649,97.72180399704396,109.73485551111456,120.6122214694375
3181,82.76016689888193,99.27945789599576,91.45313699952779,121.6150015229108,120.11467348385759,103.48608562050472,124.03843822330248,97.75401723708613,109.76937631178191,120.64842692250548
3182,82.78576352432692,99.30949231033043,91.48107498116403,121.64825686437212,120.15240060072438,103.51864332659636,124.0776488802806,97.78623631949232,109.80388849729479,120.68464497337314
3183,82.8113662104547,99.3395325960497,91.50902541423595,121.68149838316312,120.19014622127122,103.5511974011504,124.11687208520893,97.81846213887566,109.83840060394313,120.72086550422347
3184,82.83697087173697,99.36957457307011,91.53697985058213,121.71472835141877,120.22789548108265,103.58373785519053,124.15610042048702,97.85073080492458,109.87291109142176,120.75708312762535
3185,82.86254429322487,99.39961168158585,91.56494811687205,121.74795467072516,120.26562923074536,103.61626414967864,124.19532893064688,97.88303172787168,109.90742547881887,120.79330181332213
3186,82.88811507995354,99.42965015335194,91.59292554586823,121.78117723483393,120.30335779233579,103.64880072004574,124.23455408255343,97.91534980837636,109.94194001850522,120.82951668837725
3187,82.91369195514136,99.45968390413033,91.62088357473932,121.81440623457664,120.34108813674149,103.68134574219948,124.27378357216817,97.94769310659474,109.9764580458288,120.86573026163933
3188,82.93927825334393,99.48971874163932,91.64883714998619,121.8476365576766,120.37879741666718,103.71390247731178,124.31301662029965,97.98006408991942,110.01098061759014,120.90194435853167
3189,82.9648748099392,99.51975555474885,91.67679315683004,121.88086857177424,120.41649068940062,103.74646259843149,124.35225848636443,98.01245182639362,110.04550938805396,120.93815916230034
3190,82.99046177211505,99.549777235702,91.70475255181192,121.9141146693999,120.45417457387853,103.77900464352334,124.3915038108987,98.04485588826722,110.08006244595396,120.97437438505983
3191,83.01603622277709,99.57978892238734,91.73268927090014,121.94736509194742,120.49185980328414,103.81154976496958,124.43074876758163,98.07729455282185,110.11462421132914,121.01058464035957
3192,83.0416003172132,99.60979666503265,91.76059608842526,121.98060981532853,120.52956348103396,103.84407915013557,124.4699882883628,98.10976593754405,110.14918534421444,121.04679116198156
3193,83.06717085700599,99.63980504307234,91.78848238327285,122.01384392927868,120.56727172706273,103.87660565653685,124.50922131365294,98.14225930070037,110.1837386008007,121.08300083052225
3194,83.0927356248835,99.66981153596302,91.81636871805938,122.04707389854114,120.6049797172752,103.9091473258522,124.54845288156471,98.17475757092924,110.21829212957905,121.11921139011218
3195,83.11830662297372,99.69981655514519,91.84426280595873,122.08030411073366,120.64269183951234,103.94170059160021,124.58767788844627,98.20725087126044,110.25285952519147,121.15542167018411
3196,83.14384951289875,99.72982853601349,91.87217539700535,122.11353275828708,120.68040722191411,103.97428387409873,124.62690689279773,98.23974058718966,110.2874322568434,121.1916301475925
3197,83.16938425993362,99.75984835395049,91.90009593141885,122.14676292863476,120.71813383862602,104.00687999619875,124.66615091354466,98.27221389984749,110.32200537195314,121.22783899459341
3198,83.19492516144302,99.78986988940403,91.9280012149972,122.17998251662308,120.7558631786379,104.03947699865621,124.70539552858858,98.3046873451048,110.35658043421105,121.26404723384596
3199,83.22044359129748,99.81988462327001,91.95591438363894,122.21317902591802,120.79359964358703,104.07203811431187,124.74463415363837,98.33717641050528,110.39116306317389,121.30025997211521
3200,83.24596545794286,99.84990120617108,91.98383213570983,122.24635080632802,120.83134645567263,104.10456628779626,124.78388722635643,98.36968045264581,110.42574718464074,121.33647749334523
3201,83.27150859936368,99.87990195599565,92.01174817043088,122.27953129295973,120.8690929519829,104.13708255394866,124.82314257778785,98.40216702584658,110.46032172828035,121.37269922065911
3202,83.29706887632352,99.90990547116951,92.03965378547848,122.31272634975565,120.9068260649743,104.1696000700672,124.86239443426281,98.43462777428019,110.4948558253571,121.40892090423843
3203,83.32264362815965,99.93989139858604,92.06755046512325,122.34592512260096,120.94455973147481,104.2021048151414,124.90164671074619,98.46708578563607,110.52937860168024,121.44513351239998
3204,83.34822410200422,99.96987907836358,92.09546023667876,122.3791172680841,120.98228088929818,104.23459036975511,124.94091166629876,98.49955107914172,110.56391355922868,121.4813479274439
3205,83.37380109293096,99.99985133887184,92.123376758771,122.41229658273026,121.02001530248664,104.26707554854119,124.98019369608004,98.53203603970998,110.59845360618345,121.51756521818427
3206,83.39936648790943,100.02982065109904,92.15127195164763,122.44547452938647,121.05775492067632,104.29956577422062,125.01948904094809,98.56454567616211,110.63300819050373,121.55378319420727
3207,83.4249337690117,100.0597778941491,92.17917052373785,122.47866365289279,121.09548711085431,104.3320713824806,125.05880345866728,98.59707976866896,110.66756644062295,121.5900000929444
3208,83.4504946332058,100.08973568261388,92.20707635821867,122.51185534131952,121.1332185846707,104.36458154205904,125.09812765640719,98.62963816387492,110.70210739452838,121.62621375788551
3209,83.47606937687846,100.1196875586261,92.23498552489632,122.54502793668374,121.17095207673825,104.39707053963227,125.13745122366497,98.66220253391833,110.73663167805442,121.66241760687255
3210,83.50165914550887,100.14964538406223,92.26290833904187,122.5781991270662,121.20868092339464,104.42954080213023,125.17676529572645,98.69472639908763,110.77115166583658,121.69862369255746
3211,83.5272682575658,100.17960769516826,92.29084340414624,122.61136583706052,121.24640294981546,104.4620163841926,125.21607688270777,98.72725143308934,110.80568212179966,121.73483039882008
3212,83.55288404361524,100.2095670234315,92.31878173069339,122.64450801068455,121.28411523568538,104.49448127536787,125.25536583831797,98.75975032597054,110.84021413350095,121.77104200680192
3213,83.57850140739167,100.23952855232517,92.34672258662846,122.67765127988332,121.32182903998334,104.52696949283066,125.29465105390533,98.79224985375255,110.87475569723213,121.80725470379451
3214,83.60411211660123,100.26948388514322,92.37464634769978,122.7108102754277,121.35954147320653,104.55947588204282,125.33394073339329,98.82476450318187,110.90930413912525,121.84345600863524
3215,83.62973757240556,100.29944268103874,92.40257803083942,122.74397319399517,121.39724009204589,104.59198569187535,125.37323146932609,98.85728947065968,110.94385345945345,121.87965460123945
3216,83.6553791400673,100.3294083270276,92.43051764041256,122.77712361307651,121.43492909974205,104.62449284864459,125.41253004763082,98.88977423799142,110.97840308954456,121.91585241959034
3217,83.68103651159836,100.3593787036061,92.45846032615532,122.81027314588204,121.47260403931799,104.6570007804244,125.45183446055647,98.92225745553272,111.01295238512061,121.95204533873334
3218,83.70671635514995,100.38935810504734,92.48638814726867,122.84342264571491,121.51026545191444,104.68949044633646,125.49113913252036,98.95474452416718,111.04749368623986,121.9882384368219
3219,83.73240891278175,100.41934070748435,92.51432707492724,122.87656909075388,121.54793053621356,104.72199553820172,125.53043856369833,98.9872299025602,111.08202525630085,122.02443921901569
3220,83.75811716351002,100.44931900415769,92.54227374259939,122.90969343201584,121.58561341143725,104.75451586038294,125.5697419832501,99.01968461880234,111.11654203966265,122.06064375792596
3221,83.78383253288996,100.47929775291058,92.57019361256312,122.94283859300012,121.62331076307437,104.78703962503766,125.60904709213133,99.0521458507113,111.1510365949777,122.0968483639443
3222,83.80955687722957,100.50927915418104,92.59810819601611,122.9759912583529,121.66101207851567,104.81957337220443,125.64836887066345,99.08461343951531,111.18553725358095,122.13305090753978
3223,83.83528907972806,100.53926734167388,92.6260240210703,123.00914429348944,121.6987129259019,104.85211050965287,125.68769390908031,99.1170430047741,111.22004514712846,122.16924917641583
3224,83.86101021230276,100.56925866933764,92.65393817418128,123.04230870930085,121.73640421795443,104.8846219971555,125.72700134884494,99.14948674768802,111.25455437317487,122.20544126332412
3225,83.88674321660812,100.59923471456764,92.68185539020728,123.07549222432326,121.77406663385736,104.91712316867415,125.76629678056098,99.18193455538277,111.28906614717594,122.24162956718295
3226,83.91244382381804,100.62920134065655,92.70978553423598,123.10869375952396,121.8116934646895,104.94962545029138,125.80559231300151,99.21437184516095,111.32358200105998,122.27781531919678
3227,83.93814551519665,100.65915602846364,92.73772300762653,123.14190737341349,121.84932042516398,104.98211930147679,125.84488107930052,99.24681624385089,111.35809930864619,122.31399907496714
3228,83.96384342402057,100.68909783131544,92.76567210420124,123.17512309181572,121.88696534259549,105.01461641608826,125.88418074027938,99.27922746827524,111.39261668004407,122.35018163028519
3229,83.98951982512835,100.71904083495608,92.79362690171932,123.20831581884885,121.92461486112775,105.04712081342652,125.92348316178816,99.31164530019558,111.42713514839669,122.38636767612445
3230,84.01520065004166,100.74898071405237,92.82156999314864,123.24150908394525,121.96226222839995,105.07962696092514,125.96279030163403,99.34408595449658,111.46165366658605,122.4225548975419
3231,84.0408986955267,100.77891075241466,92.84951664726222,123.27470370451098,121.99989611184034,105.11213292763712,126.00209862634733,99.37653891834374,111.49613067393112,122.458748833013
3232,84.06660669264349,100.80883884688312,92.8774664935232,123.30790584032962,122.03751874671612,105.14461875804749,126.04141234638327,99.40899885755246,111.53061165650095,122.49494467549006
3233,84.0923223032867,100.83875160084075,92.90540143469146,123.34111002956082,122.07516171020025,105.1771103132476,126.08072543792319,99.44146504293502,111.56510115278935,122.53113959250656
3234,84.11804384395607,100.86865292690179,92.93332003028593,123.37429681105174,122.11281089957558,105.20961560298635,126.12002092840682,99.47393270476427,111.59961971230808,122.56733387545819
3235,84.14378316711235,100.89855546097745,92.96124821847906,123.40747812557704,122.15045822476759,105.24212386175375,126.15931341932333,99.50640676204328,111.63414860501405,122.60352584638187
3236,84.16954415971125,100.92845085795835,92.98919349302183,123.44066531299501,122.18808665930479,105.27459919662334,126.19859766575308,99.53891243245441,111.66867802133747,122.63972753116057
3237,84.19531279338133,100.9583498926461,93.01714057533039,123.47385967666112,122.22570643966506,105.30705994603241,126.23786115765675,99.57143303047452,111.70320627936769,122.6759368765454
3238,84.22756450270211,100.9920577035987,93.05017340960543,123.50866512522984,122.26317272765986,105.34162715008735,126.27678132949167,99.60601996140281,111.7384370632003,122.71210394833166
3239,84.34506577617239,101.11017053975435,93.16800275555651,123.62723896918426,122.38232911909026,105.46010093134598,126.39614126465968,99.72450202794825,111.85718954796555,122.83107844949285
3240,84.3483440506061,101.11634999754831,93.17260461990858,123.63610320589665,122.39468669301984,105.46857131191194,126.40957195113045,99.73318799616078,111.86753816684373,122.8420715054049
3241,84.37221302682917,101.14396425379897,93.19818008966739,123.66707249381595,122.42993215574454,105.49908481871553,126.4461138172163,99.76395720579141,111.90034666821161,122.87566491902345
3242,84.39813544186771,101.1737318126193,93.22584763207662,123.70024441393684,122.46746370902368,105.5318203653136,126.48496827679445,99.79695309101999,111.935408605237,122.91151720463107
3243,84.42424743049054,101.20372582349216,93.2537154004841,123.73364509985274,122.5052138954555,105.56478587584441,126.52406548740748,99.83015057437451,111.97068147650974,122.94759418791244
3244,84.45038432521726,101.2337427563284,93.28160101730354,123.7670659891558,122.54298340285266,105.59777020092909,126.56319122477788,99.86336096932378,112.00598167905207,122.98369328724465
3245,84.47653651610946,101.26376072678683,93.3094890329131,123.80048965017704,122.580753577264,105.63074963592912,126.60231731181717,99.89657254060965,112.04128827256149,123.01979493952688
3246,84.50270719814863,101.29377893647435,93.33737261777271,123.83392065149255,122.61852838295701,105.66372468688188,126.64142813124347,99.92977428227721,112.07660128765583,123.05589684460647
3247,84.52888607837725,101.32380884377166,93.36524621761902,123.86735948744834,122.6563138235787,105.69668075703248,126.68052738228464,99.96298563482512,112.11192206970398,123.0919979702454
3248,84.5550644564455,101.35385011762716,93.39312088268237,123.90080001576793,122.69411467689943,105.72961208150502,126.71963189610099,99.99620176646214,112.14725843358529,123.12809578291555
3249,84.58125125735579,101.38389484220063,93.42100490727455,123.93423057041473,122.73191888481865,105.76254381664681,126.7587420365801,100.02940556396608,112.1826047766345,123.16419902300626
3250,84.6074395927159,101.4139251069119,93.44889203634413,123.96766459501237,122.76971899880482,105.79545555893365,126.79785075194056,100.06258741449697,112.21795374293727,123.20030329653851
3251,84.63364816024689,101.44394743631896,93.47677635226731,124.0011082749335,122.80751862852406,105.82834670503848,126.83694098997984,100.0957945354416,112.25330691384795,123.23640524867581
3252,84.65988741325576,101.47395868190671,93.50466248947335,124.03455398575608,122.84531815059454,105.86120101420887,126.87603303391649,100.12901926816103,112.28866067260977,123.27250794650476
3253,84.68614267810912,101.50396386791303,93.53254399099295,124.0679901527755,122.8831155970961,105.89406322163197,126.9151264180736,100.16224738970173,112.32401742824354,123.30860922690643
3254,84.71235061270852,101.53397076979978,93.56042251050913,124.10142437938636,122.92092254651396,105.92693774407903,126.95421478520889,100.19545862563228,112.35937733783564,123.34471407555654
3255,84.73856181584273,101.56398400571118,93.58829312559052,124.13484928579472,122.95873120013162,105.95981747007437,126.99330830337988,100.22863911495467,112.39474130556576,123.38082285997685
3256,84.76475455866148,101.59400562172549,93.61616141329428,124.16826167906687,122.99653673901433,105.99271081756831,127.03240568428946,100.26180559864893,112.43010663359522,123.41693764160765
3257,84.79093990925324,101.62403154802523,93.64401048498057,124.20167125629375,123.03433181967405,106.02561482007474,127.07150350999424,100.29497255228554,112.465433558226,123.45305664745108
3258,84.81712912787782,101.65407257185643,93.67184764506436,124.23508278324802,123.07210180099993,106.05852087398885,127.11060122353638,100.32813963188379,112.50075560447735,123.4891779736866
3259,84.84334522166681,101.68411906780617,93.69967241910237,124.26849543756681,123.10984927836799,106.09142970173725,127.14969864479131,100.36131645614799,112.53608422184703,123.52530403336651
3260,84.86957806426318,101.71416621666285,93.72748471017857,124.30190812746307,123.14759234952493,106.12435134937657,127.1887909220232,100.39449454618259,112.5714155425844,123.56143282907487
3261,84.89582455331228,101.74421861785322,93.75529967557378,124.33531722348256,123.18534519689203,106.15727886875507,127.22787440387367,100.42766647270773,112.6067215093547,123.59756165424795
3262,84.92208201129075,101.77427295308166,93.78311729772095,124.36871478145483,123.22310596093104,106.19020696565049,127.26693475988128,100.46085177965047,112.64201208525117,123.6336873360792
3263,84.94835175628624,101.80432255961803,93.8109111248851,124.40211604296219,123.26086727666622,106.2231437901072,127.30599185365125,100.49404284640444,112.67729713311957,123.6698129889644
3264,84.97462945794405,101.83437316884392,93.8386931444499,124.43551959922982,123.29861953614301,106.25608835714908,127.34505275642617,100.52721545852951,112.71257960911805,123.70593258583793
3265,85.00090944792801,101.86441608844709,93.86647172143539,124.46894713775326,123.33638151505036,106.2890504987335,127.38412199549423,100.56038693409612,112.74788150934288,123.74204662961279
3266,85.02719102462288,101.8944745351383,93.89425903067732,124.5024086048818,123.37414794632458,106.32203475995516,127.42319144781267,100.59354908122414,112.7831890196482,123.7781627650865
3267,85.05347626927684,101.92454146613524,93.92205939152369,124.53587898812482,123.41191349892476,106.3550459203293,127.46225220760348,100.62670066391043,112.81852106575776,123.81428455963888
3268,85.07975588209285,101.95461072219308,93.94986555232452,124.56935187876732,123.44966580725136,106.38806892746962,127.50131558939293,100.65977757114555,112.85385968059096,123.85040711776544
3269,85.10602591182717,101.98467011099468,93.97765981903298,124.6028254628942,123.48739259634672,106.42110574656921,127.54039216722836,100.6928573082349,112.88919837287797,123.88652969271138
3270,85.1322882721499,102.01473426633842,94.0054527742488,124.63630441509599,123.52511940012542,106.45415803478453,127.57948715472742,100.72596208564723,112.92454900948235,123.92265560077584
3271,85.15854699257595,102.04478818001502,94.03323829252639,124.6697931885251,123.5628418070284,106.48723461062423,127.61858521872631,100.75910407133715,112.95989936597665,123.95878200023978
3272,85.1848379741752,102.07482918252849,94.06102752467606,124.70328393494624,123.60055405796001,106.52031785164567,127.65769067809664,100.79225564938932,112.99521367769931,123.99491224591786
3273,85.211147179384,102.1048607618206,94.0888175220187,124.73676566009888,123.63823820379014,106.55338733505201,127.6967987018536,100.82540096871111,113.0305206490792,124.03104675202418
3274,85.23743661095708,102.13488951454804,94.11661565642449,124.7702486463251,123.67591753546617,106.58645036178315,127.7359088634076,100.85856492740496,113.06583451727164,124.0671896431768
3275,85.26369935855998,102.16492361432066,94.14441686003788,124.80374741693555,123.71360838940939,106.61953659953078,127.77501989630612,100.89173173148366,113.10115249094936,124.10333472543095
3276,85.28996285024392,102.19496524476152,94.17221858247584,124.83724978580157,123.75131628721716,106.65263423818548,127.81411495414395,100.92489361510924,113.13647047223029,124.13948300607927
3277,85.31622677369243,102.22500609851778,94.20002287113586,124.87074018764707,123.78902934751235,106.68574872769743,127.85318703642736,100.95803214517929,113.17179207659173,124.17563310894987
3278,85.34247577411188,102.25505412749176,94.22782655330576,124.90421627889229,123.82674232821051,106.71888232960272,127.8922536154399,100.9911571137768,113.2071228448843,124.21178438673256
3279,85.368735799916,102.28510446728838,94.25562871392972,124.93766802044682,123.86445715365973,106.75201995791703,127.93132088953068,101.02428873703205,113.24245507472524,124.2479350723308
3280,85.39500367055467,102.3151478577768,94.28341744946611,124.97111190849542,123.90217324079522,106.78516647414534,127.9703871063993,101.05741317955656,113.27778645379497,124.28407826805581
3281,85.4212478410012,102.34519211104099,94.31118851534467,125.0045450243905,123.93989204198068,106.81831937610959,128.009457871956,101.09053773311369,113.31312640609958,124.3202283667477
3282,85.44748356751408,102.3752462257543,94.33896277153922,125.03797710192767,123.97761978864555,106.85147210255471,128.0485316364658,101.12364648359879,113.34847017641344,124.35638491618012
3283,85.4736886019301,102.40530306342083,94.36673211340008,125.07140584907215,124.0153483820999,106.88459114187977,128.08760282018358,101.15677260335714,113.38382995170741,124.3925465522925
3284,85.49989292391915,102.43535027778286,94.39446779344519,125.10484120125518,124.0530662465249,106.91771884044941,128.12665783467614,101.18991779208608,113.41922108296698,124.42871419694028
3285,85.52610649377277,102.4653939149876,94.42219643650562,125.13828000030115,124.09078604833996,106.95085175564714,128.16572260983654,101.22307538134703,113.45462932405634,124.46488255301918
3286,85.55232715947776,102.49544027034744,94.4499164236267,125.17171098771132,124.1285058914089,106.98397923605515,128.20479432482884,101.2562630339391,113.49004005962286,124.50104210069259
3287,85.57852612389864,102.52549511700144,94.47762997106364,125.20514129828905,124.1662161962392,107.01711097006888,128.2438666886514,101.28947157824724,113.52544170994744,124.53720701137327
3288,85.60472647969401,102.555560004195,94.50533895396354,125.23856850856492,124.2039066596292,107.05024802078425,128.2829352524785,101.32271693809341,113.56086421448781,124.57337947699565
3289,85.63094054832557,102.58563502108021,94.53304758899246,125.2719881469218,124.24159540726436,107.08338641956266,128.3219915819978,101.3559731087154,113.59629224684905,124.6095541626554
3290,85.65716777025771,102.61571558000715,94.56074807691826,125.3054166539992,124.27926966498487,107.11652070511074,128.36103910275727,101.38923912677424,113.63170668131545,124.64573336166893
3291,85.6833989938133,102.64580887082974,94.5884570201403,125.33885871461578,124.31695298612102,107.1496538163853,128.4001035386474,101.42251131116419,113.66712352008757,124.68191342844754
3292,85.70961916856533,102.67590693158252,94.61614707714256,125.37230345332944,124.35465944202414,107.18278764267113,128.43917003864723,101.4557688131801,113.70254718819628,124.71808817499141
3293,85.73583395983766,102.70601205952597,94.64383674291417,125.40574690007776,124.39238332571986,107.21591833454151,128.47821725524952,101.48903325264344,113.73799085166259,124.75426078342565
3294,85.76205273001499,102.73612847687347,94.67152879786016,125.43918618003609,124.4301103691571,107.24905726836226,128.5172442818985,101.52229841442303,113.77343942834739,124.7904394079413
3295,85.78828068659425,102.76625792068114,94.69920196513871,125.47263149873623,124.46783529372256,107.28219859794812,128.55626130974647,101.55557123449447,113.80888214609845,124.82661906297582
3296,85.81450437420281,102.79639147615212,94.72686027654909,125.50607959373825,124.50555526301137,107.31532849590462,128.5952542699369,101.588834353581,113.84432730356936,124.86279044482178
3297,85.84069183141239,102.82652470725166,94.75451310292716,125.53953438422214,124.54327498639357,107.34846922435437,128.63424090177574,101.62206810703118,113.87976711855038,124.89896448471065
3298,85.86688398889146,102.85665322681635,94.78217799499458,125.57299099129781,124.58097610069227,107.38161293472382,128.67324924790938,101.65528367848958,113.91518280458965,124.93513939066086
3299,85.89309189174729,102.8867866008843,94.80985599009409,125.60643231092578,124.61867502953943,107.41475688876218,128.71226128710362,101.6885089510879,113.95056837101627,124.97130954758958
3300,85.91930665137075,102.91692514530881,94.83755231163222,125.6398651840761,124.65636943235462,107.44789875744215,128.75125895920087,101.72174203050817,113.98594790896324,125.0074752945575
3301,85.9455457393995,102.94706694637418,94.86525664983138,125.67329780353742,124.6940638173571,107.48105117251012,128.7902475716985,101.75498341013036,114.02132730603776,125.04364165959099
3302,85.97179667840432,102.9772143888869,94.89294658388468,125.70672214388982,124.73176603883014,107.51420602935532,128.82923156640808,101.78822135763322,114.05670916354104,125.07980965905026
3303,85.99803966775596,103.00736772602939,94.9206342494582,125.74014672119459,124.76946994804568,107.54735003300678,128.8682321281271,101.82142471379454,114.09208290474547,125.11597981640185
3304,86.02428637822261,103.03752292837214,94.94830810890664,125.77357750166803,124.8071726261192,107.58051073744538,128.90724314015318,101.8546339442321,114.12745760420812,125.15215142700558
3305,86.05051585997575,103.067671503585,94.97597998330252,125.80701868544436,124.84488271380025,107.61369983589121,128.94625557851936,101.88785010730585,114.16279742986737,125.18832370301446
3306,86.07672639633942,103.09780759160772,95.00364291909347,125.8404674018091,124.88259734317023,107.64691382080935,128.98527500875727,101.92107859307981,114.19810609481655,125.22450161932218
3307,86.10293366190443,103.1279459243413,95.03130350677365,125.87391747410624,124.92030719717295,107.68013309585136,129.0243056212917,101.9543193224259,114.23339087481259,125.26068213367373
3308,86.12917129539782,103.1580883963348,95.05895916819591,125.90737366205899,124.95801537530966,107.71334055223028,129.06333825730084,101.9875899736641,114.26867702043707,125.29686273916818
3309,86.15543391800708,103.1882329194282,95.08661919195538,125.94083423513288,124.99570627750792,107.74656424879902,129.10237978080423,102.0208905409345,114.30396863991307,125.3330452378738
3310,86.18170537273282,103.21836326009644,95.11428877206428,125.97430772692374,125.03338494209602,107.77979228424547,129.14142965741593,102.05421332310155,114.33926303383677,125.36923190265212
3311,86.20795504860874,103.24848646907742,95.14196196733715,126.00778862519736,125.07104731664928,107.81300575133598,129.18048617085807,102.08757142005052,114.37453419656258,125.405420791625
3312,86.23419881443611,103.27861937229957,95.16964035325559,126.041272902385,125.10869699117269,107.84620709163619,129.21954217774498,102.12093907382945,114.40980851171933,125.44161124382252
3313,86.26042973948094,103.30875634877134,95.19732341332298,126.07475787001505,125.14634008797005,107.879422349003,129.258584988367,102.15429281472906,114.44507174525558,125.47780123307
3314,86.28666623774501,103.33888273930467,95.22499519422387,126.10823426675417,125.18399716345839,107.91264000186617,129.29762466365108,102.18764910686036,114.48031830733953,125.51398266575623
3315,86.31291510128541,103.36901072361401,95.25266474745392,126.14170621097846,125.22165713295476,107.94584273464737,129.33666374576774,102.22100213161926,114.51558430000514,125.55016393818472
3316,86.33917975965497,103.3991414204441,95.28034649747784,126.17515556437192,125.25933258637751,107.97904592030962,129.37569694775087,102.25435650839435,114.55086275475946,125.58634228592699
3317,86.36545913183622,103.42927329635731,95.30803339991458,126.20859911303565,125.29701082602797,108.01222336161231,129.41472648026965,102.28769115721235,114.58614294601792,125.62252048197388
3318,86.3917447883686,103.45939775076829,95.33571646851634,126.2420403520355,125.33466904875011,108.04537731969178,129.45377362883647,102.32101859826817,114.6214433474072,125.65869290178638
3319,86.42417885948596,103.49318275624809,95.36865446717634,126.27692486717386,125.37216604630666,108.08016751689523,129.49252986358792,102.3558659124467,114.65692138531736,125.6948180966158
3320,86.54175672491081,103.61132801410517,95.4864439821691,126.39553191908753,125.4913267370757,108.19873495527624,129.61186684756422,102.47445733995724,114.77577771679519,125.81378673500303
3321,86.54486428601841,103.61744794207482,95.49083255516622,126.40440829273129,125.50347969264622,108.20711224310362,129.624758443956,102.48364205853507,114.78646597494021,125.82524300686458
3322,86.56849941389069,103.64499479520651,95.51614695058858,126.43540028271018,125.5384663190936,108.23747309956738,129.66063539072624,102.51497083966025,114.81967000497235,125.8593927956993
3323,86.59420412094947,103.67467998251344,95.54356847326432,126.46858774097261,125.57573572882154,108.27001459721879,129.69881558870804,102.54849944936868,114.85513636176697,125.89581560460898
3324,86.62010450728935,103.7045813279219,95.57120358398129,126.50197988959621,125.61325285433409,108.30277372065297,129.7372250753941,102.58223483688342,114.89086846383368,125.9324601753254
3325,86.64601471515485,103.73451283001437,95.5988583961583,126.53539194248711,125.65079339036451,108.33555077697514,129.7756568487456,102.61599224050755,114.92662666243962,125.96913081467252
3326,86.67192379723271,103.76444915366233,95.62651510965456,126.56880602987904,125.6883337374931,108.36832318308882,129.8140886385615,102.64975216870194,114.96235882806221,126.00580831960697
3327,86.69783301548406,103.7943861013972,95.65416623979338,126.60222823055406,125.72586827700688,108.4011126465985,129.85250823762152,102.68349362288895,114.99809498587173,126.04248508848346
3328,86.7237522715407,103.82431500609374,95.68181742596661,126.63565499765889,125.76338573401343,108.43391672165833,129.89092992926572,102.7172028571368,115.03383321279665,126.0791419766103
3329,86.7496846390656,103.85424024664057,95.70946178853522,126.66907364186541,125.80090472631198,108.46672387718635,129.9293515380704,102.7509094660056,115.0695645868706,126.11578140686281
3330,86.77562897387972,103.88416542392213,95.73709724258156,126.70250190875377,125.83844379353006,108.49953614141866,129.96776595919883,102.78458279634458,115.10529201502666,126.1524204637436
3331,86.80157939541405,103.91409363577418,95.76472530384865,126.73593287723807,125.87598655452992,108.53236117766463,130.00618131761016,102.81826506210496,115.14102349704365,126.18906725899096
3332,86.82755033294055,103.94402701421991,95.79235506165413,126.76934963699959,125.91352102114573,108.56519978897208,130.04459550325214,102.85196032684301,115.17677252966718,126.22571688698562
3333,86.85353072979417,103.97396211252516,95.81999597757658,126.80276994112218,125.95106174617389,108.59806449533444,130.08300452186032,102.8856474864836,115.21252841987013,126.2623661046064
3334,86.87950752331629,104.00390070450452,95.84763984091715,126.83619177281686,125.98860507478754,108.63093682271456,130.12141392064822,102.91934190247996,115.2482842802949,126.29901275135676
3335,86.90548627038909,104.03384066629003,95.87528074025717,126.86960357214379,126.0261515032722,108.66380194206585,130.1598178180662,102.95303782402993,115.28405543259841,126.33566122720588
3336,86.93145316590635,104.06379108074833,95.90291125007815,126.9030085067004,126.06370158934344,108.69667789832988,130.19821436503105,102.98671438121875,115.31984365550653,126.37231798587607
3337,86.95742463578179,104.09374586813472,95.93054512169427,126.93641450459015,126.10125862597118,108.7295795681127,130.23660907162832,103.02036443578714,115.35563317776445,126.40897701424804
3338,86.98340310678692,104.12370010239101,95.95818333103392,126.96981661572222,126.13881452817361,108.76249471304278,130.27501287643068,103.0539766022891,115.39140899384991,126.44563523496869
3339,87.00935782813742,104.15367007757894,95.98581020527513,127.00321984782023,126.17634459398433,108.79541231999876,130.31343076497572,103.08761670774005,115.42719384775823,126.48229097498425
3340,87.03531488072687,104.1836456369238,96.01343599454236,127.03663605106347,126.2138614442112,108.82832490411721,130.35185199980134,103.1212730250362,115.46298906754765,126.51894088102182
3341,87.0612643755532,104.21361823985139,96.04106938533943,127.07006337527908,126.25137719457528,108.86118617702084,130.39027357721602,103.15493179509662,115.49880038000914,126.55558164743836
3342,87.08722291828053,104.2435956845454,96.06870672957716,127.10349289801667,126.28889339915075,108.8940290453819,130.42870258534003,103.18858417917991,115.5346136253974,126.59221865763017
3343,87.11314907150572,104.27357598532552,96.09632552192069,127.13692106556587,126.32639556279781,108.92687740441345,130.4671331646657,103.2222657863551,115.5704262895756,126.62885484276632
3344,87.1390477183851,104.30356268875815,96.12392736859898,127.170342010142,126.36389123076663,108.95972757969881,130.5055592840375,103.25599069516963,115.60624645111623,126.66548635174664
3345,87.16495361655065,104.33355413287708,96.15152515752848,127.20376331619705,126.40140542411024,108.99257944415659,130.54398097465966,103.28975178535235,115.642056514474,126.70211739634941
3346,87.19086408883261,104.36355527911662,96.17911778167772,127.2371782102583,126.43893412086047,109.02544031550948,130.58240745068377,103.32352071735191,115.67786237869453,126.73873698771374
3347,87.21674065033784,104.39355981576156,96.20669468281511,127.27059847849435,126.47646466836747,109.05830489171164,130.6208487532205,103.35728264080987,115.7136690295119,126.77535952522298
3348,87.24258098955912,104.42356442954288,96.23426987397234,127.30402036906884,126.51398982985975,109.09115865153538,130.6592935203062,103.39105662623571,115.74945838116403,126.81198656082462
3349,87.26841790334821,104.45355695652097,96.2618459994475,127.33743080770991,126.55150705243206,109.12401357124453,130.69774102852904,103.42483719921866,115.78522367782723,126.848613650086
3350,87.29425964740217,104.48355107566711,96.28942837333038,127.37082782423404,126.58901812344584,109.15685175158761,130.73619679613913,103.45863116433274,115.82097930122232,126.88522899612443
3351,87.32011490243272,104.51354256990588,96.31701433470747,127.40421936084414,126.62651869570315,109.18970068326958,130.77466775355464,103.49244790299892,115.85675282054873,126.92184189355872
3352,87.34598011366322,104.5435380347593,96.34459009572295,127.4375921779762,126.66402295911968,109.22255352022948,130.81314742673706,103.52629120583455,115.89253131871212,126.95845470758734
3353,87.37184759329669,104.57353586114246,96.37216009930938,127.4709623539911,126.70152730808528,109.2553754454003,130.85162871008595,103.560140803013,115.92830890582808,126.99506092534811
3354,87.39772497564981,104.60351685875393,96.39973337403323,127.50431766851847,126.7390335699789,109.2881972589608,130.89012232151018,103.59396953490999,115.964087582624,127.03166258630537
3355,87.42363155346573,104.63349619026681,96.4273077629687,127.53766906272091,126.77655253627064,109.32104206788308,130.92862289520812,103.62779821962356,115.99986774643486,127.06826066901004
3356,87.44955141389025,104.66347778682452,96.45487595428652,127.57101090350486,126.8140739157625,109.35390830838621,130.96712372497518,103.661632170882,116.03564602746577,127.10484876371497
3357,87.47547303433679,104.69343996782368,96.4824349890364,127.6043389670244,126.85159000292357,109.38679453406023,131.00562583218363,103.69548119370614,116.07139147124482,127.1414296621603
3358,87.50140071381449,104.72339069363318,96.50999572803511,127.63765825344952,126.88910448580074,109.41969396113915,131.04412778779795,103.7293446094884,116.10709982403299,127.17799363430126
3359,87.52733476327549,104.75333332855311,96.53755482935516,127.6709683060791,126.92662099175648,109.45260364524732,131.08261510135654,103.76321125625972,116.14282361929573,127.21454178106391
3360,87.55326434794206,104.78327453162561,96.56511511793208,127.70426603424639,126.9641335185943,109.48553312237,131.12109641433594,103.79707336579013,116.17856506153997,127.25108396805531
3361,87.57916412330565,104.81321769467374,96.59267643307899,127.73756573134516,127.00165825651055,109.51847081035899,131.1595669810187,103.83092373973592,116.21430797727456,127.28762566597693
3362,87.60506001165943,104.8431499041798,96.6202503577208,127.77085572648761,127.0391889481064,109.55140908742143,131.1980373554635,103.86477403273553,116.25002690270335,127.32417097551412
3363,87.6309582302312,104.87308354362581,96.64782934562865,127.80414207977758,127.0767199321588,109.58433388505782,131.2365076402345,103.89862233626647,116.28574795274835,127.360717369108
3364,87.6568602669038,104.90302173863068,96.67541146005932,127.83741626647135,127.11424917294771,109.61722187293178,131.27497166393096,103.93247127208771,116.32145573289341,127.39726359857345
3365,87.68274223019718,104.93296185430377,96.70299949074303,127.87066796327815,127.15176543743686,109.65009795818705,131.31344542727206,103.9663104069652,116.35716331970113,127.43381739180268
3366,87.70861196333394,104.96290564056463,96.73059834474196,127.90391747640899,127.18927297667615,109.68297431669058,131.35192750169938,104.00014937023337,116.39285921920577,127.47037440763653
3367,87.73447587752923,104.99286051803912,96.75820249171237,127.9371544606468,127.22675359638187,109.71585130607554,131.39041019042298,104.03397466771172,116.4285360412458,127.50693737240718
3368,87.76034431951348,105.0228208906398,96.78579339014337,127.97037671788239,127.2642047787182,109.74872890708765,131.42888733006808,104.0677910570656,116.4642262361419,127.54350159521984
3369,87.78621787359477,105.0527919549552,96.81336701534795,128.0036072149481,127.30164147943532,109.78157471952849,131.4673584272417,104.10161019044862,116.49991693579207,127.58006022952814
3370,87.81210150259038,105.08277887945972,96.8409317092087,128.0368407215071,127.33906446065161,109.81442173240494,131.50583713757604,104.1354408348953,116.5355798863502,127.61661824313006
3371,87.83798880234336,105.11277053591459,96.8684971105058,128.07006930782893,127.37648726132186,109.84727171781515,131.54431905047053,104.16928105834342,116.57120562562137,127.65318420994765
3372,87.86387846528483,105.14275978441604,96.89606376927341,128.10330683757,127.41391129759315,109.88012286195841,131.58280096535032,104.20314511642954,116.60683480222941,127.68975216722409
3373,87.88973035670891,105.17274871274925,96.92362347148796,128.13654835838014,127.45133490780721,109.91297596016187,131.62128108042458,104.23701963218743,116.64246448099826,127.72632341305822
3374,87.91559038826135,105.2027392849973,96.95117005279559,128.16978946415784,127.48875958340476,109.94581662952025,131.65975618055361,104.27089295341753,116.67810820290191,127.76289702295115
3375,87.94145586742805,105.23272437529563,96.97871866632558,128.20302922959223,127.52618073023726,109.97865146145932,131.69822955075054,104.30470270610702,116.71377591195113,127.79947062003112
3376,87.96730793162266,105.26269461030707,97.00626383843311,128.23626102741613,127.56360089124118,110.01146249726267,131.73669496850425,104.33848854837036,116.74944882370079,127.83604014093821
3377,87.99315892694618,105.29266777960594,97.03381152148218,128.2694954736682,127.60100183499469,110.04426251922214,131.7751617518641,104.37228943827739,116.78511647715085,127.87260661860067
3378,88.01901844941986,105.32264345945144,97.06136995169746,128.3027404534262,127.63840211117301,110.07706458829824,131.81362780083836,104.40609337013295,116.8207866526066,127.90917335883555
3379,88.04488719730415,105.3526201248745,97.08893458619475,128.33598967265448,127.67579442562344,110.10988408735867,131.85208957481305,104.43986412286567,116.85647115884034,127.9457376990793
3380,88.07075836708215,105.38258866579044,97.11647977853815,128.36923589929663,127.71317684418267,110.14270878351077,131.8905470015111,104.4736053941778,116.89215959235256,127.98230530786856
3381,88.09663336132145,105.41255884452796,97.14402209081776,128.40248302390145,127.75055333756258,110.17551727824933,131.92901368800193,104.50735847245846,116.9278469456326,128.01887527859537
3382,88.12249039617866,105.44253298631774,97.17156381446601,128.43574037139996,127.78793579208724,110.20832023341329,131.9674817412589,104.54111496193906,116.96354396778649,128.05544634672108
3383,88.14833480469885,105.47250784920821,97.19910198965468,128.46901149266986,127.8253223250394,110.24111307460646,132.00594543192793,104.57486918700889,116.99924291877036,128.09201736511886
3384,88.17415723392136,105.5024815068844,97.22664765819103,128.5022866173374,127.86271709000478,110.27390841852538,132.04440926631455,104.60856078097035,117.03493801096606,128.1285860429704
3385,88.1999892251052,105.5324501200935,97.25419835426192,128.53557757629386,127.90011374627132,110.30668521984035,132.08286961518118,104.64224176520841,117.07063457635996,128.16515861487403
3386,88.2258265460859,105.56241501226285,97.28173654558992,128.56887357751074,127.93750714052146,110.33947468133304,132.12132441099038,104.67593251692536,117.10632231108106,128.2017350024203
3387,88.25167904684793,105.59238162724118,97.30925372915947,128.6021692307583,127.97489623754586,110.372267342348,132.15978393438903,104.70964760395171,117.14201134048027,128.23831198290745
3388,88.27755832748153,105.62234924379054,97.3367736814142,128.63547725838788,128.01228726014398,110.40502659065724,132.19824680953556,104.74336938383263,117.17770026053357,128.27488600691555
3389,88.3034489210857,105.65231141481843,97.364272740732,128.6687881361592,128.04967653367495,110.43778890638247,132.23670720884388,104.77709163037846,117.21338341750504,128.31145693477959
3390,88.32936364616322,105.68226429036895,97.39176765485794,128.70208874942432,128.08707507683653,110.47055167280475,132.27514541984374,104.8108212447345,117.24906698261326,128.34803289764082
3391,88.35529469281947,105.71221756474323,97.4192665798669,128.7353825858795,128.12447582868884,110.50329429068694,132.31358272729253,104.84452977919639,117.28475169764472,128.38461007778474
3392,88.38118203419945,105.74217150407144,97.44677414071161,128.7686782301906,128.16186745278463,110.53605157519674,132.3520243534308,104.87823940987685,117.32043069400856,128.42118737200371
3393,88.40706269918076,105.77212583076322,97.47428306571345,128.80197173176055,128.1992552139412,110.56883603164921,132.39046988695006,104.91191624024853,117.35609855028525,128.4577641767929
3394,88.43294315863713,105.80207560571971,97.50179484321863,128.83526634206507,128.23663634081169,110.60163195299322,132.42891575333124,104.94554018225593,117.3917402771078,128.49433510601122
3395,88.45882729509351,105.83201059674508,97.52930910207525,128.8685486363506,128.27400752504047,110.63444329602595,132.4673610500792,104.97912406845688,117.42737069437139,128.5308996667733
3396,88.48469548154458,105.86194752883647,97.55681237217526,128.90182562424167,128.3113824685703,110.66726355663269,132.50580463726405,105.01270362835538,117.46300172719569,128.56746468616146
3397,88.5105716783735,105.89189753744716,97.58431046187332,128.93510434730686,128.348757309719,110.70009163263339,132.5442351010775,105.04628111433153,117.49863347808717,128.60402889068678
3398,88.53640627223128,105.92185605460365,97.61180282658185,128.9683812441083,128.38612611080777,110.73292186936443,132.58265988994495,105.07987071640022,117.534255345615,128.64058352061983
3399,88.56224218952201,105.95181862819416,97.63929738423148,129.00165497317164,128.4234924181651,110.76574931434374,132.62108545109575,105.11346369688896,117.56987679772136,128.67713399255553
3400,88.58808015881537,105.98178516572494,97.66678455948589,129.03491865358953,128.46087436689876,110.79857624307374,132.6595204266579,105.14704975077251,117.60552050317524,128.71368523664924
3401,88.62035683916842,106.01551992124696,97.69965537855462,129.06974366862264,128.49812456606716,110.83326300704658,132.6977247366902,105.18197331928432,117.64116603252617,128.7501675545107
3402,88.73786860047225,106.13364407412176,97.81741667811905,129.1883257304921,128.61725070506185,110.95178700347073,132.81698445120583,105.30059677361484,117.76006751774642,128.8691861901224
3403,88.74077631379663,106.14005155512588,97.82140529613523,129.19695460445215,128.628786285815,110.96035947567388,132.82983276769437,105.30962909899384,117.77073287702143,128.8806735962207
3404,88.76413603421965,106.16794517342379,97.8461833731142,129.2276435298648,128.66303855383546,110.99099303914738,132.86567402353128,105.34084479907321,117.80393718521988,128.9148694185012
3405,88.78952369537508,106.19798418183333,97.87303638097674,129.26054802905495,128.69957255766522,111.02383475394737,132.9038089769003,105.37433311086986,117.8394022601288,128.95134669599327
3406,88.81510311532828,106.22823874820898,97.90009404426377,129.29369022408267,128.7363512418477,111.05689359067661,132.94218396383724,105.40805598536434,117.87509807564332,128.98806369293723
3407,88.84069788724906,106.25852155663881,97.9271722201728,129.32685415761654,128.7731525877104,111.08997304647376,132.9805799583055,105.44180905544565,117.9108122551724,129.0248124012533
3408,88.86628975581925,106.28880856843072,97.95425451710702,129.36001412836583,128.80995826673032,111.12305660031771,133.01897558561237,105.47558686994283,117.94652633888495,129.06157762302632
3409,88.89186678760971,106.31909319728939,97.98133867756233,129.39317681112163,128.8467669250582,111.15614113503226,133.05737156541838,105.50943223232525,117.98223827577472,129.09834623800182
3410,88.91744587599064,106.34936895077557,98.00841487402248,129.42634042613392,128.88357579446807,111.18922556527238,133.0957671766185,105.54329754449492,118.01794105895092,129.13510973450795
3411,88.94302587321815,106.37964598524431,98.03548956935491,129.45949447314806,128.92038148865745,111.22231101795045,133.1341493542902,105.57718697721752,118.05363617597429,129.1718672820401
3412,88.96860266462046,106.40990855823148,98.06256378809225,129.49265630113752,128.9571946802696,111.25540723307348,133.17252212580362,105.61108455280316,118.08932792615305,129.20862165312764
3413,88.99418452736926,106.44015945881459,98.08963986277053,129.5258221815624,128.9940100169956,111.28850605178404,133.21090457755383,105.64496630219865,118.12500290049259,129.2453747236551
3414,89.01978610854775,106.47039241218529,98.11671490100484,129.55898234469242,129.03083462494064,111.32160209261058,133.2492982008112,105.67884133136742,118.16065623797539,129.2821263446417
3415,89.04539380706338,106.50062640508244,98.14378961812986,129.59213101591936,129.0676667504112,111.35469849569088,133.2876916721807,105.712693520356,118.19630623863473,129.31887012304807
3416,89.07100034108709,106.53086170074582,98.17085215123625,129.62527679095493,129.10450177204726,111.38779201744366,133.32606766544868,105.7465081289051,118.23197494639102,129.35561037849357
3417,89.09662159526448,106.56108703923985,98.19791593511094,129.6584292890561,129.14133714450884,111.42087097194477,133.36444279291538,105.78032449789345,118.26764850252785,129.39235458947365
3418,89.1222684660718,106.59131331340066,98.22498028369341,129.69158405974378,129.17817242049998,111.45395791287169,133.40280800182614,105.81413745501892,118.3033193981585,129.4291033809913
3419,89.14793668378951,106.62154332329852,98.25204226286044,129.72474228758549,129.21500761340434,111.48705436246635,133.4411700241885,105.84791592660365,118.33898173673612,129.46585262254766
3420,89.17361135324838,106.6517742385753,98.27910921697114,129.75790805692765,129.25185010603622,111.52015320361633,133.4795163128093,105.8816933336956,118.37464057245086,129.5026146743069
3421,89.19928356058436,106.6820028444687,98.30618547649314,129.79108617819108,129.28869572981378,111.5532493666959,133.51785944406222,105.91542855950712,118.41028840351835,129.5393894948136
3422,89.22495118204645,106.71223162751404,98.33327040206758,129.8242898161222,129.32553927949886,111.58632232261694,133.55620419633107,105.94916340792071,118.44591728553412,129.57616902283002
3423,89.25062397470427,106.74245928510494,98.3603580436959,129.85750079150108,129.36238861728665,111.61939420111341,133.59455360930326,105.98287577277799,118.48153625391743,129.61295238537113
3424,89.27628537086846,106.772676238124,98.38744643445486,129.89072473124187,129.39924003009935,111.65248898976974,133.63290424618333,106.01657080498467,118.51715360272135,129.64973610512965
3425,89.30192759784318,106.80289993511133,98.4145365671165,129.9239530403198,129.43608338664203,111.68558881714671,133.67124706476105,106.05030778842703,118.5527728864947,129.68651416131692
3426,89.32756971762556,106.83312817293715,98.44162758751659,129.95718089106882,129.4729231648118,111.71867368724376,133.70957110743683,106.0840939381775,118.58839228163266,129.72329418559457
3427,89.353217931583,106.86336003436466,98.46870652233868,129.99040141299437,129.50976194548977,111.75176735921946,133.74788313534495,106.11791476360875,118.62402025555262,129.7600737001825
3428,89.37886941816387,106.89359600888926,98.49578191272134,130.02362543238868,129.54658654484234,111.7848663269142,133.7862040037094,106.15174490253456,118.65967719284845,129.7968426096889
3429,89.40453305527785,106.92383589332468,98.52285540572072,130.05684877306112,129.5834107177552,111.81797222787915,133.82452654632607,106.18561205488845,118.69535692605935,129.83361514706513
3430,89.43020494767967,106.95407700883582,98.54994521500467,130.09008046201185,129.62023444237977,111.85109593271177,133.8628485516778,106.2195218972013,118.73104331928974,129.87038654558066
3431,89.45588121057436,106.9843163585239,98.57704486280846,130.12331457000852,129.65705394946647,111.88422427944818,133.90117043760839,106.25344049663802,118.76673358219495,129.90713906079256
3432,89.48154460735941,107.01456045655557,98.60414743085286,130.15653995242823,129.69387361922372,111.9173506294398,133.9394862833482,106.2873236573172,118.80242027599087,129.94388862030624
3433,89.50721630530515,107.04481622447472,98.6312422905195,130.18974853483863,129.73068915901558,111.95047963656772,133.977797228433,106.32120428167438,118.83804584061427,129.9806414242566
3434,89.5328905604978,107.07507658412568,98.65833867004173,130.22295776663074,129.76749940178794,111.98362910846058,134.01610791844666,106.35508670742341,118.87365069460515,130.01739515368968
3435,89.55856471470311,107.1053215362537,98.68543080011537,130.25616791011623,129.80430931906562,112.01678496074975,134.05440490160387,106.38896909250317,118.90926683015027,130.05414736499316
3436,89.58423259994377,107.13555246620018,98.71252756198813,130.2893788479795,129.84112564819225,112.04994620210553,134.09269479940374,106.42284341705772,118.94489257492545,130.09088909375362
3437,89.60989003824142,107.16579307101307,98.73962637863254,130.3225776310636,129.87794360108697,112.08311010664345,134.130983058712,106.45674946174476,118.98052995234261,130.1276290939025
3438,89.6355475400114,107.19603993799882,98.76671983099986,130.35577381566966,129.9147547743721,112.11626759660895,134.16926997364087,106.49066339992737,119.01619290357004,130.16436864448207
3439,89.66119213892446,107.22628850587598,98.79380524259652,130.38896703134594,129.9515597191449,112.14945463330665,134.20755649617465,106.52455534262731,119.05188703884706,130.20110299385007
3440,89.68682999146158,107.25652543449111,98.82088445916042,130.42214689385222,129.98834137828788,112.18264975648256,134.24584698219815,106.55840418021155,119.08759598238315,130.23784093043096
3441,89.71244278345438,107.28676195694898,98.84796922931328,130.45531981696524,130.02512248258742,112.21582751962244,134.2841372919566,106.59224163149239,119.12330960318626,130.27457919702243
3442,89.73804562399738,107.31701044289933,98.87506621495207,130.48850251281738,130.0618980049664,112.2490026467519,134.32242299105528,106.62603427037618,119.15902646915391,130.31131105744643
3443,89.76363960300907,107.34726851205863,98.90216758482997,130.52168770410879,130.0986795270312,112.28217829049832,134.36069369497227,106.65986205467803,119.1947545178627,130.34803652291964
3444,89.78924984769372,107.37752949600163,98.929268718872,130.55485833215945,130.13546761212262,112.3153486799705,134.3989501400128,106.69372109645796,119.23050590958076,130.38476180666675
3445,89.81487789200294,107.4077782269352,98.95636355328101,130.5880444480466,130.17225648337967,112.348507517303,134.43720509951555,106.72760659464207,119.2662661427457,130.42147438632506
3446,89.84052221387255,107.43802867656127,98.9834549522781,130.6212419277815,130.2090400066416,112.38166763448791,134.47546329584014,106.76150429479799,119.30202633685349,130.45819255776843
3447,89.8661791360624,107.46825957516526,99.0105470111589,130.65444378225467,130.24582725827312,112.41484187277351,134.51372170342754,106.79540299056838,119.33777426741005,130.49491136723142
3448,89.8918453492639,107.49849061056,99.03764059914589,130.68764630274833,130.28261540569264,112.44802108910743,134.55197206588522,106.82928764948717,119.37350365241306,130.53162534995587
3449,89.91752197725245,107.52872570434653,99.06471776624086,130.72084919343806,130.31940315280053,112.4811986654826,134.59021124018736,106.86321715201619,119.4092297344115,130.56834670121566
3450,89.94320394029546,107.55896281862779,99.09179474988436,130.75407018020206,130.35620644653682,112.51437767130146,134.62844291828554,106.89715811506764,119.44493460204687,130.6050736046727
3451,89.96888129297862,107.58919984578453,99.11887785997604,130.78729651359637,130.39301286369476,112.54755970055626,134.66667329011298,106.93104367294897,119.48062365107538,130.6418047867194
3452,89.99456497754198,107.61942639039557,99.1459638211293,130.8205141260013,130.4298189146855,112.58074821057231,134.7048946116364,106.96494427130794,119.51629929351354,130.67854391189286
3453,90.02023327555716,107.64964887684725,99.17306261582833,130.85371839809667,130.46662813743254,112.613937114784,134.7431071496176,106.99885126725337,119.55196199614014,130.71528716164772
3454,90.0459058081782,107.67987038985638,99.20017086590738,130.88689887580713,130.50343646831897,112.6470898421166,134.78131273259748,107.03276860919557,119.58761899622888,130.7520307682036
3455,90.07156701839943,107.71007764074548,99.22728161065278,130.92007395047943,130.54023588397874,112.68024256195748,134.8195182406716,107.06671579371316,119.62328088301352,130.78877173366865
3456,90.09721119603888,107.74028569329373,99.2543931977617,130.95324867226935,130.57701656500916,112.7134081827269,134.85771848314675,107.10066905571647,119.65894665500939,130.8255199980304
3457,90.1228487736623,107.77049213621473,99.28150666221379,130.98642383024378,130.61379961647427,112.74657717390927,134.89591582240888,107.1345720886214,119.69464355594089,130.8622719111684
3458,90.14846319951121,107.80070536413174,99.30862450824262,131.01958844137692,130.65058742783413,112.77974544057516,134.93413251528364,107.16847757792208,119.73035008129597,130.8990309282281
3459,90.17408523786618,107.83092034459553,99.3357446093018,131.05274565261368,130.68738005075892,112.81290795955412,134.97235448621592,107.20239856147258,119.76607687786964,130.93580196343612
3460,90.19971250511043,107.86113140308932,99.3628590792028,131.08590380469778,130.7241730350041,112.84608279559487,135.0105812181654,107.23632142956586,119.80180933195481,130.97257743444877
3461,90.22534109228232,107.89133163063451,99.38997244511461,131.11907169179716,130.7609593067161,112.87927198876824,135.0488203985671,107.27018641848359,119.83753387720868,131.0093600516639
3462,90.25097336555949,107.92151877843229,99.41709834042281,131.15225070127485,130.79774554671727,112.91248234677802,135.0870617621855,107.30403437929574,119.87324411862093,131.04614438944455
3463,90.27661808640134,107.95171729460627,99.44423080712654,131.18543226791655,130.83453259447373,112.94569782208377,135.1252975609371,107.33788693950241,119.9089384998956,131.08292441539447
3464,90.3022684217867,107.98192222192688,99.4713529952676,131.21862162181858,130.8713210864734,112.97889214868547,135.16353571545517,107.37172239195304,119.9446256133917,131.1196873099419
3465,90.32791995124734,108.01212845983851,99.49847609872845,131.2518161055213,130.908113785628,113.01209446283093,135.2017810380278,107.4055601701354,119.98029470808792,131.15644631318264
3466,90.35359682787099,108.0423321005471,99.52560080709922,131.285010485071,130.94490973977184,113.04529786497615,135.24002812925667,107.43939651647307,120.01595007190369,131.19320064137145
3467,90.37929848515103,108.07253750510183,99.55271496712479,131.31818548059013,130.98170716876177,113.07849530175979,135.27828557116766,107.47318863056718,120.05158457288242,131.22995827839955
3468,90.4050085600041,108.10274511708306,99.57982951152363,131.35134934912662,131.01850443241162,113.11169377846036,135.3165451658572,107.50693467511665,120.08722105508255,131.26671646163916
3469,90.4307141495891,108.13296562327147,99.6069349111544,131.38450793856225,131.05529866064578,113.14488589606964,135.35479776092197,107.54064721208003,120.12286385848647,131.30347093008257
3470,90.45642658257238,108.16319075085241,99.6340396360043,131.41765981928586,131.0920913472763,113.17803587748716,135.39304870101856,107.57432347121446,120.1585087565581,131.3402172151957
3471,90.48212436490283,108.19341636145849,99.66114641467014,131.4508091084188,131.12886486482847,113.21116203673844,135.43129653262312,107.60800223630015,120.19414893627668,131.37697110733063
3472,90.50782261223183,108.22364280121538,99.68825046581702,131.48397214116787,131.16562890808908,113.24429977330358,135.46955156570695,107.64166193186098,120.22979775130801,131.41373132517342
3473,90.53353058636715,108.25385785625285,99.71536069959734,131.51714241668682,131.2023959263461,113.27746016816806,135.50780797249612,107.67533957769342,120.26544675239225,131.4504974586311
3474,90.55924343946674,108.2840709993338,99.74247387312367,131.5503133667609,131.23916306114418,113.31062690046932,135.54606245373236,107.7090219691716,120.30107423649328,131.48726427618618
3475,90.58495493606583,108.31428681876417,99.76959004546461,131.5834713781217,131.27592182681983,113.34380217572904,135.58431697821285,107.74267314137391,120.33670079823064,131.5240203508754
3476,90.6106865588016,108.34449891532728,99.79670976802197,131.6166367613976,131.31267812033403,113.37698358245282,135.622568846135,107.77629578772905,120.37230864198241,131.56076098020836
3477,90.63643104285192,108.37469462788096,99.82383050413695,131.64981408001665,131.34942770351597,113.41017853960248,135.66081979139602,107.80991353462852,120.40790817634978,131.59750001144897
3478,90.66214786280564,108.40489551302184,99.8509536038418,131.68300225607896,131.38617728733308,113.4433962246791,135.69907175878024,107.84353202291227,120.44352353995085,131.63424047607444
3479,90.68785259576251,108.43510198309673,99.87808003057359,131.71619257835195,131.42292309762647,113.47662847808348,135.73733471968072,107.87716477447734,120.47914248709763,131.6709861460045
3480,90.71356266889659,108.46531607612732,99.90520767826668,131.74935859680613,131.4596606608075,113.50987607141248,135.7756109740681,107.91082180985735,120.5147665188027,131.70774565107897
3481,90.7392690387,108.49553274907322,99.93233334785755,131.7825249660329,131.49639946399162,113.543131384192,135.81388905277578,107.9444858248112,120.5503936663869,131.7445225539396
3482,90.764982518675,108.52574566077449,99.95945916240134,131.8156849107718,131.5331459782032,113.57638736302232,135.85216412184297,107.97814273759124,120.58601484752423,131.78130499149373
3483,90.7907230130697,108.55595945667332,99.98657605862392,131.84884728003493,131.56990258511604,113.60962131210368,135.89043909313295,108.01180067239945,120.62164654861377,131.81809230620829
3484,90.82296809758579,108.58977705361626,100.01931639366106,131.8836411670925,131.60657716492156,113.64443916229351,135.92848978768927,108.0467559606148,120.65727894372752,131.85479401810377
3485,90.9404665886381,108.70793599988785,100.13702288993221,132.00221015521223,131.72562271720543,113.76301821492879,136.04772799603825,108.16539273722081,120.77617859015456,131.97384336888024
3486,90.94349532738495,108.71419224959108,100.14140130855452,132.01113336540453,131.7364873859165,113.7720029087843,136.060520910723,108.1736262823211,120.78672196325138,131.98546642350607
3487,90.96702067149022,108.74189910374567,100.16669954554135,132.0421872012288,131.76991738569706,113.80314445027999,136.09629311483374,108.20384227299326,120.81975170299614,132.01981645070097
3488,90.99259768947404,108.77176373001457,100.19409004077073,132.07544685428084,131.8056071218902,113.83652728337087,136.13436212006172,108.23625971525489,120.8550139963784,132.05643656118644
3489,91.01837670841111,108.80184814492506,100.22169715203688,132.10892679840867,131.84151723636262,113.87012753021361,136.1726584824,108.26892245031094,120.89051237401279,132.09328698152683
3490,91.04418651104648,108.83195696932157,100.2493302766129,132.1424372162703,131.87744467390792,113.90375987605653,136.21097678075307,108.3016112331703,120.92603120283442,132.1301564308619
3491,91.07000555747234,108.8620722316672,100.27696969606458,132.1759524130297,131.91337271232,113.93739792954892,136.24930819401104,108.33428809118945,120.96152986981097,132.16703370686935
3492,91.09581121252278,108.89218909479762,100.30461079783234,132.20947265838385,131.9492997185323,113.97103008015314,136.28764284401962,108.36695587674538,120.99699581158619,132.20391167154594
3493,91.12162724707709,108.92230913109239,100.33225176188529,132.2429941199221,131.98522914109506,114.00466533213168,136.32597727546056,108.39962742687733,121.03241727209333,132.24077367040863
3494,91.14745239676316,108.9524353375864,100.3598883255205,132.27650169203778,132.0211601204872,114.03827615386903,136.36430962212188,108.43230004309115,121.06783843823976,132.27763381134
3495,91.17328122736454,108.98256984750095,100.38753738323067,132.3100098151358,132.05709108783935,114.07186256654067,136.40263510688985,108.46496763286585,121.10324470176643,132.31450040066207
3496,91.19909920717951,109.0127072812588,100.41520493473904,132.34352699307246,132.09302011115082,114.10545080286029,136.44096841784105,108.49763548362988,121.13863966482025,132.35136755980716
3497,91.22491819491489,109.04283968852796,100.44288067956036,132.37704658299117,132.12894992251069,114.1390389895416,136.47931090032566,108.53029446943196,121.17401881530344,132.38822996990177
3498,91.25073261115536,109.07296686440408,100.47055819391488,132.41054687200617,132.16488020253158,114.17261534914202,136.51766641487905,108.56295473954953,121.20939477592025,132.4250923920368
3499,91.27654796089082,109.10309990247205,100.49823746487723,132.4440509026275,132.20081196900873,114.20617858780281,136.5560264350614,108.59556962261819,121.24477112005137,132.46195473900147
3500,91.30236955361873,109.13323923722301,100.5259194140983,132.4775725639647,132.2367441623731,114.23973790211112,136.5943865166615,108.62816473781679,121.28014650680899,132.49881277740124
3501,91.32819075505542,109.16338714873176,100.55358293228807,132.51110618064794,132.27267535279475,114.27330519062991,136.63274773266417,108.66073971997243,121.31552644806071,132.5356700303427
3502,91.35400298215492,109.19353883014703,100.58123085815392,132.54464182009315,132.30860648079351,114.3068787490399,136.67112972614095,108.69331336613233,121.35090830350406,132.57252789959506
3503,91.3798000162648,109.22369099276067,100.6088797775538,132.57817094634507,132.3445445762949,114.34045420003953,136.709519162478,108.72591546197961,121.38629995928383,132.60938721742895
3504,91.40560093175563,109.25384274685484,100.63653351534838,132.61169896694736,132.38048790449676,114.37402670361963,136.74791311195608,108.7585503266545,121.4216942355397,132.64624777934412
3505,91.43137947748555,109.28398441238869,100.66419057199434,132.64522892204508,132.41643415761237,114.40755875029174,136.78630910628698,108.7911940249133,121.45708161996512,132.68310864115122
3506,91.45712599790089,109.3141296084913,100.69183600873944,132.67876225377543,132.45238141713105,114.44108702979054,136.82471357973162,108.82382790575032,121.49244431260222,132.7199823817501
3507,91.48287536762253,109.34428478874696,100.71946278615589,132.7122969840689,132.48833025895686,114.47457628028596,136.8631280671479,108.85644436030717,121.5277883743866,132.7568690910258
3508,91.50860321258764,109.37444349935261,100.74709104885304,132.74583348981463,132.52427904966405,114.50805241680166,136.90154428640216,108.88906502833309,121.5631414877958,132.7937574502425
3509,91.5343280873718,109.40459923842968,100.77471407756386,132.77936892081638,132.56022317713305,114.5415189338725,136.93996274585908,108.92168987487085,121.59850953838512,132.83063478459263
3510,91.56006564001247,109.43476119985723,100.8023359414163,132.8128914961583,132.59617157840444,114.5749723510629,136.97838447684188,108.95431558122888,121.63388051542,132.86751643904606
3511,91.58582372340113,109.46493290196301,100.82994154131597,132.846407004732,132.63212147140925,114.60842866894218,137.01681019667183,108.98690027724068,121.66924103064393,132.90440865924072
3512,91.61159151745281,109.4951075661951,100.85754371165929,132.87991929063313,132.66807730691147,114.6418866905208,137.0552379041078,109.01948507271251,121.7045822381551,132.94130280190686
3513,91.63735122800678,109.5252825364097,100.88514822843088,132.91342464699926,132.70403489444854,114.6753321097848,137.0936643942791,109.0520458119564,121.73992100278511,132.9781969321299
3514,91.663118002176,109.55544727826097,100.91276360677983,132.9469270057712,132.73999489011823,114.70877254604139,137.13208977835723,109.08459893885309,121.77522866970914,133.01510028688028
3515,91.68889917371459,109.58560732163538,100.94038138202536,132.98042061515608,132.77595524307017,114.74221810217918,137.17051790184968,109.11715753067621,121.81052165448939,133.05200521240542
3516,91.71468935494505,109.61575933721244,100.96800083921516,133.0139245023338,132.81191102761326,114.77567919660925,137.2089448710536,109.14974798644081,121.84578538281808,133.08890421187036
3517,91.74048926738512,109.6459110967396,100.99560837489074,133.047431649499,132.84787305920148,114.8091450640375,137.24736014215802,109.18234886455483,121.88104343799398,133.12580366704844
3518,91.76630517780418,109.67604753168692,101.0232245983509,133.08094492495513,132.88383638515987,114.84260888179197,137.2857499787203,109.21494687937864,121.91628242945633,133.1627072338843
3519,91.79212755867181,109.70617649103758,101.05085764822408,133.11446403341796,132.9197978983013,114.8760460849543,137.32412831757594,109.2475533046642,121.95153587018292,133.19961176011364
3520,91.81794539724866,109.73630364381958,101.07850898707957,133.147985796523,132.95576051998594,114.90946848818403,137.36249384081486,109.28016690016041,121.98681482573015,133.2365152535275
3521,91.84375744780245,109.7664392808565,101.10616730211702,133.18150791364906,132.99172159186932,114.94287505154298,137.40086123847445,109.31276949888164,122.0220985792951,133.27340673128225
3522,91.86954514463369,109.79658157088463,101.13380994023416,133.2150260267577,133.02768244785457,114.97628855590597,137.43923012598,109.34537221447067,122.05736220052971,133.3102852383044
3523,91.8953311121486,109.82672567434977,101.16144936633343,133.24853380494923,133.06364110398587,115.00970383103744,137.47759805428663,109.37798105999266,122.09262663515425,133.34715524675994
3524,91.92112035972936,109.85686443714339,101.1890917817536,133.28203081278198,133.0995987716602,115.043118598109,137.5159573551676,109.4106099876912,122.12789157797926,133.38402172423886
3525,91.94689658081802,109.88699794027548,101.21674416186693,133.315515480915,133.1355577404637,115.07652730557498,137.55432580685166,109.44324738357253,122.16315729978068,133.42088668860993
3526,91.9726730955003,109.9171220961877,101.24440168945387,133.34899251171018,133.17151681476938,115.10993714669603,137.59269605349712,109.47590610936984,122.19842457663925,133.45774156642202
3527,91.99844398577898,109.94724979449842,101.27205283373166,133.38247192686808,133.20747363687246,115.14332776624761,137.63106533452404,109.50857171313949,122.2337014408203,133.4945921480091
3528,92.02421303009497,109.97736549603395,101.29970119459794,133.41594727169786,133.24342458933285,115.17671271365627,137.6694348020846,109.54120881942804,122.26898079917082,133.5314353149099
3529,92.04999388286036,110.00748325474555,101.32735255163247,133.44943405824696,133.2793751309243,115.21012395256568,137.7077967330276,109.57382324667394,122.30425617121007,133.5682756302948
3530,92.07579087248266,110.03759104530577,101.35500646812953,133.48292541370986,133.31532604269324,115.2435430761716,137.74615991020596,109.60644194732367,122.3395317873994,133.60511708525254
3531,92.1015960401193,110.06769843005758,101.38266194430018,133.51641216728734,133.35127701588522,115.27695939484366,137.78452175359934,109.63906110688052,122.37480367056904,133.64196421773914
3532,92.12738428128728,110.09780847792983,101.41031119974171,133.54990265770846,133.38722016100547,115.31037531098931,137.82288180992947,109.67167333436028,122.41007729835175,133.67881789220303
3533,92.15317372352585,110.12792974934338,101.43794293556839,133.5833979321425,133.4231648680004,115.34377000133509,137.8612510982408,109.7042554485631,122.44535111907587,133.71567547562515
3534,92.17896916600775,110.15805463987698,101.46557610120253,133.61690024100687,133.45911454034888,115.37711919910836,137.89962174114373,109.7368310402196,122.480626562007,133.75255088144567
3535,92.20476018590678,110.18818696062014,101.4932164178876,133.65040625784366,133.49506554235822,115.41046824600724,137.93800303821797,109.76939765268499,122.51589518332604,133.78943014901645
3536,92.2305631964095,110.21832306773834,101.520860661299,133.68391231210683,133.53101615872615,115.44380642298098,137.97639436594056,109.8019684866789,122.55115750482659,133.82629795189484
3537,92.25636933890334,110.24844764969056,101.54850712593162,133.7173998330736,133.56696533309275,115.4771555026928,138.01478993067263,109.83449958202056,122.58642176089053,133.86316454108447
3538,92.28217549750751,110.27856169888432,101.57614254446354,133.75088773402754,133.6029124243149,115.51050723316594,138.05318628444337,109.86703117972947,122.62166664829672,133.90002535305206
3539,92.30799051708341,110.30868074190123,101.60377808010979,133.7843746142615,133.63885589708008,115.54383982599174,138.09158525366306,109.89956379337151,122.65688693255836,133.9368839809994
3540,92.3338087542409,110.33880257363275,101.63140702683431,133.81785509392768,133.6747983429677,115.57716361932795,138.12998282894648,109.93210729529288,122.69209517062825,133.97372809580568
3541,92.3596293333505,110.36892563011263,101.65902544659556,133.85133637652112,133.71074007169065,115.61048236114397,138.168363943572,109.96465372922006,122.72729812860081,134.01055731922315
3542,92.38544224013214,110.39903749625645,101.68665500600682,133.88481883441682,133.74668048662477,115.6437943268591,138.2067425029032,109.99719764455585,122.76248259869588,134.04738594631016
3543,92.41122532717031,110.42915896493365,101.71428984405858,133.9183012907263,133.78262205677402,115.6770899638049,138.2451211752351,110.02974998798638,122.79766042348321,134.08421703518857
3544,92.43698983060347,110.45928532054734,101.74191229450417,133.95177863486333,133.81856390037447,115.71038514928837,138.28348884495355,110.06230647179274,122.83283249065784,134.1210614838393
3545,92.46274389091849,110.48941241962518,101.76953714448229,133.98524512101113,133.85450545695065,115.74368230159459,138.32185411820035,110.09483377272517,122.86801884874937,134.15791430494383
3546,92.48850560868172,110.51953865131145,101.79714599357382,134.01870467985262,133.89044721891167,115.77696176832914,138.3602194759488,110.12734879102256,122.90321887529633,134.19476844296085
3547,92.51427206486994,110.54965523763825,101.82475712786879,134.05214835929755,133.926391087921,115.81021377924668,138.39857810556725,110.15984219606722,122.93843203820859,134.23162121555896
3548,92.54003256137375,110.57977525637784,101.85236952238283,134.0855941158911,133.96233919677934,115.84347377573421,138.4369416439008,110.19233720416328,122.97365589771623,134.268466496071
3549,92.56580339162753,110.6098988910335,101.87998487089627,134.119041733422,133.9982920509562,115.87674679894562,138.47531930477487,110.22482982851335,123.0088945452361,134.30531039033997
3550,92.59157770783236,110.64002302991165,101.90760469553429,134.15248687655762,134.03424823851125,115.91003537455633,138.5137000845655,110.25732640125528,123.04413623784619,134.34214965194013
3551,92.61735292926046,110.67015078907548,101.93523212362338,134.18592731202253,134.07020562995757,115.94334324583137,138.5520887709291,110.28982846752191,123.07936466215983,134.3789755378167
3552,92.64311850103098,110.7002802289604,101.96286533563895,134.21936773206184,134.10616257665663,115.97667088694939,138.5904841948542,110.32234362177745,123.1145818375749,134.41579530547386
3553,92.66888778592008,110.73040327703987,101.99050233870437,134.25280421408468,134.14211218688658,116.0100029603181,138.62888122030276,110.35487576401225,123.14979688149765,134.45261221309008
3554,92.69465814986413,110.76052263717408,102.01811664412142,134.2862403645315,134.17806408809864,116.04331549427735,138.66727695173054,110.38741291996463,123.18501212006447,134.48942496661616
3555,92.72041139731361,110.7906308596743,102.04572299535644,134.31968194410305,134.21401632775405,116.0766249545065,138.70566132897744,110.41994114932166,123.22023256991567,134.52623868274182
3556,92.7461701018068,110.82072361022482,102.07332086697852,134.35312427866182,134.2499595261492,116.10993438064094,138.74404017874264,110.45247050735608,123.25545544170836,134.5630509344875
3557,92.77193472781086,110.85081669710414,102.10092781518267,134.3865655117594,134.28589688712316,116.14323636362552,138.7824189512785,110.48498072966807,123.29068096295757,134.59985417142593
3558,92.79769118743283,110.8809118762467,102.12854051594272,134.42000876937118,134.32182910894505,116.17653279611228,138.82079611459264,110.51747264368893,123.32589786214514,134.63664437387183
3559,92.82346041088302,110.91100937894097,102.15615778314847,134.45345527290584,134.3577617222842,116.20984230440044,138.85916227203558,110.54997904910505,123.36112193568265,134.67343522104858
3560,92.84919966380086,110.9411092425515,102.18377855544679,134.4869094671023,134.39369371554002,116.24315553031792,138.897531016143,110.58251687374185,123.39637484017153,134.71022629913762
3561,92.87491692395761,110.97120233421262,102.2113852700203,134.5203660027872,134.4296197411203,116.27645956695456,138.9359008434288,110.61506421118645,123.43165081602687,134.74701969627145
3562,92.90064249494469,111.00129410172211,102.2389949745365,134.55382396312416,134.4655476289488,116.30977648523002,138.97426637585139,110.64760531529068,123.4669310696677,134.783817303623
3563,92.92637088502214,111.03138135434915,102.26659709642969,134.58728400745778,134.5014799286708,116.34309840205923,139.01262945208677,110.68012649214587,123.50220553196026,134.820615475147
3564,92.9520922617586,111.06147325947373,102.29420778041283,134.62074178849267,134.53741824654512,116.37643522688303,139.05100203408585,110.71263561726684,123.53746244515317,134.85741308708262
3565,92.9778192537234,111.09156680648863,102.32182161125013,134.65420361963666,134.57335956644738,116.40977779356902,139.08937644241794,110.74511998528989,123.57271728651105,134.89420665403773
3566,93.00355143649735,111.12165640853117,102.34944978396553,134.6876701725987,134.60930682991065,116.44312400313216,139.12774406833026,110.77762044142192,123.60796285600662,134.9310075107799
3567,93.02927742612292,111.15173917061425,102.37708588444116,134.72113797163257,134.64525652684156,116.4764709545604,139.1660994720185,110.81012630787434,123.64319626979018,134.96781035366539
3568,93.06151462640909,111.18550399474113,102.41001120150942,134.75603112388583,134.68118078831034,116.51132039795927,139.20421895813806,110.84470411629705,123.67864744137215,135.00452487795215
3569,93.17900980608485,111.30364077642997,102.52779539023365,134.87464180338776,134.80012129602707,116.62991271974235,139.3234667973059,110.96318235139015,123.79749248899213,135.1235760224634
3570,93.18200621131307,111.30916747212528,102.53280793133722,134.8832353733117,134.81068845839616,116.63846234372856,139.33545455021311,110.97088784212625,123.80801102383455,135.13505729758805
3571,93.2054821553929,111.33594106366806,102.55892452166964,134.9138801287075,134.84375759178872,116.66905907897954,139.37023810620082,111.00042724594826,123.84103206363592,135.1692414008467
3572,93.23099573986548,111.36484005758483,102.5871630008393,134.9467232527165,134.87907664023064,116.7018858978806,139.40730130424694,111.032143467979,123.87632268518496,135.20569242318498
3573,93.25670503287354,111.39395280303489,102.61560683600068,134.979775411066,134.91462080903526,116.73495018855202,139.44459280075665,111.06408752663268,123.91184450388276,135.2423648092117
3574,93.28244166036139,111.4230839450351,102.64407167711477,135.01284601617772,134.9501875731703,116.76803462757528,139.48191086212094,111.09607559658548,123.94739072118237,135.27905262720765
3575,93.30818457554335,111.45221777381221,102.67254190942813,135.04591802513076,134.98575601051235,116.801116449737,139.51923541373594,111.12807169500077,123.98296270648501,135.31573779620192
3576,93.33392628647849,111.48135315592447,102.70098975191691,135.07898543799948,135.0213261263225,116.83418056363602,139.55656093377,111.1600639780759,124.01854418002878,135.35241830290803
3577,93.3596621904268,111.51048896370644,102.7294287106906,135.11205627421458,135.05689821440194,116.86721875811669,139.59389335780554,111.19205835505635,124.05412562782038,135.38909856560846
3578,93.38538340254756,111.539622300515,102.75786125909731,135.14512958182877,135.092473019889,116.90024544052697,139.63123197301653,111.22405239700225,124.08971606206745,135.4257805233191
3579,93.41108376940653,111.56875559161743,102.78629637121156,135.178178080004,135.12804943069028,116.9332463160416,139.66857442630842,111.2560159652986,124.12532320891424,135.46246195780026
3580,93.43679130905873,111.5978891939856,102.81473253060942,135.21121233012752,135.1636259490603,116.96624824172869,139.70591760421487,111.28797207815538,124.16093139692087,135.49913321191784
3581,93.46251575399693,111.6270249242144,102.84317178515037,135.2442626308679,135.19920319848484,116.99924622287756,139.74325946775295,111.31992980378128,124.19650622479814,135.53581391112533
3582,93.48825234369325,111.65616194868603,102.87159054914622,135.27733058760072,135.2347812628393,117.03226613953564,139.78059403287153,111.3518840537159,124.2320524295596,135.5725030632766
3583,93.5139925622046,111.6852994896382,102.90001656073973,135.31041279488596,135.2703597416589,117.06529371029283,139.81792485081886,111.38384933455661,124.26757748971053,135.60919875872708
3584,93.53972915190603,111.71444023191653,102.92842712634643,135.34349861415478,135.30593885507372,117.09832037554096,139.85525032902774,111.41581353570167,124.30310484066055,135.64589563348915
3585,93.56546131760192,111.74358265574392,102.95685929927268,135.3765839221668,135.34151855441635,117.13133451120893,139.89257653105943,111.447800378165,124.33864204963956,135.68258903963297
3586,93.59120382018266,111.7727188090095,102.98530050729384,135.40966595525603,135.37709928007772,117.16434285238215,139.92990132639858,111.47979895709013,124.37420570923852,135.71928335861557
3587,93.61696059672373,111.80185542421775,103.0137355469101,135.44275316880905,135.41268014097042,117.19737292317079,139.96722208979898,111.51179893145105,124.40978649083421,135.75597856265048
3588,93.64272711174571,111.83098786395917,103.04218295855652,135.4758412870984,135.4482590287377,117.2304090957699,140.00454016366268,111.54379065168473,124.4453692533056,135.7926716013512
3589,93.66845968858743,111.86012365095357,103.07064645617832,135.50893182568987,135.483834224499,117.26343251801433,140.0418527082185,111.5757835476281,124.48093691907711,135.82936612711913
3590,93.6941899468923,111.88926106577101,103.09912229107705,135.54202780875798,135.5194067647825,117.29645785914283,140.0791568533917,111.6077798121536,124.51650356665232,135.866061822614
3591,93.71990454745078,111.91839371751072,103.12761105947233,135.57512508526847,135.55497563095142,117.32948183165949,140.11645344893023,111.6397766076143,124.55207424446147,135.90275622805487
3592,93.7456247716158,111.94752644018831,103.1561191158361,135.6082193220804,135.59054460683328,117.36250761168658,140.15374592290027,111.67177831234909,124.58764235896602,135.93944676430266
3593,93.77135385902899,111.97665838001733,103.18463359153424,135.6413076521497,135.62611302080225,117.39552296114982,140.19103559003958,111.70378275160161,124.62320587852876,135.97613981650272
3594,93.79707647321237,112.0057917802509,103.21314824331111,135.67436704588908,135.6616812816615,117.42855250769719,140.22832533031215,111.73578418529185,124.6587715037891,136.01283171704827
3595,93.82276967604966,112.0349257595392,103.24163266263511,135.70741099187327,135.69724631402448,117.46159635383391,140.26561967033004,111.76779021430893,124.69433616749824,136.04950894029088
3596,93.84846264322057,112.06405721837945,103.27010559553125,135.74044114609418,135.7328091639454,117.49464631525929,140.30291540064843,111.79980140735674,124.72991141731575,136.08618533885718
3597,93.87415407221029,112.09319086573015,103.29859294193595,135.77346485622712,135.76837209049856,117.52769956587557,140.34021032663537,111.8318239231524,124.76548653454574,136.12286360481497
3598,93.89984544737193,112.12232540021549,103.3270886340658,135.80648309997812,135.8039328253462,117.56075354527988,140.3774979145692,111.86386471668338,124.80105355513214,136.1595462412466
3599,93.92554614900993,112.15145744153472,103.35560527004786,135.83950447827246,135.83949337115715,117.59381435081622,140.4147818135524,111.89591156574141,124.83661240802272,136.19622967912795
3600,93.95125339048468,112.18059020739302,103.38413197605847,135.8725207106239,135.8750525910781,117.62689490206081,140.45206567974327,111.92795968747366,124.87213302881739,136.23291049612857
3601,93.97696307117246,112.20972410876458,103.41264002363066,135.90553622678857,135.91061257339408,117.6599851887044,140.48934944685,111.95997960015082,124.90768614721081,136.26959315112535
3602,94.00267103166425,112.23885920352618,103.44116297376885,135.9385531955895,135.94617583580515,117.69307677489009,140.5266275303906,111.99197659824327,124.94324765232508,136.30627791041366
3603,94.02838098717399,112.26799832400938,103.46971357947419,135.97156364405583,135.98174307196558,117.72616285192787,140.56390237795353,112.02399347929466,124.9787845990233,136.34295789230205
3604,94.05408720968185,112.29714106771391,103.49827510891797,136.0045664021412,136.01731292594135,117.75926428503249,140.60117567674115,112.05601756244307,125.01431774094796,136.37962338181646
3605,94.07979925925737,112.3262879333019,103.52681555923489,136.03756992057296,136.05288376231195,117.7923706490736,140.63845298442973,112.08801229537798,125.04983666741131,136.41628065648578
3606,94.10551720932955,112.35543613253095,103.55534462859316,136.07055407412963,136.08845720871201,117.8254751748824,140.6757353421417,112.1199994508943,125.08535329893274,136.4529365033027
3607,94.13123838720895,112.38458527382559,103.58386900404714,136.1035377097976,136.12403185550838,117.85856349086814,140.71302032877182,112.15196241910968,125.1208379948913,136.48959526852929
3608,94.15695002895666,112.41373858553182,103.61239980077477,136.13652256303646,136.15960664520304,117.8916634847779,140.75030660388393,112.1839155140002,125.156321996278,136.5262584714404
3609,94.18265392437311,112.44289611390914,103.640936237962,136.16951546420793,136.1951821226882,117.92476894607685,140.78759299564183,112.21586469857176,125.19179049419604,136.56292174463795
3610,94.20834720796721,112.47205900257897,103.66947942584916,136.20251797263523,136.23075873093342,117.95788124597438,140.8248784717456,112.24782814717658,125.22726828886775,136.5995852690446
3611,94.23404442840217,112.50122390497535,103.69800896316734,136.23552579775512,136.26633549372946,117.99099553769,140.86216365898582,112.27980378739763,125.26275120936408,136.6362539021209
3612,94.25974341113464,112.53038532675981,103.72654187558204,136.26853464536927,136.30191043767505,118.02410275907452,140.89944549086158,112.31178687621117,125.29822348764789,136.67292926501267
3613,94.28543657479813,112.55954789032043,103.75505873960945,136.301544214882,136.33748582263777,118.0572000814524,140.93672635808602,112.34377168707431,125.33368270361736,136.70961449839135
3614,94.31113342714785,112.58871128417694,103.78357748514577,136.33455589631146,136.37306360893297,118.09027323807707,140.97400913797202,112.37575056982018,125.3691382687803,136.74630151551818
3615,94.33682574845167,112.61787753295971,103.81208938057402,136.36757955223155,136.40864322554484,118.1233304041165,141.011300320126,112.4077266489768,125.40461035520471,136.7829891998955
3616,94.36253403499902,112.64704512717425,103.84056565710614,136.40060720963885,136.44422313170304,118.15636299289795,141.04859354489767,112.43968303362504,125.44009578797198,136.81968171480648
3617,94.38825905949416,112.67621426344077,103.86903613303336,136.4336229439787,136.47980160592869,118.18939553553865,141.08588651776992,112.47164511479595,125.47558351132717,136.8563748919991
3618,94.41398897101062,112.70538414508452,103.89749558138053,136.46662532233512,136.51537810095402,118.22241479482234,141.12317826678176,112.5036185359096,125.5110652751113,136.8930739141292
3619,94.43971776131411,112.73455159740203,103.92595645683213,136.49962734150247,136.55095310152123,118.25543619201278,141.16047232117654,112.53559602057275,125.54654614074524,136.92978209902356
3620,94.46546203236312,112.76372044443391,103.95440905665146,136.53263180400705,136.58652833885859,118.28846587769206,141.19777008888386,112.56758764037596,125.58202861755217,136.96649567764646
3621,94.49121472963458,112.79289004948508,103.98286397110844,136.56562255940918,136.62210311445685,118.3214979092046,141.23506844680497,112.59961287440078,125.6175101997886,137.00320979280764
3622,94.51696962643459,112.8220598476856,104.01131256477801,136.59862210213703,136.6576792342021,118.35453327190262,141.2723638664607,112.6316483642557,125.65298631756094,137.03992222255667
3623,94.5427287708981,112.85123033667256,104.03975008174307,136.63162492486032,136.69325607833292,118.38757126158495,141.30965596973726,112.6636731309311,125.688462617811,137.07663493679152
3624,94.56849829034444,112.88040538604066,104.06819652581571,136.66462460520762,136.72883346873448,118.42061122369225,141.34694308741356,112.6957187778385,125.72392904201837,137.11334225140723
3625,94.59427459169949,112.90958334422938,104.09659779485864,136.69761281850853,136.7644140526197,118.45362663904983,141.3842293256237,112.7277702752092,125.75941830032704,137.15005317574997
3626,94.62005560477746,112.9387621249226,104.1249983372083,136.73060182249313,136.7999957483038,118.48664623414982,141.42151217204832,112.75979015644438,125.79493714374516,137.18676489719763
3627,94.64584137831356,112.9679371981971,104.15337071469725,136.76358009407048,136.83557733713127,118.51966970745126,141.45879383931006,112.79181047388776,125.83047347068376,137.22346675948208
3628,94.67165502358077,112.99711204189214,104.18173100067733,136.7965655325164,136.87115664938588,118.55269051791915,141.49608099482026,112.82380973520476,125.86604756507593,137.26016757883988
3629,94.69749189407923,113.02628713433018,104.21009753651056,136.8295580062353,136.90673571951027,118.58570846006369,141.53337408984225,112.85581107033238,125.901644846011,137.29687591330318
3630,94.72333585320875,113.05545393210768,104.2384703537359,136.86255104753278,136.94231624393547,118.61873045542563,141.570668099754,112.88782233904759,125.93724522858116,137.33359350527024
3631,94.74916925112163,113.08462026641496,104.26684605175109,136.89553619414627,136.97789699194007,118.65176029362945,141.6079604737051,112.91983701525837,125.97283187162081,137.3703129754975
3632,94.77498417813949,113.11378879764167,104.29523773555701,136.92852211079742,137.01347799463275,118.68478289114839,141.64525620440847,112.95183686018417,126.00836863668809,137.40702729053663
3633,94.80078466682849,113.14295843438052,104.32364031273013,136.96150891448968,137.0490589765011,118.71781376730198,141.68255273848735,112.98383603521107,126.04392398506373,137.44373137216746
3634,94.82659420701361,113.17212182838048,104.35204534130763,136.99449951261437,137.08463696449112,118.75086596293097,141.71984835380178,113.01584611132,126.07948257533948,137.4804346695201
3635,94.85240064560105,113.20128542884703,104.3804509647618,137.02746965284967,137.12021234219853,118.78392324470106,141.75714288164255,113.04785957311617,126.11501793874467,137.5171409236992
3636,94.87821689833851,113.23044982105482,104.40885352472868,137.0604361390888,137.1557857772345,118.81697907690696,141.79443894298097,113.07988056488043,126.15055897727187,137.55385414744998
3637,94.9040395402486,113.25961382418309,104.43725654523077,137.0933998812661,137.19136038388356,118.85004208581543,141.83173755203472,113.1119069766468,126.1860872141081,137.59057281607224
3638,94.92985457837833,113.28877858969592,104.46566021925973,137.12635584194754,137.22693517005214,118.88312420344845,141.86903852776766,113.14390335768114,126.2216169740027,137.62729856283374
3639,94.95568486861744,113.31794208390237,104.49407830780414,137.1593172517782,137.26250896022927,118.91621591939027,141.90634375196285,113.17592501196316,126.25716312475052,137.66402577432046
3640,94.98153688344874,113.34710957249297,104.52251185723594,137.19228036380605,137.29808134468806,118.94931636079374,141.943649862051,113.20795575360661,126.29273037453983,137.70074904366453
3641,95.0074023547497,113.3762804779369,104.55095410600643,137.22523668808512,137.3336514947496,118.98243217010156,141.98095452075538,113.23998039406548,126.32830133900055,137.73746558801832
3642,95.03327200288456,113.40545224171316,104.57934161172749,137.25818517417108,137.36922301265648,119.01555215887096,142.01825829379038,113.2719979175322,126.36385314170448,137.77418354273902
3643,95.0591451209932,113.43462377885109,104.60773083510907,137.29113571675842,137.40479474780298,119.04868633916303,142.05555683801538,113.30401540222168,126.39940437711935,137.81090184708572
3644,95.08500047530566,113.46379531843434,104.63610196882912,137.32407940431156,137.44036540379102,119.081847358991,142.0928587419895,113.33602400855459,126.43494608083593,137.84762068546564
3645,95.11085486645632,113.49296488466474,104.66447813532989,137.35701567960513,137.47593604555672,119.11501651227884,142.13016473044027,113.3680373681486,126.47047360738829,137.88433940042032
3646,95.13671351119814,113.52213411083717,104.69286639600215,137.38995191117678,137.51150463211803,119.1481857899761,142.16747189787824,113.40006795224615,126.50600091918488,137.92105433309305
3647,95.16254598073867,113.55130416840203,104.72126138281813,137.42287965633608,137.54707422924642,119.18133617904381,142.20478249944745,113.43210270024468,126.54152897612327,137.95776354260465
3648,95.188375817673,113.58047473940655,104.74965900513186,137.4558072748812,137.58264394098396,119.21448730432617,142.2420937002624,113.46409466463658,126.577038879809,137.99447065778406
3649,95.21420797211006,113.60964741578822,104.7780427358261,137.48873279213714,137.6182112500014,119.24764080307331,142.27940123414368,113.49608711462255,126.61254467427585,138.03118098735885
3650,95.24003030518082,113.63882236182768,104.80643931295967,137.52167949544105,137.65377802477968,119.28079703259951,142.31670577816888,113.52808047410248,126.64805184121869,138.0678923843559
3651,95.26585699656826,113.66799857739616,104.8348548109217,137.55463321304714,137.68934037844406,119.31395269580193,142.3540073605377,113.56007540079791,126.6835622972531,138.10460342957316
3652,95.29166474903175,113.69717732813298,104.86327630286473,137.5875902029228,137.72490031276627,119.34710591070368,142.3913042790828,113.59204765923171,126.71907267731102,138.14131403581612
3653,95.32392608190325,113.73064205234019,104.89647745671121,137.6223186345074,137.76046015268227,119.38188815401274,142.42847169899736,113.62645239301975,126.75461285406713,138.17794514723062
3654,95.44143139726484,113.84865279206278,105.01437749688229,137.74086013132847,137.87934964138162,119.5004522517581,142.5475862488965,113.74485793676628,126.87349528386027,138.29698461393974
3655,95.44436058103125,113.8542467069487,105.01908178136878,137.74884009482443,137.89010324886493,119.5091431879904,142.5589574568263,113.75266906555576,126.8846837274212,138.30873785548937
3656,95.46774936354544,113.88111432364322,105.04480833239845,137.7787017794595,137.92339798651653,119.53991549784314,142.59300350148547,113.78236001630245,126.91854466927705,138.3432527833085
3657,95.49317543554751,113.91011081804163,105.07265204033112,137.81073138026102,137.95894687752914,119.57288073934839,142.62931730840833,113.81424108634384,126.95469393111355,138.38004094704604
3658,95.51880966386317,113.93931713481524,105.10070150097758,137.84298184957103,137.9947185237373,119.60605092160932,142.66585797398187,113.8463389588501,126.99106089830468,138.41705750317666
3659,95.54447366849558,113.96854379099081,105.12877584294809,137.8752520848269,138.0305068552997,119.63924576432736,142.70242096004392,113.87845831761,127.02743721666468,138.45409121082548
3660,95.57014796422351,113.9977722888119,105.15685906657205,137.90752428099248,138.06629521877227,119.67246261354073,142.73898696532004,113.9105815102278,127.0637738719144,138.4911345516344
3661,95.59583154858461,114.02700187392094,105.18494969715145,137.939801795852,138.10208506336932,119.70569368556525,142.77555339207234,113.94270548286492,127.10010853976418,138.5281816216972
3662,95.62152783732957,114.05623543320343,105.21304575789709,137.9720862658184,138.13787871955554,119.73893376672994,142.81211974225286,113.97482547850376,127.13645913721659,138.5652285036598
3663,95.64723845528438,114.08547036717975,105.24111177963918,138.00437308314102,138.173672932396,119.77220026020728,142.84868600442053,114.00692507623094,127.17281967477841,138.60227506710459
3664,95.67295458841677,114.11470782631245,105.26918116103514,138.03665890942327,138.2094632136408,119.80548818768797,142.8852527210069,114.03903200993021,127.2091906969087,138.63932519852276
3665,95.69867229127102,114.14394632181009,105.2972517365359,138.06894724886504,138.24525296280396,119.8387802714859,142.92181955973848,114.07114764057302,127.24556574893413,138.67638745503643
3666,95.72438277595901,114.17318409196172,105.32532039218637,138.10121866779622,138.2810430442929,119.8720725272847,142.95838629105253,114.1032656256487,127.28192352199117,138.71345318342586
3667,95.75010112898012,114.20242029794932,105.35338221288227,138.1334808605592,138.31683268927523,119.90536902984154,142.99495275791108,114.1353842168267,127.31828050161916,138.75052388123646
3668,95.77582723655671,114.23165113494356,105.38144348460852,138.1657168633005,138.35261747295814,119.93867780380974,143.03151985268346,114.16751358974774,127.35462491599309,138.78759968771436
3669,95.80153699318164,114.26088310928962,105.40950674745173,138.19794952953117,138.38840284371568,119.97201149542242,143.06808723850938,114.19965232329929,127.3909605467253,138.82469037289587
3670,95.82724398630101,114.29011744024906,105.43756077934911,138.23019920411497,138.42418876691065,120.00535194343092,143.1046546448946,114.23180472579136,127.42729485759833,138.86178552112656
3671,95.85296341160509,114.31935233238471,105.46560623118748,138.26246036294756,138.45997596472168,120.03869141034293,143.1412218747649,114.26396635687674,127.46362515389454,138.8988828688864
3672,95.8786877858583,114.34858516335714,105.49365663410319,138.2947329133073,138.49576358578943,120.07202211834681,143.1777890920265,114.29612988122634,127.4999593667549,138.93597880862183
3673,95.90440569977851,114.37781570786046,105.52169945764022,138.32700842441213,138.53155216883306,120.10532899306467,143.2143564160079,114.32826884884284,127.53627476299754,138.9730633655189
3674,95.93011950179933,114.40704631523147,105.5497342755166,138.359268367797,138.56734380804662,120.13862432896056,143.25092384352882,114.36044132222095,127.57254758945734,139.01015054271048
3675,95.95583053393823,114.43627797319645,105.57775295653079,138.39151838934336,138.6031396440352,120.17191907757756,143.28749121455473,114.39263242376263,127.60882662922529,139.04724414550375
3676,95.98154213838048,114.46551023728352,105.60577037400505,138.42376461651602,138.6389365524546,120.2052000184918,143.3240586693698,114.42483533115424,127.64512629876596,139.0843449175417
3677,96.00721529641564,114.49474317802864,105.6337964333574,138.45600679921017,138.67473344845425,120.23848435749667,143.36062614294536,114.4570414884556,127.68142999476096,139.12145379925028
3678,96.03287898962768,114.52397632801129,105.66182795847817,138.4882530382304,138.71052955440283,120.27175944669062,143.39719336918185,114.48923716374833,127.71771892987711,139.15857459202292
3679,96.05856571794256,114.5532095735474,105.6898570376093,138.52050154695004,138.7463225746681,120.30502816012658,143.4337603725925,114.5214196263002,127.754029627294,139.19569715459227
3680,96.08426570314265,114.5824397208149,105.7178786381179,138.55275852164766,138.78211661781825,120.33828779464585,143.47032747092948,114.5535999847309,127.79035005556588,139.23280897030543
3681,96.10994751376175,114.61167138468122,105.74587549461182,138.58501899144474,138.81791146993783,120.37154575392043,143.50689555584262,114.58576544510495,127.82666760714297,139.2699196243875
3682,96.13561790381624,114.640898388244,105.7738728236542,138.61728845315534,138.85370643341193,120.40480529607274,143.54346401128385,114.61792775412701,127.86294524653975,139.30703037252752
3683,96.16128281271904,114.67011553098135,105.80187791830976,138.64956397271945,138.8895022403868,120.43805641474837,143.58003305960636,114.65012020854917,127.89920072741182,139.34414188250167
3684,96.18693352563858,114.69933168063285,105.8298854200143,138.68184816723044,138.92530016001567,120.47130067227681,143.61660242973542,114.68234267908976,127.93543336841188,139.38125660611976
3685,96.21257632578016,114.72854855540024,105.85789328660323,138.71413504883043,138.96109907875467,120.5045437006522,143.6531725360261,114.71457203586812,127.97166634310513,139.4183717240528
3686,96.23818839183687,114.75776553134925,105.88589746822737,138.74641869218698,138.99689904938273,120.53780094493571,143.68974313836478,114.7468236826154,128.0078842562591,139.45548226768685
3687,96.26379640220722,114.78698165899415,105.91390456143336,138.77871202991767,139.03269900267617,120.57106997200455,143.72631379160697,114.77909660193184,128.0440707585302,139.4925923246039
3688,96.28939934288658,114.81619808823243,105.94191366214137,138.81100746204302,139.06849638791235,120.6043519351731,143.76288403485546,114.81137454327737,128.0802569930122,139.52971249874784
3689,96.31500468936862,114.84541593427633,105.96991197575774,138.84328753141625,139.1042940838538,120.63763745945607,143.79945372407178,114.84366066229943,128.11647038737766,139.56683396317612
3690,96.34061947565885,114.87463619151282,105.99790334566093,138.8755660840471,139.14009319108482,120.67093688022628,143.83602366497445,114.87594951809348,128.15270960709498,139.60394637953453
3691,96.36625354099618,114.90385739742614,106.02589626796109,138.90785329483887,139.17589263013636,120.70424278348989,143.87259432440277,114.90821559019324,128.18895545963542,139.64106715206535
3692,96.39189687094111,114.93307646234386,106.05388213284576,138.94014222140098,139.21169080560952,120.73753833966641,143.90916530550479,114.94048507065325,128.22522712469538,139.67819539844749
3693,96.41754413543495,114.96229368195927,106.08186230035889,138.9724343722907,139.2474906195157,120.77080671196711,143.94573632570197,114.97276267922504,128.26152581806915,139.7153261762734
3694,96.4431728368821,114.99151164439242,106.10983870938192,139.00472783490522,139.28329185725866,120.80407777660909,143.9823071394505,115.00507767720036,128.29783359448848,139.7524556310919
3695,96.46881410814696,115.02072896019159,106.13781979059438,139.0370218247429,139.31909309957558,120.83735326409787,144.01887740984293,115.03741691782962,128.33415362017112,139.78957999905705
3696,96.49446111158692,115.0499440238921,106.16580440068344,139.0693212982875,139.3548929997601,120.87063632831105,144.0554477955317,115.0697605207468,128.3705005854449,139.8267114299679
3697,96.52011130443948,115.0791550711006,106.19380122133158,139.10162235008417,139.390696536196,120.90392129197834,144.0920176322655,115.10205108309444,128.4068796315831,139.86384579039506
3698,96.54576519740566,115.10836219798082,106.22181298871938,139.13392115295633,139.4265025518361,120.93719476732213,144.12858757058802,115.13437182944031,128.4432740578372,139.9009886753513
3699,96.57141641579842,115.13756886365894,106.24984173053932,139.16621016574067,139.46230898847693,120.97045296171555,144.16515751766252,115.16670424102549,128.47968498235406,139.9381373867836
3700,96.5970779082191,115.16677626151636,106.277876329406,139.19848633491023,139.4981143429953,121.0036964733695,144.20172693401204,115.19903158759759,128.51613915590053,139.9752866112346
3701,96.62274245775772,115.19598336249057,106.30591739697198,139.23075539343495,139.53391410753636,121.03695019210754,144.2382957736695,115.23133758721754,128.5526039144439,140.0124297726341
3702,96.64840470109408,115.22519561028284,106.33397507159151,139.26302615926716,139.56970927922572,121.07021700404003,144.27486422062853,115.26361847653867,128.58905912740806,140.0495610111812
3703,96.67404183683206,115.25441272179276,106.3620385875307,139.29530261674088,139.60550740807474,121.1034863475181,144.3114324671357,115.29589317164906,128.62552495607528,140.08669247366967
3704,96.69966779495155,115.28363176209045,106.39009198191512,139.3275844606941,139.64130865506655,121.1367496508178,144.3480011893729,115.32814552367537,128.66199350364406,140.12382707154205
3705,96.72527762060304,115.3128511358054,106.41813233131687,139.3598822616453,139.67711022416705,121.17001352407038,144.3845699912389,115.360390504131,128.69845625912293,140.16097131410024
3706,96.7508798749751,115.34207153847531,106.44617239115087,139.39218537520767,139.712906448601,121.20326576743551,144.4211381549179,115.39262742053084,128.73489536038488,140.1981175326067
3707,96.77649033450199,115.37129321528637,106.47420238169673,139.42447385285502,139.7487027307948,121.23650149631585,144.45770559117594,115.42486662971271,128.77134518646287,140.2352605081002
3708,96.80210593306937,115.40051574395414,106.50223575727193,139.45675979101551,139.7845000273756,121.26972861411726,144.49427306158137,115.45713693388024,128.8078237955393,140.27241282580647
3709,96.82772297744113,115.4297412041941,106.53026339825273,139.48902132579997,139.82029744426393,121.30295816561463,144.53084066077892,115.48941693905776,128.84430826466917,140.30956760809954
3710,96.85334336902878,115.45896811219872,106.55826914491018,139.52127189126898,139.85609388441367,121.33619040299689,144.56740862109544,115.52168422520728,128.8807773944322,140.3467344841803
3711,96.87898864860564,115.48819142640548,106.58626880137027,139.55352342838955,139.89189047689385,121.36942339379512,144.60397657890005,115.55395178559164,128.91725539376378,140.38390526380823
3712,96.90464986035538,115.51741577868532,106.61427058477943,139.58577089408604,139.92768724575708,121.40265722236504,144.64054438495776,115.58624184446161,128.9537338742454,140.42107604956382
3713,96.93031485256101,115.54663910962378,106.64225035048906,139.61801429450102,139.96348410007127,121.43589092016877,144.67711241509434,115.6185371728932,128.99019426944068,140.4582469077671
3714,96.95599457299939,115.57585628182471,106.6702324744326,139.65024859228146,139.9992814380588,121.46911342294554,144.713680388208,115.65081609818438,129.02664795607677,140.49541228362867
3715,96.98168270757013,115.60507213736561,106.69821716457719,139.68247247790907,140.03507975573945,121.50233936930128,144.75024768530074,115.68307890734798,129.0630787959279,140.53257636789036
3716,97.00737331341142,115.63428484983257,106.72618876643237,139.71469688816242,140.07087802970523,121.53556569975323,144.78681529249786,115.71529125385074,129.09951533854556,140.5697276338562
3717,97.03306061785004,115.66349443881207,106.75415753534415,139.74692262016399,140.1066746296487,121.56877712199295,144.82338365930906,115.74747561924433,129.13595180226514,140.6068719604462
3718,97.05875212302406,115.6927015892253,106.78212818680596,139.77912678226852,140.14246654893626,121.60196925226866,144.85995263817307,115.7796441301028,129.17238632632663,140.64401542518846
3719,97.08443994801775,115.72190937695063,106.81011285235975,139.81132191047536,140.17825857678375,121.6351771431968,144.89652171934475,115.811823770736,129.20882679683777,140.6811602139768
3720,97.11013610364512,115.75111493834174,106.83810966829157,139.843505592161,140.21405002850912,121.66840222733062,144.93309056921888,115.8440058648616,129.2452689835195,140.71830960842286
3721,97.1358436958558,115.78031853141347,106.86610942845452,139.87567266714404,140.24983659569438,121.70163707428097,144.96965906962126,115.87615202199456,129.28171046529783,140.75547174902712
3722,97.16155854417357,115.80952252445923,106.89411054460227,139.9078315907758,140.28562252989863,121.73487524511127,145.00622624592216,115.90828406986856,129.31814513036332,140.79264055583732
3723,97.18725473454542,115.83872359664322,106.92209901359543,139.9399836692004,140.32140415923172,121.7681135180543,145.0427931834331,115.94040765533806,129.3545731200287,140.82981717327812
3724,97.21291324491524,115.86792595536738,106.9500800781094,139.9721387844661,140.3571814179187,121.8013621942999,145.07936027408005,115.97252979106477,129.39101355427883,140.86699985627257
3725,97.23856988922108,115.89711966566335,106.9780678146578,140.00429367530245,140.39295896555745,121.83462029973217,145.11592746575758,116.00463029650119,129.4274605223841,140.9041870879721
3726,97.26423593580081,115.92631137296232,107.0060682396535,140.03644933064334,140.4287363783365,121.86787965484872,145.15249422734107,116.03673096714552,129.46390706885964,140.94137446323643
3727,97.28990379083335,115.95550234679757,107.03407328128145,140.06860527140353,140.46451148085296,121.90112829262146,145.1890604776375,116.06881628787464,129.50033710451422,140.9785536678095
3728,97.31556975364575,115.98469499077207,107.06207624710002,140.10074498729313,140.50028668997024,121.93439795759298,145.2256265385707,116.10087402214745,129.53671527317005,141.0157273041111
3729,97.34124131610648,116.01388954159839,107.09008738707874,140.1328939319804,140.53606187747192,121.96770704599302,145.26219203365528,116.13290619987632,129.57308704699994,141.0529082321299
3730,97.36692050259616,116.04308477539442,107.11811090068264,140.16504679914064,140.57183734303538,122.00104889678177,145.29875709444622,116.16493072545744,129.60944163546924,141.0900970709741
3731,97.39260565748785,116.07228267074909,107.14614545289594,140.1971963998998,140.60761024400975,122.0344077136111,145.33532230374632,116.19693460546989,129.64580821947968,141.12728584010856
3732,97.41829762183207,116.10148225951626,107.17419191190922,140.22933615815435,140.64338282252436,122.0677696738934,145.37188820173614,116.22893339074093,129.68218004307641,141.16446745622602
3733,97.44395812695845,116.13068088175439,107.20224227984546,140.26146898414572,140.67915175967366,122.10112736048646,145.4084542763263,116.26094652099783,129.71855098375573,141.20166071830087
3734,97.46961229380292,116.15987961488074,107.23029575935573,140.29360736122544,140.71492049433056,122.13446280017816,145.44502036903845,116.29296431188182,129.75493784976717,141.2388581996927
3735,97.49526761397397,116.18907876955096,107.25835394517931,140.32574765306984,140.7506895224779,122.1678098810964,145.4815863737643,116.32498282524344,129.79136578495613,141.2760604774488
3736,97.52090944509047,116.21827920568741,107.28641410473173,140.35789563153335,140.78646103960187,122.20116085586652,145.51815094313432,116.35700165763978,129.82783061801325,141.31326522436754
3737,97.54655048320744,116.24747717524474,107.31446478626754,140.39004716335023,140.82223687599546,122.23448383335176,145.55471451226333,116.38900526090096,129.86431375759676,141.35047091194244
3738,97.57218835592478,116.27667014689433,107.34251816804814,140.42218678874121,140.85801474206804,122.26779650466173,145.59127825301798,116.42100827260342,129.9008068734129,141.38767664728974
3739,97.60439297270297,116.31013894171879,107.37559164573743,140.4566483468723,140.89377865580445,122.30264050096366,145.62777248090075,116.45541915857481,129.93723757312165,141.4247606775588
3740,97.72187446730537,116.42815139110061,107.49343806192249,140.5750777568429,141.01269671483865,122.42123053496603,145.74679278391542,116.57382728623836,130.056248982192,141.54386355290757
3741,97.72494264336065,116.43403292953529,107.49810474803948,140.58340820776118,141.02391869550928,122.42992896667404,145.75850229498377,116.58155971208878,130.06749954485224,141.55511840903452
3742,97.74852972427004,116.46126555905093,107.5237673979084,140.61371931837385,141.0577852543545,122.46069971522316,145.79296383750346,116.611132928283,130.1014182281741,141.58902943808388
3743,97.77419577521803,116.49063477253179,107.55152485502374,140.64622301207066,141.09392005930297,122.493700773346,145.82969845065233,116.6428987828834,130.13761721836474,141.62521488094853
3744,97.80008019921287,116.52021690732255,107.57949067708536,140.67893621144606,141.13028218593655,122.52691400575009,145.86666123810775,116.67488382057964,130.1740493850503,141.661629387708
3745,97.82600105707802,116.54982184482314,107.60747359321401,140.71166324215497,141.16666519069076,122.56013826001521,145.90364729933384,116.70689278757932,130.21049805407674,141.6980687674172
3746,97.85193261166987,116.57942968029083,107.63545962079195,140.7443773789182,141.20305517022484,122.59334157976636,145.9406348945625,116.738906628724,130.24692705978543,141.73451009957222
3747,97.87786512508097,116.6090299006298,107.66345142612064,140.7770720795526,141.23944826588263,122.6265495523513,145.97762289998545,116.77094688983377,130.2833194143984,141.77095149239176
3748,97.90380798662699,116.63862223731223,107.69144654663292,140.80974669278322,141.2758448408027,122.6597587136265,146.0146122056824,116.80300399010858,130.3196838844345,141.80739487007742
3749,97.92973283649341,116.66819317471216,107.71942915621493,140.84243057630945,141.31224216971893,122.69298808293475,146.05160590611416,116.83506517775902,130.3560662141377,141.8438384073346
3750,97.95565497593172,116.6977679228123,107.74742815518852,140.87511670921947,141.34864111078355,122.72624682763634,146.08860052651116,116.86712686302198,130.39245401933272,141.88028436194793
3751,97.98157349123439,116.72734629442535,107.77544201134957,140.9078108981341,141.38504189876696,122.75952243650823,146.12559306348942,116.8992072944052,130.42885501938457,141.9167312249255
3752,98.00747475760075,116.75692590537078,107.80346314053395,140.94051999521054,141.4214475232657,122.79281807079906,146.16258671513367,116.9313126632029,130.46525761383649,141.95318175694783
3753,98.0333557896988,116.78650914606835,107.83151215327531,140.97323272473474,141.4578565804479,122.8261190724861,146.19958238206908,116.96342666691717,130.5016308236732,141.98963346089968
3754,98.05924219680527,116.81609378502017,107.85957240613018,141.0059360181815,141.49426620319414,122.8594089289863,146.23657849646682,116.99556508083496,130.53798617757386,142.02608649260608
3755,98.08510912425828,116.84567721209137,107.88763518656268,141.0386396017393,141.53067505413472,122.89267178314641,146.273574692287,117.02772655469829,130.57433500511556,142.06253989555532
3756,98.11095991696871,116.87525788480534,107.91570450573586,141.07133934663503,141.5670814883155,122.92592560472077,146.3105707483717,117.05989328681329,130.61068346415524,142.09899236358623
3757,98.13681540650965,116.90484181129041,107.94378397246034,141.1040487140173,141.6034871221783,122.95917332344565,146.3475634437371,117.09203318129113,130.64700579664319,142.1354431985279
3758,98.16267450685125,116.93443133088749,107.97187434245288,141.1367709965358,141.63988643951623,122.99242396023553,146.38455581022208,117.12417136818141,130.6833109994583,142.17190098243904
3759,98.18853730613954,116.9640229241185,107.99997323464255,141.16949651048094,141.6762800924537,123.02567781206014,146.42154525288916,117.1563085445839,130.71960904180224,142.20836486551426
3760,98.21438591421527,116.99360887686355,108.02807518184278,141.20221341419182,141.7126654706473,123.05893911957494,146.45853308057886,117.18848289042798,130.7559121488022,142.24483213787593
3761,98.24023143949385,117.02319356875205,108.05617030862065,141.23491804820816,141.74905228298923,123.09222880986157,146.4955193716007,117.22066949148791,130.79221564152292,142.28129976519125
3762,98.26607948529846,117.05276743740832,108.08426690712369,141.26762831726325,141.78543899996467,123.12554525362278,146.53250356624363,117.25285513001089,130.8285273089391,142.31776418207963
3763,98.2919452124739,117.08233942691312,108.11236327040827,141.30033984249428,141.8218211204916,123.15887197035846,146.56948736366095,117.28504248640975,130.86484210449134,142.3542248403199
3764,98.31781992671644,117.1119082912747,108.1404641103232,141.3330484190122,141.85820277837558,123.1922156958876,146.60647155838794,117.31723658760153,130.90113190207683,142.39069104438283
3765,98.343687097116,117.1414795829711,108.16855043116561,141.36575792182114,141.89458403243512,123.22557561719793,146.64345596131292,117.34941606925312,130.93738623929704,142.4271586503545
3766,98.36955779419884,117.17105557217698,108.19663007146198,141.3984904420483,141.93096277816696,123.25893908245703,146.6804421148054,117.38160232906658,130.9736163569849,142.46362670043703
3767,98.39544151606889,117.20063868471183,108.22470084736838,141.4312468529263,141.96733833648918,123.29229680047987,146.71742921851794,117.41379195721767,131.0098445852189,142.50009616109656
3768,98.42133423386618,117.23023030980166,108.25276585601884,141.46400868453938,142.00371833027307,123.32562693841682,146.75441659074062,117.44597750802419,131.04611244924573,142.53657954116022
3769,98.44719648188845,117.25982502901847,108.28082731922798,141.4967657909872,142.04010030076313,123.3589540622944,146.7914045838052,117.47817716586029,131.0823909019045,142.5730701767982
3770,98.47305028682591,117.28940920060212,108.30888695783663,141.52951361597493,142.0764818166924,123.39227700154163,146.828392995483,117.51038322570705,131.1186631002959,142.60956314110464
3771,98.49889164111067,117.31899299968673,108.3369559158279,141.56225402992501,142.11285718836965,123.42560765095418,146.86538112461747,117.54259227481441,131.15490188554824,142.6460656937092
3772,98.52473527868318,117.34857178813189,108.3650339062923,141.5950002054587,142.14923391671587,123.45894058278597,146.90236812239866,117.57480197232863,131.1911205777083,142.68257150347264
3773,98.55058530846905,117.37815167551965,108.39312380246366,141.62774760098355,142.18561124413446,123.49229959306219,146.93935679823994,117.6069946567282,131.22728421389047,142.71908674729366
3774,98.57644837993992,117.40772872841569,108.42121841558037,141.66048856964565,142.22198780502646,123.52569087354817,146.97634930764522,117.6391677421875,131.26344675124972,142.7556040583357
3775,98.602321599456,117.43730209631,108.44930962028408,141.69321330744233,142.25836139017136,123.55908977644683,147.01334457650657,117.67134426840951,131.29963846785688,142.7921214933908
3776,98.62820034362319,117.46687220736852,108.47740172473907,141.7259360400461,142.29472952739133,123.59248236412338,147.05033997166154,117.70351394161446,131.33583674582795,142.82864456435877
3777,98.65408969547927,117.49643700456609,108.50549931766051,141.75866306546075,142.331098200506,123.62586242299301,147.0873331514733,117.73570045795434,131.3720242549161,142.86517071208712
3778,98.67998797214837,117.52600321243976,108.53360668577854,141.7913974450572,142.36746962280966,123.65924224110117,147.12432787196713,117.76789183040586,131.40818594191376,142.9016988848899
3779,98.70589156476257,117.55557428360068,108.56172265141522,141.82413426856496,142.40384246712307,123.69264069092041,147.16132391547535,117.80007592207785,131.44435239461598,142.93822668307632
3780,98.73177332124328,117.58514741083498,108.58984173159585,141.85686761896943,142.4402184583856,123.7260421085871,147.1983199239728,117.83227412510412,131.48051923186446,142.97474707567494
3781,98.75765809200917,117.61472091343701,108.61795531121788,141.88959676355051,142.47659596745422,123.75941564308982,147.23531261117245,117.86448109392725,131.51669024659296,143.0112662617112
3782,98.78352335063518,117.64429416214257,108.64604638408166,141.9223292286412,142.5129733894741,123.7927957612417,147.27230447179093,117.89668953546038,131.55287097615948,143.0477732662261
3783,98.80939746836683,117.67385009064499,108.67413365817528,141.95506779084323,142.54934777153164,123.82618028130815,147.3092969012232,117.92888102084163,131.58905702943795,143.08428393482393
3784,98.83523953574746,117.70340183316851,108.70224090033656,141.98780798996773,142.5857210339553,123.85956797449538,147.34628922411036,117.96107054001607,131.6252432050831,143.12079528175698
3785,98.86106870970693,117.73295563328719,108.73035615863687,142.02054030744765,142.62209053785156,123.89296978440721,147.3832802871954,117.99322526591699,131.6614358133529,143.1573063670154
3786,98.88689768961937,117.76251141357784,108.75846567410557,142.0532673130511,142.65845151111793,123.9263871446897,147.42026960572568,118.0253754596098,131.6976583851368,143.19381842839024
3787,98.91274281834589,117.79206805203758,108.78659399392588,142.08599605545825,142.69480981266588,123.95981007112411,147.45725668090085,118.05752788082006,131.73388687143165,143.23033031180825
3788,98.93859787461724,117.82161907957232,108.81473182744251,142.11870089331035,142.73116385679293,123.99323334905017,147.49424640268882,118.08964599746069,131.77009747330786,143.26683844254546
3789,98.96445529822057,117.8511693055814,108.84284373313639,142.15140185230575,142.76751081763848,124.02665808017795,147.53123664730336,118.12175614138357,131.80630549458368,143.3033507419836
3790,98.99030701318239,117.88071970263677,108.87095761381777,142.18409092658524,142.8038602133807,124.06008549184011,147.56823078040233,118.15386349184058,131.8425144020698,143.33987089528205
3791,99.0161636793036,117.91027738478293,108.89907380554828,142.21675944252715,142.84021251649813,124.09351436220295,147.6052262054492,118.18597478439514,131.8787352737757,143.37639257417575
3792,99.04200446486958,117.93984119583158,108.92717627303475,142.24941207500007,142.8765658276287,124.12694493268654,147.64222055314187,118.21806570033083,131.9149576855652,143.41290906999225
3793,99.06784933880297,117.96940654546727,108.95528427123065,142.28206558643564,142.91291915429733,124.16037404868335,147.67921032291125,118.25015152404475,131.9511451984586,143.44942634349076
3794,99.09369626758878,117.99897420974607,108.9833938455906,142.31471784673099,142.94927156087883,124.19376396345874,147.7161948002533,118.28223274542064,131.98732405115246,143.485949119883
3795,99.11953823905753,118.0285430960922,109.01150200690375,142.3473707633799,142.9856235974727,124.22712898094748,147.75317487673158,118.31431347314154,132.02352207667394,143.5224793070963
3796,99.1453718809034,118.05811244744187,109.03960733048962,142.38003354551137,143.0219747449129,124.26050780440858,147.7901503397663,118.34640540176744,132.0597265607115,143.5590136747234
3797,99.17118931327697,118.08768721665211,109.06770203461771,142.41270256946365,143.05833198180952,124.29390518371626,147.82712412211475,118.37851363016966,132.0959295547428,143.5955485088273
3798,99.19697548539739,118.11726343288893,109.09579539780793,142.44538152016347,143.094694531367,124.32731387571769,147.86409989470906,118.41062581559615,132.13213666688534,143.6320805026301
3799,99.22275730722536,118.14684035695318,109.12389199779271,142.4780633529636,143.13106086370468,124.3607297797026,147.90107682302624,118.44271642141896,132.16834526089568,143.66860641783498
3800,99.24854357478264,118.1764181881146,109.1519891202674,142.51075481401958,143.16743210660465,124.3941700937811,147.938053904009,118.47480961640666,132.20455383425175,143.7051327142209
3801,99.27433265469881,118.20599834621002,109.18008313990256,142.5434514699719,143.20380626199983,124.4276172721566,147.97503139424126,118.50690160322262,132.24074525011278,143.74165930251405
3802,99.30012982950636,118.23557962639455,109.20816912960832,142.57614637281452,143.24019013310513,124.46103657624577,148.01201085530948,118.53902007199892,132.2769288145936,143.77818234916717
3803,99.32593335198843,118.26515807519009,109.23626805927692,142.60882667593106,143.2765792006226,124.49446331789895,148.04899077585304,118.5711745968843,132.31308318513558,143.81471404694432
3804,99.35174674718908,118.29473702551834,109.26437257761721,142.64150052973494,143.3129689128876,124.52789707534656,148.0859724547819,118.60333910243244,132.34921572633522,143.8512532841302
3805,99.37755175261714,118.32431274661373,109.29247350110934,142.67417469428582,143.3493571753633,124.5613339795331,148.1229564965962,118.63550292216725,132.38533866464684,143.88779351268957
3806,99.40336984814273,118.35388089506073,109.32056112962216,142.70684932267494,143.385743348559,124.59478295238925,148.15994069762434,118.66764420024812,132.42146421621268,143.92433104426064
3807,99.42920652858962,118.38344466924211,109.34864985345092,142.73952108721403,143.42213046684668,124.62823532491134,148.19692258677338,118.69978504171844,132.45757820971158,143.9608613175814
3808,99.45505054843467,118.41300799721093,109.37673948478322,142.77218496987462,143.4585155909937,124.661674361495,148.23390457096838,118.73192749589897,132.49366657949267,143.9973839981503
3809,99.4808898146064,118.44257269078602,109.40482449602528,142.80484529470417,143.4948985188864,124.6951061774244,148.27088547482452,118.76404717052974,132.5297194098096,144.03390645079287
3810,99.50673438119891,118.47213387452328,109.43288828887347,142.83751297644991,143.5312815944195,124.7285471196443,148.30786609433918,118.79616786279969,132.5657680523525,144.07042368670784
3811,99.53256564022435,118.50169612030159,109.46094867666274,142.87018488919986,143.56766476762493,124.76199162149354,148.3448452379203,118.82827347718684,132.6017882468785,144.10694205253608
3812,99.5583711929527,118.53125727183452,109.48901130320326,142.90284844091417,143.60404800377336,124.7954360517203,148.3818294909197,118.86038053429911,132.63778386104187,144.14346013214976
3813,99.58418260574993,118.56082056487604,109.51705682120304,142.9355204938295,143.6404321081687,124.82886277042076,148.41881797573265,118.89251673805207,132.67376062693512,144.17997358602233
3814,99.60997196163552,118.5903841774036,109.54511189565626,142.96819653938053,143.67681864297884,124.86224867229866,148.45580799207474,118.92466215521627,132.70971692782655,144.21649024857336
3815,99.63572506763194,118.6199475425486,109.57317601942597,143.0008762656884,143.71320996172145,124.89560331096774,148.4928005828615,118.95680757006089,132.7456887419648,144.25301132564303
3816,99.66148491668595,118.64950464655367,109.60124849715152,143.03355829618312,143.74960863514792,124.9289448174766,148.52979469267498,118.9889405370725,132.78167960022236,144.2895328007456
3817,99.68726227717654,118.67905497248796,109.62933217389728,143.06624515341323,143.78600913378165,124.96227637890338,148.56679019606906,119.02107510288866,132.8176744243924,144.3260490873692
3818,99.71304839877048,118.70860804394808,109.6574274687371,143.09893435471443,143.82240900450878,124.99562931340948,148.60378589063825,119.05317791539461,132.85366750534288,144.36256359569396
3819,99.7388127632026,118.7381636128253,109.68553435203637,143.1316142063933,143.85880609048854,125.02898774225106,148.640780119581,119.08527327760186,132.88966268872514,144.39907612612555
3820,99.76458180574954,118.76771978140565,109.71364600133737,143.16428885148838,143.89520391361768,125.06234335966225,148.67777363157816,119.11738245307879,132.92565801433045,144.43558286378664
3821,99.79036329182408,118.7972735086413,109.7417487560311,143.19694894131112,143.93160538933952,125.09569286808829,148.71476808153903,119.14950961161264,132.96164954534973,144.47208070263179
3822,99.81616402958174,118.82682839201307,109.76987112991951,143.22958791204593,143.96801871106462,125.12904780467079,148.75176371900898,119.18164550005831,132.99760278164112,144.50857965779554
3823,99.8419875899497,118.8563864344423,109.79801082373102,143.26221396751603,144.0044354522624,125.16239676818365,148.78875950640665,119.21378332815543,133.03356792717992,144.54508115198243
3824,99.86782777729641,118.885945892784,109.82615522807737,143.2948371117914,144.04085158603237,125.19574153148449,148.82575628052646,119.24590517874665,133.06953801787108,144.58158366089302
3825,99.8936754214984,118.91550338995103,109.8543014362259,143.3274534483693,144.07726087411956,125.2290889791017,148.86275659095296,119.27802976490567,133.10549674811475,144.6180881206038
3826,99.92594785201483,118.9490981115308,109.88740751454361,143.36206961797467,144.11361245135137,125.26394368057657,148.89965390463598,119.31247994741643,133.14142994707927,144.65452793208652
3827,100.04345782838729,119.06716345014986,110.0052676229926,143.48056396476446,144.23261278327493,125.38253821075158,149.01873063966272,119.43090457962651,133.26037170604542,144.7735406168052
3828,100.0461107343537,119.07276467455593,110.01085575760304,143.4892544101492,144.243776248185,125.39168804113771,149.03011307585905,119.43864559059679,133.27093642407235,144.78476268364926
3829,100.0691453511873,119.09963672813534,110.03772246698611,143.5200245011141,144.27757624975814,125.42303067311839,149.06417369613604,119.46822188030467,133.3040116302843,144.81862440508937
3830,100.09421014552677,119.1286395520005,110.06670817962744,143.5530078899751,144.3136399832995,125.45659590626268,149.10050177020554,119.49998167738924,133.33934364143724,144.85474336558383
3831,100.11947689880388,119.15785786360435,110.09590793835011,143.58622226130998,144.3499297808479,125.4903753697653,149.1370567600114,119.53195271317672,133.37490786117087,144.89107827721526
3832,100.14476389621865,119.18709868126533,110.12512913540404,143.61945889952835,144.3862437804664,125.52417438607344,149.17363402801274,119.56394445736439,133.41051427059966,144.92743050316844
3833,100.17005247975948,119.21634371974481,110.15435161540579,143.65269625388953,144.4225598429192,125.55797470097264,149.21021404794564,119.59593899190072,133.44615410560925,144.96379070189855
3834,100.19533692975709,119.24559184759683,110.18357018034413,143.68594219625072,144.45887544136556,125.59176329654825,149.24679550364968,119.6279345398628,133.481808207744,145.0001547034099
3835,100.22061743493727,119.274843834625,110.21275995026235,143.719204598356,144.4951906565756,125.62554609394857,149.2833771870519,119.65994042036779,133.51746540996112,145.0365189427192
3836,100.24590492741316,119.30410120582825,110.24195692814422,143.75247483583428,144.53149859073312,125.65933115331217,149.31995800417835,119.69197642909654,133.5531345626317,145.07288002290926
3837,100.27119415882116,119.33336255360828,110.27117108789736,143.78574612319386,144.56780020445376,125.6930899689852,149.3565387781644,119.72402186362301,133.5888188267789,145.10924085714964
3838,100.29648476352187,119.36262482858471,110.30038987155699,143.81901488759635,144.60410178744573,125.72684864742581,149.39311925080014,119.75605382677509,133.62451527639985,145.14560275858227
3839,100.3217837742674,119.3918872443112,110.32960515263318,143.8522935263125,144.64040030688588,125.76061111036553,149.42969983689952,119.78806157118899,133.66021403521378,145.18196540422684
3840,100.3470877154926,119.42114495323189,110.35882269600934,143.885584878534,144.67669230515276,125.79438096504386,149.46628011863217,119.82007281037798,133.6959059604689,145.21832892929163
3841,100.3723835394176,119.4503999957352,110.38805439359038,143.91887933083032,144.7129796938581,125.82814612396376,149.5028590038605,119.85209193529138,133.73156654012533,145.25469345932498
3842,100.39767220914617,119.47965194388746,110.41730325755636,143.95216775868468,144.74926890777417,125.86192095983094,149.53943740620332,119.88411778838488,133.76722036944994,145.29105892498447
3843,100.42297404059572,119.50890498672987,110.44655747990312,143.98545511640145,144.7855586906821,125.8956964291189,149.5760158742865,119.91615032353984,133.80286588969219,145.32742398295238
3844,100.44829097044806,119.53815956994472,110.47580921595001,144.0187429128005,144.82184579052085,125.92944192856879,149.6125946285257,119.94820071152914,133.8385107124517,145.36378230524448
3845,100.47361253277688,119.56741281502853,110.5050390123633,144.05203350770785,144.85812735284102,125.96319362507218,149.64917390775472,119.98027388540184,133.87413735722927,145.40013969157263
3846,100.49893661615019,119.59666698400814,110.5342747703819,144.08532438530602,144.89440449295125,125.99694587162595,149.68575330445145,120.01235438021632,133.90977307682067,145.4364965957718
3847,100.52424858091844,119.6259160983655,110.56352328442443,144.1186070213633,144.93067961816197,126.03068644555843,149.72233371564448,120.0444353401722,133.94541793085622,145.47285507440364
3848,100.54953188542265,119.65516367685531,110.59279358060952,144.15189048913757,144.9669526168365,126.06439942494418,149.75891442752783,120.07652311941163,133.98106400304783,145.50921386611668
3849,100.57480721514436,119.68441097762198,110.62208049346476,144.18518214520952,145.00322602557503,126.09809727814347,149.7954948462619,120.10861886746721,134.01669562888196,145.5455709726587
3850,100.60008665573775,119.7136585819757,110.65137214942725,144.21847948676654,145.03949981955952,126.131786041909,149.8320749158299,120.14071645165592,134.05231972267939,145.58192841929517
3851,100.62536166069822,119.74290716082497,110.68065260472268,144.25177755878548,145.0757731981377,126.16547275088428,149.86865440369212,120.17279322227117,134.08795722359818,145.6182860320188
3852,100.65063874400893,119.77215789146234,110.70992528688508,144.28506861932058,145.11204686103684,126.19916227709045,149.9052339306834,120.2048804358665,134.12361252589247,145.6546385061204
3853,100.67592071484978,119.80140992175961,110.73920874742421,144.31836103569668,145.14831745767364,126.23283858339536,149.9418135395393,120.23699216961334,134.15927105344767,145.69099049827943
3854,100.70118266442589,119.83066031299825,110.76849666316208,144.3516507871624,145.1845811275004,126.26652584947877,149.97839307917116,120.26911282620623,134.1949160890354,145.7273429244645
3855,100.72646223960824,119.8599074458705,110.79776611510404,144.38494092612535,145.2208441924993,126.30024262296467,150.01497115283652,120.3012338506018,134.23055893588204,145.76369330647984
3856,100.75174959104457,119.88915976474405,110.82701214441151,144.4182267713203,145.25709958549672,126.33396820957321,150.05154966128947,120.3333460209828,134.26617835464967,145.80003774278802
3857,100.77704423406348,119.91841771104777,110.85623125863452,144.4515018703435,145.2933596794962,126.36768266042533,150.08812828840513,120.365454306465,134.30176421823526,145.83638061062834
3858,100.80234343787085,119.94768019337377,110.88539832555135,144.48477629335733,145.32962065164227,126.40137880193835,150.12470734544954,120.39757143613093,134.33733838892425,145.8727193951835
3859,100.82763764091112,119.97694581827689,110.91454917032335,144.5180598358135,145.3658764781441,126.4350652366713,150.16128653579028,120.42968969434992,134.37289530099312,145.90905929044402
3860,100.85294846369725,120.00621661551246,110.94366562266053,144.55134739169836,145.40213772020297,126.46874678159553,150.19786529469266,120.46177526387098,134.40845439688496,145.94540472991542
3861,100.87827695112942,120.03549306878006,110.97278486609855,144.58463526367842,145.4384054060207,126.50243223712796,150.23444240858657,120.49384208568445,134.4440285689582,145.98175318455256
3862,100.9036115725883,120.06477110497495,111.00189713136922,144.61791900056915,145.47467418324285,126.53612183684541,150.27101912611093,120.5259108890076,134.4796064586235,146.01810427245397
3863,100.92894105628686,120.09404891930964,111.03100624446553,144.65119954664627,145.51094195446677,126.56981243023841,150.3075955761873,120.55798379643778,134.51518241124356,146.05445803996673
3864,100.95425692597219,120.1233270863607,111.0600934583651,144.68448216513653,145.5472092747631,126.60350025575426,150.3441726710281,120.59006213621144,134.55075159493686,146.090812448305
3865,100.97957221556527,120.15260206212648,111.08920301824325,144.71776560241304,145.5834710778448,126.6371883080363,150.38075009605143,120.62212166027949,134.5863128129775,146.12716694551082
3866,101.00488431773364,120.18187813423687,111.11833922546315,144.7510477078934,145.61972898413325,126.6708866323451,150.4173273994916,120.65418779788396,134.62186612980554,146.1635303541845
3867,101.03020356229025,120.21115622947282,111.1474843863739,144.78432845290973,145.65599095872054,126.70458906323196,150.45390336633633,120.68626434937866,134.65742034124514,146.19990418649593
3868,101.05552909985607,120.24043505726094,111.1766130484817,144.81761022627506,145.69225395197364,126.73828864538042,150.49047933462774,120.7183005737156,134.69297355073286,146.23628019629948
3869,101.08086750129928,120.26971320004557,111.20573455055931,144.85089357230058,145.7285090699822,126.7720042175564,150.5270563233597,120.75034154334898,134.7285273210091,146.27265452276794
3870,101.10621212319478,120.29899536246963,111.23485977772135,144.88417543525523,145.7647560623661,126.80575748851484,150.5636336066983,120.78239135121605,134.76407738745613,146.3090317395524
3871,101.13155735252306,120.32828196047025,111.2639905563771,144.91744673190138,145.801002865968,126.83952956327228,150.60021136301472,120.81444356701627,134.79962978697606,146.34540959538822
3872,101.1569059588689,120.35757102862125,111.29313301230428,144.95071884590777,145.83725913002777,126.87330341916503,150.63678950757802,120.8464988620619,134.83517653396004,146.38178321539326
3873,101.18226045416887,120.38686319521528,111.32227995110345,144.98397898998743,145.87351771214878,126.90705092630165,150.67336791673748,120.87856304756733,134.87073282413766,146.41815683777122
3874,101.20761692211373,120.41615801538082,111.35141874910659,145.01724674430338,145.90977720624926,126.940787849758,150.70994715782513,120.91061144744258,134.9062908350611,146.45453304291036
3875,101.23297412787872,120.4454550845371,111.38056438119928,145.05051715522876,145.9460413096028,126.97453004569404,150.74652683099225,120.94266505413479,134.94183157464917,146.49091361806293
3876,101.2583132675772,120.47475280882006,111.40971197051276,145.08377775895727,145.98231505491054,127.00826718732262,150.78310682942424,120.97470689143667,134.9773479456969,146.52729490923912
3877,101.28363926364614,120.50405063254938,111.43885307704734,145.1170309237468,146.01859091875917,127.04200547928677,150.8196870229467,121.00674952252307,135.01285022809523,146.56367776673832
3878,101.30897071811148,120.53334741428974,111.46799853426398,145.1502873575256,146.05486085529276,127.0757452578893,150.85626738601343,121.0387583351086,135.04835822906486,146.6000634440275
3879,101.33430683508365,120.56263886150283,111.49712537711943,145.18354436134965,146.09112357254517,127.10948500670905,150.89284849912968,121.07076699288659,135.08386727319603,146.6364529031987
3880,101.35962512819796,120.59192949997744,111.52625333256046,145.21679363998788,146.1273861401818,127.1432242962865,150.92942976661868,121.10278668259964,135.1193522146095,146.67284315091993
3881,101.38494617514043,120.62121778523564,111.5553764382145,145.25004305956986,146.1636485625606,127.17694654283943,150.9660103700256,121.13480812719007,135.15484816219987,146.70923106154677
3882,101.41027108987798,120.65050316684457,111.58450865348968,145.2832968849142,146.19990676516431,127.21067344697458,151.00259011804368,121.16682331439317,135.1903710505278,146.74561771945292
3883,101.4355839192024,120.67978788206122,111.61364466408766,145.31655306765174,146.23616682772234,127.24439295013956,151.03917070552075,121.19882371707531,135.2259116589336,146.78200028946776
3884,101.46089000868163,120.70907331038659,111.64275929436118,145.3498091960245,146.27242735408666,127.27811258322625,151.07575184121632,121.23083084967644,135.26146113196822,146.81838291328668
3885,101.48620276387825,120.73835385102153,111.6718564254069,145.38305700445576,146.30868136060388,127.3118219866459,151.11233302142293,121.26284948920134,135.29701041941385,146.85476150875874
3886,101.51149664459848,120.76763452474476,111.7009904731743,145.41629509192143,146.34493311589318,127.34552951003465,151.148914105207,121.29487579974933,135.33253453324306,146.8911413688096
3887,101.53679807024437,120.79691448318212,111.73014353042831,145.44953281008137,146.38118550750104,127.3792325051728,151.1854945733883,121.32690276987125,135.36806336212103,146.927521515456
3888,101.56210598211106,120.82618849330666,111.7593117321437,145.48277097959223,146.41743824211548,127.41294927248487,151.22207514461465,121.35893277524819,135.40360835977538,146.96389856478203
3889,101.58739348358984,120.8554543455539,111.78851296096744,145.5160098844801,146.45369126112968,127.44667523281478,151.25865548631526,121.39098405978807,135.43915649036524,147.00028486336979
3890,101.61267928458042,120.88472090621853,111.81772556040772,145.54925256783417,146.48994377948696,127.48040314574152,151.29523557941562,121.42304158229088,135.4746909118994,147.03667311919617
3891,101.63795029791943,120.91398768716876,111.84693330680298,145.58249614521947,146.52618693126206,127.51411565459578,151.33181566034284,121.45509221221202,135.51019124704783,147.0730566447166
3892,101.66322139487401,120.94325594918034,111.8761403695125,145.61572608445482,146.5624272925832,127.54780201562258,151.36839576399188,121.48710511058552,135.5456807094186,147.1094458371232
3893,101.68849025629359,120.9725246760157,111.90535160404038,145.64895820918886,146.598665206068,127.58148524853914,151.40497611218387,121.51911068490458,135.58116919537997,147.1458390383263
3894,101.71374135158601,121.00179345594819,111.93459297653811,145.6821928363831,146.63490577714384,127.61516969173566,151.44155647378992,121.55111213887939,135.61668046147312,147.18223324949912
3895,101.73899786750167,121.03106523957304,111.96385526065797,145.71543443722004,146.67114632488054,127.6488616817545,151.4781360865002,121.583131177577,135.65221644975577,147.21863113867104
3896,101.76425742424009,121.06033855624396,111.99312216163788,145.74868111076452,146.70737720338786,127.68255622063796,151.51471553018504,121.61518093030061,135.68776752725904,147.2550335778741
3897,101.7895129836673,121.08961469288253,112.02238140116353,145.7819287871965,146.7436043407195,127.71625679434887,151.55129573793343,121.64725054960715,135.72331905212178,147.2914370051075
3898,101.81477242844386,121.11889307509041,112.05164407353209,145.8151829874824,146.77983825944654,127.74996105897868,151.58787653159675,121.67933720122373,135.75883620779052,147.32784068881443
3899,101.84001872924082,121.1481739498311,112.08092332661958,145.84843957668318,146.81607764680248,127.7836465282929,151.62445739025628,121.71142977111786,135.79435755316058,147.36424485024676
3900,101.86525107550392,121.17745588153325,112.11020798565474,145.88169609572674,146.8523253785554,127.81731695727628,151.6610381944754,121.7435228229626,135.82988214707595,147.40065471553197
3901,101.89046853707772,121.2067362368898,112.13948764379323,145.91495238157688,146.8885778873207,127.8509672504444,151.69761900760338,121.7756053388193,135.8654172423691,147.43706608490243
3902,101.91568393297013,121.2360179641945,112.16875716884113,145.9482111812763,146.92483675024343,127.88463263101819,151.73419980083023,121.80766670372424,135.90095448242633,147.4734817496406
3903,101.94090460066884,121.26529369316638,112.1980149303933,145.98147338906642,146.96109684875208,127.9183031755085,151.77078120633539,121.83973354546914,135.93649490200846,147.50990020404865
3904,101.96613147535697,121.29456840688613,112.22727922242771,146.0147365721199,146.99735372467663,127.95197943076383,151.80736329739653,121.87180212858512,135.9720406603129,147.54631867764903
3905,101.99136218875346,121.32384376352175,112.25656760567226,146.04799520252874,147.03361105387268,127.9856830119563,151.8439455208965,121.90386671387198,136.00758115700145,147.58273800824082
3906,102.01659858506565,121.35311873535218,112.28586454917597,146.0812454003964,147.06986697061146,128.01940906160593,151.8805274252043,121.9359408313069,136.0431459295688,147.61915830316272
3907,102.04183955439154,121.38239568013358,112.31516148569733,146.11448773405374,147.1061142546507,128.05313951688348,151.9171094332565,121.968018209477,136.07873250844509,147.65557801183357
3908,102.06708315205273,121.41167337328903,112.34447764619345,146.14773166132045,147.14235800883918,128.086862073231,151.95369154077724,122.00008349425379,136.11432242587227,147.69199784739854
3909,102.09233565131541,121.44095079968659,112.37380441576877,146.1809759831171,147.17860161414285,128.12054783528043,151.9902735427029,122.03213612001096,136.14989875609598,147.72841741409502
3910,102.11759405833719,121.4702298227419,112.40310985218353,146.21421923454693,147.21484270999824,128.15423437948567,152.02685518477168,122.06422009537611,136.18547455642883,147.76483612276417
3911,102.14284984353101,121.49950941023786,112.43241238539028,146.24746106305935,147.2510831524127,128.18792520818337,152.06343638556908,122.09632178165032,136.22106970873608,147.80125108100043
3912,102.16811581133855,121.52879145838216,112.46168693733314,146.28069399083506,147.28733173879976,128.22161664986612,152.1000179675558,122.12842638297798,136.25666889582405,147.83766320441597
3913,102.19338640844838,121.5580744619096,112.49094807720445,146.31392729038328,147.32358452539776,128.25529873012385,152.13659960780575,122.16051197198124,136.29226962968477,147.8740731260896
3914,102.22544938054709,121.59157470750812,112.5244312297254,146.34874293354008,147.35979114148068,128.29026190932234,152.17311017979392,122.19495600143892,136.32786917050956,147.91042465954573
3915,102.34287138438411,121.70960036621504,112.64244970933974,146.4673210592215,147.4787711788434,128.40890200014127,152.29213277098336,122.3133780493667,136.44676421733612,148.02942498534068
3916,102.34511861490999,121.71503150947599,112.64817123057877,146.47647307134838,147.49048539507524,128.41783683229602,152.30361196952725,122.3205986749341,136.45736308478996,148.04010997763461
3917,102.36759563710875,121.74168309159957,112.67518772134149,146.50781285839165,147.52495092240147,128.44890742441092,152.33779007266207,122.34953661110592,136.49047185599238,148.07332138864618
3918,102.39210258829921,121.7704585585403,112.70431533738646,146.54137644485496,147.561680567289,128.48218210186022,152.3742387630614,122.38065070711406,136.52582016200145,148.10878641447698
3919,102.41681717623915,121.7994456794335,112.73367207140333,146.57515888051435,147.59862373176932,128.51566370833203,152.41091603179146,122.41198792077849,136.56139883092214,148.14447705940066
3920,102.44155036792627,121.82845213781776,112.76305548008358,146.60896231438713,147.63558999126616,128.5491577239126,152.44761668115055,122.44334434192434,136.596996995357,148.18018860719272
3921,102.46627919951347,121.85746082234196,112.79242426784504,146.64277115763184,147.672559583418,128.58262357784093,152.48432082800727,122.47469573562084,136.63261500384186,148.2159013088957
3922,102.4910047047622,121.88647025035534,112.8217865733599,146.67658318322742,147.7095385309981,128.61609251090852,152.52102587579276,122.50604183541125,136.6682483180604,148.25161622699287
3923,102.51574026179641,121.91547549059558,112.85114311105585,146.71040246602388,147.7465194386519,128.64958160580278,152.55773138316917,122.53739533702486,136.70388378697012,148.28733238065138
3924,102.54048125491296,121.94447761117345,112.88050326014464,146.74422382451942,147.7834931862307,128.68308145664025,152.59443715838452,122.5687526559567,136.73951855174292,148.32304870781346
3925,102.5652142678691,121.97348020422683,112.90984178596423,146.77804270330836,147.82046460873835,128.71658800458786,152.6311429294287,122.6001171494239,136.77515448013722,148.35876504005208
3926,102.58994632114367,122.00248551801062,112.93919127854736,146.8118681756184,147.85743290538835,128.75009741102323,152.66784815018397,122.63148426157767,136.8107865364615,148.39448369387793
3927,102.61468067935702,122.03149177002118,112.96854911286634,146.84569567955842,147.89440004949242,128.78360662814828,152.70455383128035,122.66286010396485,136.84641698549183,148.43020454116805
3928,102.63941993244187,122.06049672445921,112.99790656430106,146.87951983715672,147.9313674347823,128.81709675362004,152.74125950419634,122.69425240164873,136.88204980479048,148.46592670261478
3929,102.66415869749896,122.08950059723472,113.0272690117288,146.913337404544,147.96833594229795,128.85059727766142,152.77796315363233,122.72565248689263,136.91767791867917,148.50164951529257
3930,102.68890087587302,122.11850604573506,113.05663014081702,146.9471556226627,148.00531079132395,128.88411396720298,152.81466766225316,122.75706617821055,136.95329392732924,148.5373723196404
3931,102.71364193429737,122.1475157922494,113.08599854877349,146.98097063661535,148.04229267697758,128.91763325490362,152.85137320892275,122.78848427370943,136.98892627948786,148.5730933012479
3932,102.73838628157526,122.17652789984409,113.11537176944836,147.01478172160412,148.07927622639872,128.95114151118818,152.88808064962961,122.81989881644259,137.0245607080742,148.60881133960788
3933,102.76312630127495,122.20554160475501,113.14470593974696,147.04859033366307,148.11625977111052,128.9846392100437,152.92478842384153,122.85128415071938,137.0601617446392,148.64452768086673
3934,102.78787213649635,122.23455585918126,113.17403936738746,147.0823989023404,148.15324305153467,129.01813887984233,152.9614942563794,122.88266347999574,137.0957589121467,148.68024520953708
3935,102.81260137731017,122.26356956750138,113.20337050455848,147.11620529548802,148.19022611481617,129.05162274431376,152.99819828851656,122.9140568164695,137.13135386770577,148.71596406372663
3936,102.83733261440958,122.2925811722498,113.23267662686129,147.15001251774808,148.2272233773731,129.08508829655906,153.03490219248548,122.94545684314933,137.1669176982859,148.7516845063649
3937,102.86206582668864,122.32159319852559,113.26199726616494,147.183821386333,148.2642312202283,129.11857416119267,153.07160744997165,122.9768505100817,137.20246449665834,148.78740526591216
3938,102.88679403978652,122.35060550104264,113.29132449148331,147.2176307846851,148.30124917864103,129.15207188867072,153.10831456210738,123.00824307773112,137.23801394893832,148.82312495219907
3939,102.91151582428586,122.37961773334715,113.32064526678226,147.25143981495563,148.33827344064616,129.18557233138236,153.14502204997004,123.03963632137736,137.2735707046833,148.85884362003497
3940,102.93624000293902,122.40863277651493,113.34997157121278,147.28524829592078,148.3752978227416,129.2190731029109,153.1817295331141,123.071035145066,137.3091515198274,148.89456347514033
3941,102.96095634415201,122.43764950437394,113.37928701355963,147.31906205618895,148.4123120534897,129.25257250529998,153.21843815139172,123.10245302514626,137.34474390611237,148.93028343055272
3942,102.98567530966395,122.46666863270116,113.40858365888289,147.35287736317554,148.44931824526037,129.2860617647767,153.25514798132667,123.13389422746272,137.38033743194742,148.96600141108328
3943,103.01037489579623,122.49568864839961,113.43789098416734,147.3866923476132,148.48631714203208,129.31955040970445,153.29185824478756,123.16535916741361,137.41592916594087,149.00172114435213
3944,103.0350563565743,122.52470805590201,113.46721528588438,147.42050789416487,148.52331672053953,129.3530240798622,153.32856982916323,123.19683749615002,137.4515206520293,149.03744305421256
3945,103.0597399783683,122.55372470679123,113.49654514587903,147.45432320889233,148.56032608442445,129.38649964059897,153.36528171797147,123.22832432013459,137.48710052306797,149.07316533511465
3946,103.08442785860105,122.58273869882814,113.5258742607178,147.48813646559958,148.597338351673,129.41997681445363,153.4019934245182,123.25981636294267,137.52266584720638,149.10888719027048
3947,103.1091058298815,122.61175289422786,113.55520847638495,147.52194829665711,148.6343544970972,129.45346728510478,153.43870739345712,123.29131001371141,137.5582365741364,149.14460903583802
3948,103.13378704602012,122.64076703878561,113.58454907345921,147.5557532590017,148.671378310685,129.48696030728152,153.47542191859029,123.32280386484376,137.59381056163897,149.1803309004746
3949,103.15847007188249,122.6697830379989,113.6138698646681,147.58956089026134,148.70841407583077,129.52045220248883,153.51213570551096,123.35429661471967,137.62936985605356,149.21605378404826
3950,103.18314896492141,122.69880063279555,113.64317081595392,147.62336865581815,148.74545632230453,129.55393401029815,153.54884902354277,123.38577264094769,137.6649113731712,149.2517769871079
3951,103.20783623165346,122.72781958711622,113.67246680545024,147.65717505894733,148.78249861670366,129.58741768435416,153.58556251009148,123.41723916211542,137.700458326622,149.28750072283597
3952,103.23252955131522,122.75683918515153,113.70175481908495,147.69097763211855,148.81953137900214,129.62089967794148,153.62227608623948,123.44871663028515,137.73600533819865,149.3232250200536
3953,103.25721497098895,122.78585537537657,113.73104178679459,147.724780539744,148.85656712795472,129.6543656154129,153.65898965093876,123.4801984166922,137.77154274524148,149.35894928961218
3954,103.28190202169907,122.81487015474414,113.76030618909624,147.75858231499046,148.89360439092997,129.68783294314738,153.69570328636294,123.51167512912883,137.8070877416373,149.3946736371352
3955,103.30659090242398,122.84388650215082,113.7895823029753,147.7923881674133,148.93064935938676,129.72131663721225,153.73241692366244,123.5431369903044,137.84263543975453,149.43040031230754
3956,103.33128047031023,122.87290421750046,113.81886527518722,147.82619629478052,148.96770762726794,129.75483639766082,153.76912945434762,123.57459916215508,137.8781861042,149.46613088347868
3957,103.35597115636978,122.90192237121722,113.84813473238052,147.8600037652555,149.00476839554491,129.7883840941234,153.80584173348643,123.60605893200615,137.91373684079798,149.50186355188418
3958,103.38066270830471,122.93093935660747,113.87737364792041,147.89381152033346,149.04183933365644,129.8219378921305,153.8425538484118,123.63753013085758,137.94929388256472,149.53759791539323
3959,103.40535463521529,122.95995812979392,113.90659661599122,147.92761469738116,149.07891421128693,129.85550390280008,153.8792645653714,123.66902223002599,137.9848640953131,149.5733326200375
3960,103.43003422670428,122.98897741012422,113.93581952882559,147.9614144601089,149.11599445921456,129.88907421943173,153.9159751465,123.70052042160376,138.02043624396367,149.60906622165507
3961,103.45470845596209,123.01799681551122,113.96505490085241,147.99521707402664,149.1530895602384,129.92263189015574,153.9526885467171,123.73201214971083,138.0560014662771,149.64479931723315
3962,103.47938401597833,123.04701690275792,113.99430021024003,148.02902538316698,149.1901870810531,129.95617647402665,153.98940276625393,123.76349932886012,138.09156750112683,149.6805323129773
3963,103.50406264986837,123.0760377735425,114.02355320165657,148.06283954214487,149.22727384325245,129.98971986096527,154.02611780890152,123.79500507754094,138.12713339765733,149.71626107182632
3964,103.52875209368189,123.10506014323842,114.05282103753979,148.0966573877897,149.2643576524819,130.0232834655248,154.06283361774126,123.82651877880515,138.16269442476488,149.75199051670836
3965,103.55344810991652,123.13408378875184,114.08209426621782,148.1304779849876,149.30144171010352,130.0568544554391,154.09954939906856,123.8580411159206,138.19824898661633,149.78772174958087
3966,103.57813509828564,123.16310760750866,114.11136880661032,148.16430162262776,149.33852430984018,130.09040565921526,154.1362636370005,123.88956632046235,138.23380459424143,149.82345423314717
3967,103.60282384555538,123.19212955725293,114.14062716376607,148.19812673380835,149.37560156330485,130.1239568432881,154.17297793009988,123.92108774466865,138.26936474902885,149.85918828183705
3968,103.6275129918486,123.22114844759966,114.16986935638428,148.2319518360873,149.41267898762015,130.1574816379494,154.20969304787425,123.95260150545502,138.30492733707982,149.89492263809444
3969,103.6522027417434,123.25016639631505,114.19911413435398,148.26577030275308,149.4497539375387,130.19100856270234,154.24640842001673,123.98411705590406,138.3404852556248,149.93065569818913
3970,103.6768872784564,123.27918441075782,114.22836671506113,148.29958716661406,149.4868391768276,130.22455416446377,154.28312438959603,124.01563609629281,138.37604731309716,149.9663889659407
3971,103.70157282038979,123.30820174648423,114.25762273268988,148.33340650558418,149.52393260931635,130.25810630201022,154.31984222345758,124.04715827223211,138.41161598240296,150.0021221665804
3972,103.72626166291849,123.33721821563302,114.28686807406508,148.36722671411138,149.5610266916854,130.2916778107514,154.3565619051482,124.07867350726384,138.44718514347704,150.03785369137438
3973,103.75095353831732,123.3662350801983,114.31609740148409,148.40104826594393,149.59811260306776,130.32526403574744,154.39328197567136,124.11018567410272,138.48274079388517,150.07358526486593
3974,103.77563637489041,123.39525072690938,114.34531700497564,148.4348814089204,149.63521368931998,130.35885195741554,154.43000284765446,124.1416866033161,138.5182951710504,150.10932030925042
3975,103.80032196946195,123.42426653159296,114.3745404741424,148.46871988223353,149.6723185731075,130.39240052302796,154.46672431839994,124.17319082245936,138.5538490100394,150.14505643243223
3976,103.8250162543004,123.45328272146098,114.40377554124653,148.50255879569085,149.70942535459022,130.42591467760062,154.50344721105637,124.20468779274337,138.58942651476224,150.1807924732003
3977,103.84971571779019,123.48229949195843,114.43301549156767,148.53639383740708,149.74653373638628,130.4594132563263,154.54017048225515,124.23619088986538,138.6250114008881,150.21652830794406
3978,103.87440897889734,123.51131423884081,114.46224656317654,148.57022354166904,149.78363711894264,130.49292545971255,154.5768949739145,124.26770026265808,138.66059538243638,150.2522643511727
3979,103.89909823347266,123.54032959055725,114.49144989355321,148.60405269447327,149.8207468819422,130.52644178309853,154.6136201488155,124.29921659683933,138.69616897743862,150.28800091065884
3980,103.92377361346554,123.56934308777001,114.52065392670808,148.63788753308418,149.8578591121257,130.559950783305,154.65034670210306,124.3307358031181,138.7317683125639,150.3237379661486
3981,103.94845143167959,123.59835590858059,114.54984175709357,148.67172427760758,149.89497130370864,130.59345719556242,154.6870734428026,124.36224941257744,138.7673789352934,150.35947458244314
3982,103.9731317201655,123.62737181918203,114.57903721657476,148.70556367068275,149.93208149688206,130.62694535987052,154.72379812139388,124.39375121043695,138.8029897672052,150.39521003274507
3983,103.99780968779966,123.65638879057356,114.60823618991117,148.73940801073377,149.96919191760082,130.66043071977245,154.7605217937234,124.42525158113165,138.83858597777544,150.43094468400994
3984,104.02248375576414,123.68540555661575,114.63741983556851,148.77325389172165,150.00631013305272,130.69392528681973,154.79724477904418,124.4567577699783,138.8741674645829,150.4666758851765
3985,104.0471552941973,123.71442261550335,114.66659964635477,148.80710181463937,150.04343036825398,130.7274333537299,154.8339675363903,124.4882488386829,138.90974965830753,150.50240560895003
3986,104.07182927023655,123.74343744424569,114.6957791659874,148.84095025986804,150.0805514161142,130.76097910690973,154.87068911764595,124.51972855073173,138.94535695229789,150.53813475304705
3987,104.09650562180396,123.77245004334075,114.72495079472071,148.8747949881295,150.11767507832346,130.79454114999066,154.90741181127592,124.55120760688403,138.98097157813666,150.5738654851132
3988,104.12118279703358,123.8014644138181,114.7541232062907,148.90863810664467,150.1547987586206,130.8281275612166,154.94413552053265,124.58269451298905,139.01658145201503,150.60959684735593
3989,104.14585860073015,123.83047935520791,114.78329514750158,148.9424832336485,150.19191719575252,130.86172210310806,154.9808595655137,124.61415936540436,139.05218981140615,150.64532822422268
3990,104.17053726236593,123.85949440845647,114.8124710106619,148.97633431218603,150.22902836875883,130.89532810056863,155.01758356185292,124.64561496014723,139.0877874080575,150.68105984332087
3991,104.195207758206,123.888508596733,114.84165094938731,149.01018789374604,150.2661295057717,130.9289377067187,155.0543067308278,124.67706910708635,139.12340468271444,150.7167915118071
3992,104.21987938623072,123.91752017777206,114.87082955674582,149.0440430214557,150.30323476397683,130.9625426247795,155.09102979656967,124.70851642395549,139.15903486759186,150.75252159518956
3993,104.24455836947695,123.94653234110844,114.90001160584954,149.0778983928623,150.34034139106376,130.99612802786257,155.12775096335432,124.73996557638824,139.1946729277605,150.7882516780579
3994,104.26924221072717,123.97554531399139,114.92919089660055,149.11174810306775,150.37744639325365,131.02968305725568,155.1644708821654,124.77141603080865,139.23033352483358,150.82398202972536
3995,104.29392403344059,124.00455890819622,114.95837021211355,149.14559004909088,150.41453720297247,131.06323912803154,155.2011897928081,124.80285965049794,139.26600556622208,150.85971084871312
3996,104.31860713542817,124.03357305118439,114.9875525318878,149.17942794822352,150.45161430804677,131.0967844442504,155.23790785713774,124.83429623185566,139.30168777815663,150.89543957232902
3997,104.34329191223578,124.06258748507139,115.01675839240626,149.2132663488986,150.48867707031158,131.13031110976968,155.2746255903841,124.86575412230027,139.3373769836278,150.93116730178713
3998,104.36797156710449,124.09159943078996,115.04597352101841,149.24710478103964,150.5257340863415,131.16383824086915,155.31134289670194,124.89722043807471,139.3730731898748,150.96689150631136
3999,104.39265553863578,124.12060874504598,115.07520271767916,149.2809377882089,150.56279122662696,131.19735523273417,155.3480595691699,124.92868819666175,139.4087691908642,151.00261439007565
4000,104.41732590658891,124.14961898771722,115.10444104027565,149.31476897352854,150.5998445715083,131.23086084594073,155.38477579941937,124.96015992518126,139.44445626217774,151.03833775702978
4001,104.44198198092086,124.17863341657637,115.13366666164323,149.34860093243893,150.63688395944118,131.26437307484943,155.42149083481064,124.99163306055979,139.48014799998506,151.07406163229507
4002,104.46663124491282,124.20764965019754,115.16286519713411,149.3824335637951,150.67391847694546,131.29788652126103,155.45820655071057,125.02310667148984,139.51583933414216,151.10978447491857
4003,104.49846814069905,124.24105795266368,115.19633649620586,149.41744257707842,150.71084649599646,131.33279357122538,155.49484115726892,125.0573484331467,139.55152316219898,151.14549514734586
4004,104.61579519248482,124.35904499525502,115.31434999737155,149.53610191821295,150.8299275297747,131.45141008776596,155.6138811132982,125.17568552859814,139.67043000923803,151.2644057525968
4005,104.6180587997617,124.36475651434135,115.31987164007965,149.5448506068507,150.84218826563088,131.46057051458516,155.62471439930357,125.18261201561104,139.68132888225128,151.27537431438273
4006,104.64055942342637,124.39176900472732,115.3466536858657,149.5756799319616,150.87731283043595,131.49192263436717,155.65810750767696,125.21117951930968,139.71481044633677,151.30893516015033
4007,104.66508374642899,124.42090818579672,115.3755841334706,149.60872316699846,150.91471743723835,131.52549278887875,155.69375727588906,125.24192603476654,139.7505360044738,151.34476089697745
4008,104.68982025174141,124.45026188482176,115.40472349568351,149.6419903259008,150.95235580354807,131.5592897662464,155.72963250345495,125.27288746865018,139.78650025727887,151.38081584524585
4009,104.7145784250079,124.47963659645072,115.43390003925394,149.67527885273856,150.9900302641824,131.59310518388153,155.7655284738918,125.3038639881044,139.82248244643202,151.41689159345108
4010,104.73934545652737,124.509012719004,115.46308715940992,149.70856850920904,151.0277104153336,131.62690818275587,155.8014265427883,125.3348368764102,139.85840990238796,151.45296793521405
4011,104.76411712119246,124.53838521874836,115.49226261423587,149.7418488758759,151.06538997611725,131.66071111817857,155.8373246988677,125.36580413638887,139.89433165812562,151.48904266052514
4012,104.78888733499689,124.5677568251495,115.52142787220974,149.77513380530343,151.10306238604335,131.6945008325273,155.8732202915817,125.39677542801118,139.93025987026965,151.5251184341945
4013,104.81365417122167,124.5971255137114,115.55059512410465,149.80842040336344,151.14073049503023,131.72829337232827,155.90911410772148,125.42774751058833,139.9662032676933,151.56119597577623
4014,104.83842548896634,124.62649396986541,115.57973696163222,149.8417030450844,151.17840231832977,131.7620714413047,155.94500925427096,125.45871474258648,140.00217370321087,151.59727512615729
4015,104.86319993901564,124.65585482166922,115.60886150914487,149.87497458004538,151.2160787787141,131.79585167466195,155.9809050788339,125.48967452537717,140.038155190689,151.63335455409432
4016,104.88797712437508,124.68520990768907,115.63796812162292,149.90824749841477,151.2537545683061,131.82961838124854,156.016801564938,125.5206354801342,140.07414450344032,151.66943674635334
4017,104.91274360710955,124.71456491363223,115.66705156452886,149.94152266254875,151.29141521974546,131.86336580765305,156.05269815587275,125.55159241613775,140.11014854209137,151.70551993218538
4018,104.93750446983859,124.74391689717763,115.69611703627568,149.97479298439592,151.32906231331032,131.89709381554923,156.0885945829796,125.5825522016358,140.1461776275997,151.7416071743334
4019,104.96225834554397,124.77327087777404,115.72516308072376,150.00806509346233,151.3667093577565,131.93082174528726,156.12449231990112,125.61351267603963,140.18221380154017,151.7776955481773
4020,104.9870083408908,124.80263092371473,115.75419867716849,150.0413398573736,151.4043516680234,131.96454337361712,156.16039014556483,125.64446492055508,140.21825016279794,151.8137844034971
4021,105.01175284460652,124.83199260673985,115.78322742374073,150.07461453181395,151.4419844080592,131.99825223533145,156.19628466561747,125.67541800455923,140.25428614469797,151.84987361321004
4022,105.03650255862317,124.8613543237432,115.8122460828549,150.10788560800165,151.479618543498,132.03196368602644,156.23217517714414,125.70637218624611,140.29033318957346,151.88595800131418
4023,105.06125470418263,124.89071127112375,115.84124816916659,150.14115726380123,151.51725968761357,132.06567489164956,156.26806153572363,125.73732526380687,140.32638434718027,151.92204159587655
4024,105.08600778336655,124.92006971438394,115.87025913531191,150.17442386494326,151.55490310674278,132.0993780495475,156.30394662816983,125.76827679663849,140.3624506639519,151.95812507959047
4025,105.11076549904242,124.94943071871485,115.89925589713022,150.2076837917382,151.5925452514457,132.13308545812686,156.33983127399006,125.79922881519722,140.39851978353963,151.99420379201777
4026,105.13552578030375,124.97879262364108,115.92827301102803,150.2409365288007,151.63019136023817,132.1667648573067,156.37571765310983,125.83017842645013,140.43456046000657,152.03027906840413
4027,105.1602868501734,125.00815503143717,115.9572968422396,150.27418768625003,151.66784080573046,132.20043769970331,156.41160625647385,125.86112407917719,140.47058053088486,152.06635449340777
4028,105.18504651097209,125.03752074610712,115.98631610618574,150.30745444690677,151.70550266660524,132.23410314975885,156.4474962652135,125.89209096695855,140.50661095519112,152.10243271822162
4029,105.20980310957536,125.06688790725656,116.01532782881497,150.34072753782064,151.7431709875587,132.26777045706842,156.4833864312376,125.92306437187557,140.54265983608477,152.13851224518027
4030,105.23455034539741,125.09625254330764,116.0443528290615,150.3740043796405,151.78083976457054,132.3014414204534,156.51927558015876,125.95404930364738,140.57872001554827,152.17459257552892
4031,105.25929467966925,125.1256143276211,116.0733821572185,150.40728222694136,151.81850554665044,132.33513524946125,156.55516478555728,125.98503891986705,140.61478133433874,152.21067684126012
4032,105.28403948560482,125.15496877455074,116.10239384596369,150.44056737278333,151.85618012826663,132.36883618648298,156.59105310220298,126.0160154229391,140.6508461278452,152.2467620065548
4033,105.30878350481355,125.18431644409671,116.13140699449642,150.4738546507539,151.89385707235266,132.40253415003784,156.62694174824057,126.04698911426851,140.6869127690582,152.2828465907625
4034,105.33352809186533,125.2136642471909,116.16041048840314,150.50712746957288,151.93153286138295,132.43620498981926,156.66283044198482,126.07795607993981,140.72297242497214,152.31892881185593
4035,105.35827565407963,125.24301390199274,116.18943073487868,150.5404033611042,151.9692076516739,132.46987689646895,156.6987171359672,126.108925571819,140.7590463516979,152.35501016207178
4036,105.38302540556974,125.27236450776418,116.21845628234608,150.5736807680149,152.00688125649285,132.50354103655673,156.73460144571482,126.13989029386302,140.79512808505513,152.39109245902762
4037,105.40777077048432,125.30171452076594,116.24747562423589,150.60696262485456,152.04454234170532,132.53719793125362,156.77048652058625,126.17085188202246,140.83121119392038,152.427175088262
4038,105.43251545361477,125.33106720990955,116.27650351034438,150.6402466683778,152.0821900637629,132.57085711150688,156.80637197534185,126.2018074610608,140.86729019836213,152.46325641738264
4039,105.45726107137887,125.36042637474186,116.30550551043697,150.67352905177788,152.11983795467785,132.6045117364823,156.84225863639406,126.23274139488974,140.9033514052922,152.49933632660986
4040,105.48200468626013,125.38978808399098,116.33448953658034,150.70681714762145,152.15749738311703,132.63814704108685,156.8781498069535,126.26366121600263,140.939417430351,152.53541566032735
4041,105.50675114397043,125.41914997143712,116.36348539502148,150.74010853272688,152.1951582377625,132.67177412456235,156.91404469370855,126.29458297992375,140.97548396644734,152.57149616073818
4042,105.53148474558826,125.44851140098969,116.392487719155,150.7734018191655,152.23280874468054,132.70541139412398,156.9499444347631,126.32550906452765,141.0115299821515,152.60757739362163
4043,105.55622093008759,125.47787317444767,116.4215148878009,150.80669546894813,152.27045009906618,132.7390505621946,156.98584532742657,126.35644020410109,141.0475406274523,152.6436609891909
4044,105.58095821247034,125.50723508934766,116.45055179850205,150.8399855628976,152.30807881231385,132.77269391941766,157.0217462783555,126.38737344926261,141.08355640057007,152.6797480615188
4045,105.6056960394784,125.53660160500593,116.47958627181045,150.87327590213363,152.34570043296364,132.8063391837582,157.05764933084654,126.41829194752222,141.11959173080444,152.71583762018912
4046,105.6304316106277,125.56597424259994,116.5086133263796,150.90656594976065,152.3833300372574,132.83996482298036,157.09355639711896,126.44921226345369,141.15563138058445,152.75192839107694
4047,105.6551656941259,125.5953485765063,116.53764333850353,150.93984824912218,152.4209719167015,132.87359360350666,157.12946543684987,126.4801334393879,141.19165965838334,152.78802278961552
4048,105.67988981668407,125.62472361485976,116.56665293246576,150.9731329678095,152.45862451946584,132.90723192660732,157.16537522750716,126.51105000205143,141.22767339805824,152.82412030852115
4049,105.70461885699287,125.65410335825501,116.59565919144528,151.00641858432434,152.49628452700736,132.940883686777,157.20128494724324,126.5419677551995,141.26367637516023,152.8602180909491
4050,105.72935074774279,125.68348481612817,116.62466772274917,151.03970399787434,152.53394984410832,132.97453904974213,157.23719211676143,126.57288285712508,141.29967742481736,152.89631462766422
4051,105.75407667537577,125.7128631780608,116.65366943337824,151.07297845569173,152.57162465349796,133.0081987327324,157.27309925853584,126.60379240034304,141.3356726573636,152.93241339868513
4052,105.77879098066748,125.74223677688721,116.68267120189984,151.1062392776324,152.60929976614122,133.04186678017493,157.3090088407427,126.63470067853062,141.37164657440937,152.9685122762487
4053,105.80350352463395,125.77160900290856,116.71167421462027,151.1395000046985,152.64697056855178,133.07556041383899,157.34491925144874,126.66561210359188,141.40762830162504,153.00460716317417
4054,105.82822104458187,125.80098186076145,116.74068258518557,151.17275706252263,152.6846456003799,133.109265139077,157.3808296582867,126.69652878968826,141.44361639044578,153.04069509879466
4055,105.85294295824451,125.83035490444607,116.76970967726487,151.2060071579879,152.72232871433818,133.14297053234904,157.41674036387522,126.72744976680453,141.47962034144092,153.0767824355153
4056,105.87766960379705,125.85972816123595,116.79874499569453,151.23925791931876,152.76002465070212,133.17667772618896,157.45265061919187,126.75837183296517,141.51563746400214,153.1128664356749
4057,105.90240578858865,125.88910188830405,116.82777033308592,151.2725088928051,152.79774753156312,133.21038936656223,157.48856043232757,126.78930108277692,141.55167229762714,153.14895333749848
4058,105.92714784273022,125.91847195148264,116.85678558845454,151.30576257989452,152.83547612273907,133.2440852291566,157.52446870794176,126.82023341649662,141.58773138533863,153.18504098490968
4059,105.95187905906494,125.94783867919142,116.88580195349117,151.33902418112595,152.8731936547579,133.2777815491726,157.56037698165306,126.85114824544137,141.62380499360006,153.22112703517232
4060,105.97661095059723,125.97720573650713,116.91482126675048,151.37229047015643,152.91089453604758,133.31147427369433,157.59628712369815,126.88205208007145,141.65990908562995,153.2572112905532
4061,106.00134350534061,126.00657221759118,116.94383574768244,151.40556039928373,152.94857847727067,133.3451724075746,157.63219801242897,126.91295039338351,141.69601963111873,153.2932933552845
4062,106.02607272278043,126.03593739175531,116.97283477635143,151.43883281371743,152.98627436905278,133.37886971529963,157.6681093769568,126.94384653796112,141.73210698172667,153.32937589660193
4063,106.05080339016061,126.0652953814301,117.00181032662952,151.4721056580841,153.02398649512867,133.41257148892072,157.7040207414964,126.97475714686406,141.7681920806377,153.3654601209691
4064,106.07553924793046,126.09465451057743,117.0307880204168,151.50537826725196,153.0617013829952,133.44626117740583,157.73992798285641,127.00567247712674,141.80427639122158,153.40154665313992
4065,106.10027883393082,126.1240144285726,117.05975249639803,151.53865959592767,153.09941790203118,133.47996163578648,157.77583352327892,127.03657729113057,141.84037281556868,153.43763350602057
4066,106.12501237287871,126.15336885587477,117.08873080486325,151.5719547958958,153.13714121008329,133.51367247537908,157.81174005149583,127.06747796456385,141.87647503629296,153.47371874252568
4067,106.14973981610571,126.18272194923057,117.11772356275077,151.60525980562036,153.1748648134447,133.54738533212634,157.84764865528786,127.09837896535636,141.91258291245737,153.5098038652438
4068,106.17446906883765,126.21207708467955,117.14672716177205,151.6385666224912,153.2125823905026,133.58109020074173,157.8835597232249,127.12928469829451,141.94870009267672,153.5458861746492
4069,106.1991916130695,126.24143327590392,117.17573379836583,151.6718643565012,153.2502998817012,133.6147912146636,157.91947147524897,127.16019600243541,141.9848268851929,153.5819687903453
4070,106.22391473227862,126.2707869693047,117.20474329006387,151.70515253526534,153.28801686076622,133.64849588429504,157.95538319032164,127.19109312419015,142.0209688899492,153.6180559247784
4071,106.24863904026539,126.3001380341245,117.23375596861197,151.73844323593732,153.32573854541369,133.68220237582483,157.9912966489234,127.22196961486193,142.0571413504551,153.6541451386459
4072,106.27336773056155,126.32948600769261,117.26277004098249,151.77173492887485,153.36346060177078,133.71589962311535,158.02721294996292,127.2528325410999,142.09332285994168,153.69023445835478
4073,106.29809799927529,126.35882645044141,117.2918013740641,151.8050266009343,153.40117609213522,133.74955678388883,158.06312974242311,127.28369869676635,142.1295041003928,153.72632342450345
4074,106.32282627774258,126.38816727724067,117.32084771917447,151.8383123401935,153.4388879055861,133.7832157828259,158.09904450992292,127.31457706366767,142.16570677157358,153.7624127953162
4075,106.3475498375242,126.41750863346391,117.34991753537405,151.8715963725971,153.47659661224043,133.81687705782898,158.13495600059403,127.34546011532177,142.20192706615876,153.7985025589544
4076,106.37227951507789,126.4468471822504,117.37899597114577,151.90488004680353,153.51430412410525,133.85052578714476,158.17086769129565,127.37634953058839,142.23814982226074,153.83458830382818
4077,106.39701470224936,126.47618196829933,117.40806686529153,151.9381568462474,153.55199894927324,133.88414801865073,158.20677874437192,127.40724194802429,142.27437595901856,153.87067284734778
4078,106.42175049596212,126.50551176599784,117.43710875372378,151.9714425106858,153.58970833249083,133.91776570189953,158.24269083123085,127.43813933365297,142.31060376300812,153.90675735985738
4079,106.44648499541096,126.53484308607788,117.4661547092118,152.004731439501,153.627430604412,133.9513688358755,158.27860309535254,127.46903913570381,142.3468265274017,153.94284083990533
4080,106.47122399407583,126.5641761976877,117.49522199804426,152.03802039820727,153.66515453830502,133.985008520706,158.31451465721514,127.49991650027066,142.3830565702696,153.97892520920405
4081,106.49596820510371,126.59349916624778,117.52430749073973,152.0713090477025,153.7028715042983,134.0186670109266,158.35042618334126,127.53078320251595,142.41932219101534,154.01501088190338
4082,106.52070388064958,126.62281429436472,117.55339916662523,152.1045913302771,153.74059175179443,134.05232777984875,158.38633795514468,127.56164797477996,142.45559439031754,154.05109528737688
4083,106.54544235324788,126.65213038842741,117.58247143526398,152.13787563919482,153.77831509135893,134.08598364611225,158.4222501141866,127.59251160037687,142.49183494110156,154.08717917441905
4084,106.5701762697851,126.68144407918443,117.61150806440124,152.17114994650808,153.81603857019098,134.11963990488098,158.45815948527115,127.6233664544145,142.5280632083273,154.12325876511554
4085,106.59491008415543,126.71076037201762,117.64055354823886,152.20441733466404,153.85375670937103,134.15328556921267,158.49406904164636,127.65420889682838,142.56433845308675,154.159338383693
4086,106.61964637200764,126.74008216473551,117.66960354756401,152.2376760105031,153.89146306068335,134.18692928298861,158.52997878074203,127.68505366381984,142.60063701276945,154.19541829084
4087,106.64437708741148,126.76940618950509,117.69865922966608,152.27093769756073,153.92916579796952,134.2205833702522,158.5658871208107,127.7158968554776,142.63696539895673,154.23149897769036
4088,106.6691085437381,126.7987322371683,117.72772099365213,152.3042047166816,153.9668707322085,134.2542469959106,158.60179701916314,127.74674196386971,142.6733258817273,154.2675797246301
4089,106.69384137157185,126.82805970536053,117.75678344755777,152.33747251845767,154.0045753274014,134.28791223400194,158.63770885394015,127.77756684080256,142.70969869141862,154.30366141519946
4090,106.71856334752842,126.85738880147692,117.78582532247115,152.37072575954525,154.04228720622825,134.32158158731605,158.6736208802726,127.80837094200466,142.74606986659438,154.33974338252426
4091,106.74328777946614,126.88671850762152,117.81486906915903,152.4039791661436,154.08000314584012,134.35525930349192,158.70952988212886,127.8391708567177,142.78240589177827,154.37582579889096
4092,106.76801625765127,126.91604738969255,117.84389566592681,152.4372245367032,154.1177177468915,134.38895407505063,158.74544083078052,127.86996077755359,142.8187319139705,154.41191092849405
4093,106.79988254937484,126.9495614591932,117.87730395056475,152.47204579516543,154.15525722520738,134.42392192658184,158.78132928320957,127.90396852814698,142.8549908832987,154.44796175804504
4094,106.9172219474543,127.06759292393903,117.99529098566825,152.5906262792751,154.27442386328272,134.54256397978048,158.90026477766074,128.02220733895174,142.97397825011575,154.56691998529328
4095,106.9193542269442,127.07346190690232,118.00044045316857,152.59926402360824,154.28682456254938,134.55236259646443,158.9111757660996,128.02851041030632,142.98535619796155,154.57833821671366
4096,106.94168230876248,127.10067563547531,118.0267313198059,152.62995518528,154.3221321461325,134.58449583173532,158.94466631168638,128.05626939994715,143.01940467279627,154.61244024796449
4097,106.96602989130231,127.13001821917561,118.05513981030676,152.66284631277136,154.3597391728863,134.61885771394432,158.98041806548048,128.08616729911347,143.05572729206182,154.64881413656403
4098,106.99057407169822,127.15956974701677,118.0837510467141,152.69594898500367,154.397594900916,134.6534464183043,159.01639624700184,128.11627594366433,143.0922555545371,154.68541827138185
4099,107.01513653581277,127.18913928012923,118.11238152696414,152.72907037095595,154.43549506539938,134.6880564921715,159.05239655417066,128.1464010169298,143.12882098468293,154.7220461327517
4100,107.03970235456215,127.21870968172723,118.14102079310231,152.76219945815828,154.47340158934819,134.72266666555228,159.0883987488933,128.17652406297802,143.16540462009195,154.7586753927685
4101,107.06427437538451,127.24828427830333,118.16967041560193,152.79533037665843,154.51130808765242,134.75726186282233,159.12440146891757,128.206635410745,143.20199473065054,154.79530626166041
4102,107.08885070481091,127.27786306992867,118.19832644430926,152.82844698871628,154.54921233773192,134.79185936635375,159.16040529674459,128.23674557038132,143.23858194618046,154.83195039106275
4103,107.11341827851703,127.30744271418476,118.22698554342192,152.86155741117997,154.5871103895014,134.82645989752825,159.19640958758583,128.26685849585087,143.27513272444432,154.86859783478087
4104,107.13798380444172,127.33702150079775,118.25563365350641,152.8946627996006,154.62501131699608,134.8610502406876,159.23241374399691,128.2969753614786,143.3116952218083,154.90524417964383
4105,107.16255006636662,127.36660187142589,118.28428629026078,152.9277671951557,154.6629087227132,134.89564667690405,159.2684155939577,128.32709385302368,143.34825826863747,154.9418898985029
4106,107.18712298875623,127.39618711507988,118.312946847081,152.96086630559515,154.70080624810277,134.930260770582,159.30441601627516,128.35720582125623,143.38479372607136,154.9785326646396
4107,107.21169965902382,127.42577773417835,118.3416159925688,152.9939747522487,154.738707063866,134.96490069777232,159.34041724953656,128.38731063929978,143.42132809119582,155.01517300757905
4108,107.23627781963059,127.45537385400284,118.37028924544792,153.02708586858668,154.7766082061037,134.99954722445696,159.37641970554105,128.41740000558434,143.45786389314122,155.05180077056596
4109,107.26084190912982,127.48497260523568,118.3989360440516,153.06019940224118,154.81451359294357,135.03421903039202,159.41242228991024,128.4474906176044,143.49438862104827,155.0884287120271
4110,107.28540836042286,127.51457325381936,118.42759863529223,153.09331476212557,154.8524277883752,135.0688990097192,159.44842339813036,128.47758148659906,143.5308931934875,155.1250578000189
4111,107.30997004984353,127.54417862237091,118.45626857162826,153.1264284714321,154.8903603921054,135.10357428142132,159.48442457735388,128.5076709775102,143.5673852448308,155.16168794669647
4112,107.33453555700814,127.57378637491668,118.48492688037699,153.15954239246582,154.92829898518613,135.13823369437708,159.52042516370108,128.5377592545684,143.60386368780772,155.19831835703152
4113,107.35910229668231,127.60339492837944,118.51358964099687,153.19265736808444,154.9662384866682,135.17288187270353,159.55642658459914,128.56785400196776,143.64035944095207,155.23495035860412
4114,107.38366816453065,127.63299506502942,118.5422543377498,153.22577265517606,155.00418726025316,135.20747882419488,159.59242937904952,128.59795181504597,143.67685807908043,155.2715818810601
4115,107.40823355219665,127.66259553741834,118.57091668076285,153.25888645236657,155.04213849900748,135.24205361538182,159.62843231974713,128.6280501632281,143.71335088163417,155.3082028225259
4116,107.43280363978631,127.69219093652352,118.59956205749154,153.29200539580089,155.08008844678494,135.2766025753228,159.6644329960369,128.65814779425224,143.7498517849383,155.34482151297243
4117,107.45737506601209,127.72178561151242,118.62821285741526,153.3251288489836,155.11803580366848,135.31113093537357,159.70043528157888,128.68824136854403,143.78635481747625,155.3814427904945
4118,107.48194434188058,127.75137784131294,118.65687243807176,153.35826146027838,155.1559901417077,135.34566594015365,159.73643973719302,128.71834158550038,143.82285752398053,155.41806462146633
4119,107.50650899706164,127.78096999548062,118.68553438849077,153.39140546278634,155.1939481831867,135.3801959746085,159.7724453976927,128.74844345715815,143.85935541653768,155.45467869069654
4120,107.53107620195162,127.81056376193757,118.71419941229466,153.42455550250747,155.2319122107587,135.41472848011298,159.80845140680674,128.77854536287492,143.89584852622556,155.49128987500518
4121,107.55565277805209,127.84015606062272,118.74287266018096,153.45770893055513,155.2698767114636,135.4492880463645,159.84445745247072,128.80864927362632,143.93234606546193,155.5279060135338
4122,107.58023366345942,127.8697485404714,118.77155782253412,153.49086277710515,155.30783602772732,135.48385577048182,159.88046358572544,128.83874687865637,143.96886066065028,155.5645236067706
4123,107.60481648156862,127.89934158798008,118.80025459742741,153.52399901483608,155.34579603787972,135.51841753266308,159.91646964482715,128.8688462171734,144.0053877369112,155.60114463269394
4124,107.62940133357813,127.92893070999,118.82895448020244,153.5571302398511,155.38376467309305,135.5529840902544,159.95247420501082,128.89895157417794,144.04192949147085,155.63776627667696
4125,107.65398867333415,127.95852131364451,118.8576569171806,153.59026250471618,155.42174023662147,135.58755376262,159.9884783645478,128.92906066143897,144.0784806709736,155.67438462934473
4126,107.67856527975343,127.98811467605479,118.88636779692798,153.6233958838335,155.4597184037707,135.62213448678224,160.02448256404094,128.95917048493814,144.11503288133943,155.71100732940596
4127,107.70314218897386,128.01771051672202,118.91508178889373,153.6565272423143,155.49770350860052,135.6567193230338,160.06048628625916,128.98928045704443,144.15157636827465,155.74763116240254
4128,107.72771625605904,128.04731120997573,118.94379472885929,153.68965887697792,155.53571171742513,135.69129540849434,160.09649023127793,129.01939161377794,144.18810512922508,155.7842573657308
4129,107.7522873237753,128.07691379037072,118.97250223762433,153.72280105107578,155.57374216942608,135.7258353840239,160.13249423148113,129.04950748059593,144.22462518329573,155.8208865539317
4130,107.77686026338694,128.10651354693152,119.0012131323791,153.75594680358913,155.61178292744546,135.7603771847779,160.16849823368122,129.07963862628918,144.26115630602354,155.85751732780184
4131,107.80141536992066,128.13610381798014,119.02991761324208,153.7890982752001,155.64982733508353,135.79494321696535,160.20450382833155,129.1097789676279,144.297706038076,155.89415175666116
4132,107.82596601269339,128.16569060091354,119.05861776813676,153.82225647212908,155.68787834104228,135.82951346937924,160.24050973653107,129.13992249002678,144.33429961841935,155.93078715597838
4133,107.85051832872058,128.19527401417267,119.0873214367884,153.85542513835637,155.72593597612857,135.8640529922315,160.27651411113678,129.17006673921674,144.37090313201563,155.96742196845642
4134,107.87507150243,128.2248542504438,119.11600506126042,153.88860402858782,155.76399453691505,135.89858519072357,160.31251860013006,129.2002086490711,144.4074883479436,156.0040532162759
4135,107.8996218431169,128.25443973061118,119.14469242698237,153.9217862702915,155.80204948005255,135.93307756665283,160.34852150478397,129.2303422215548,144.44406231979792,156.04068559283476
4136,107.92417083683442,128.28403011456598,119.17338505288937,153.95496880731858,155.8401038948072,135.9675564097638,160.38452660925995,129.26047622139978,144.48062117623016,156.0773192994429
4137,107.94871354641921,128.31362238100252,119.20208049987905,153.9881506496244,155.87815266004785,136.00203829933312,160.4205329335464,129.29061408443596,144.51717930811148,156.11395038421307
4138,107.97325180094673,128.34320594448084,119.23077252895787,154.02132724923052,155.91618726442482,136.03652123483252,160.45654061304737,129.32075319843347,144.55372087764263,156.15058206352316
4139,107.99778608813054,128.37278425077628,119.25944734033162,154.05451511533326,155.95422222830467,136.07100516510428,160.492549844162,129.35088982207898,144.59028707982415,156.18720655157736
4140,108.02232055744894,128.40236529726047,119.28812322361301,154.0877064347706,155.99224080948855,136.10546894034147,160.52856053750767,129.3810168298445,144.62685887801405,156.22382647051722
4141,108.04685600137633,128.43194867301366,119.31679140157912,154.12089755641435,156.03025679732727,136.1399315164154,160.56457155839607,129.41114246499177,144.66342360443534,156.26044620356868
4142,108.07139157582048,128.46153292063093,119.34543948880888,154.15408651172976,156.06828485185565,136.17436953925275,160.60058343845927,129.44127300542618,144.6999866276001,156.29706728081405
4143,108.09592749277661,128.49111621913056,119.37409694621962,154.18727649826616,156.10631508148734,136.20881648720746,160.63659520684905,129.4714079585139,144.7365246802428,156.333689561226
4144,108.12046104856594,128.52069028819852,119.40276160533156,154.22046639996353,156.14433913302233,136.2432783991311,160.67260224283416,129.50153596328263,144.77307891485208,156.37031108025482
4145,108.14499712787095,128.5502632642652,119.43141501530712,154.25364600000637,156.18234316821926,136.27774400731826,160.70860847996124,129.53165323677507,144.80963858308974,156.4069348741736
4146,108.16953572165012,128.57984429560818,119.46005635341112,154.28683580051586,156.22032836469248,136.31220067059456,160.74461351617097,129.5617564003003,144.84617575379445,156.44355803099006
4147,108.19407619605053,128.60942932266443,119.48868944970869,154.32002863434715,156.25829837494118,136.34664906960876,160.78062084105937,129.5918616325594,144.88271297482856,156.4801693977662
4148,108.21861993863884,128.63900974010966,119.51733261722302,154.35321628856093,156.29625799715885,136.38112788796,160.81663047431462,129.62195886702375,144.9192685040936,156.5167766219068
4149,108.24317055391089,128.668587997646,119.5459791907525,154.3864114187617,156.33419036588853,136.41562869495993,160.85264046899542,129.65205302001254,144.95582754452448,156.55338428881086
4150,108.26772418525428,128.69816767967816,119.5746264187948,154.41961080014255,156.37212333967503,136.45013470528542,160.8886484381535,129.6821457866825,144.99238996606977,156.5899849850143
4151,108.29227769252022,128.72775326938967,119.6032586666873,154.45282033668923,156.41005223944865,136.4846460827024,160.92465701587702,129.71224252244534,145.02896326931744,156.62657972160554
4152,108.31683454878346,128.75734048873935,119.63188248822357,154.48603579818095,156.44797857106113,136.5191584251467,160.9606663606787,129.74234246442276,145.065535537497,156.66317257516286
4153,108.34139278627676,128.78692247209855,119.66051295663293,154.51925205318778,156.48590120837977,136.55365787912135,160.99667444710116,129.77244361106125,145.102079791036,156.69976547134635
4154,108.36595779384882,128.81650516016776,119.68912679463547,154.5524620436661,156.52382405867564,136.58815528958434,161.03268051027402,129.80255057056957,145.13858651283985,156.73635601144102
4155,108.39052699013786,128.84608125639392,119.7177226491479,154.5856645349869,156.56175053109243,136.62263376364493,161.06868547343697,129.83266396040992,145.17505040081076,156.77294404423418
4156,108.41509162376084,128.87566578699327,119.7463052557455,154.61886747339443,156.59969665876343,136.6571305257497,161.1046902581991,129.8627789986079,145.2115246779212,156.80953547402723
4157,108.43965251316324,128.9052568429573,119.7748878626814,154.65206464423287,156.6376456553991,136.69165579157325,161.14069378987554,129.8929032918892,145.2480020085205,156.84613456412865
4158,108.46421343283788,128.93484912975208,119.80347274727181,154.68526367379857,156.67557917865568,136.72619567614467,161.17669737963172,129.92303148689126,145.28449609350392,156.88274069238068
4159,108.48877463211561,128.96443650764812,119.83205502597534,154.71846326755238,156.71351181076992,136.76073728713453,161.21270071866942,129.95315969534244,145.3210267672415,156.9193480773375
4160,108.51333487748104,128.9940242936011,119.8606418946406,154.75165654167017,156.7514465141122,136.79529254328844,161.24870306675388,129.98329038434593,145.35756508272257,156.9559590483315
4161,108.53789445319968,129.02360892781516,119.88923050094701,154.78486126452708,156.78938724776813,136.82986032994248,161.2847035023907,130.0134182959065,145.39408496356543,156.99257164318806
4162,108.56245533345854,129.05318811810108,119.9178124843015,154.81807250298988,156.8273268079794,136.86443449043173,161.32070349341637,130.04355164485722,145.4306115064666,157.02918210021696
4163,108.58701710308024,129.08276191493198,119.94637211157394,154.8512858673524,156.86525256167923,136.89902172029693,161.3567008259652,130.07368631036852,145.46714772323435,157.06579464888762
4164,108.6115792741415,129.11233855115205,119.97493210303159,154.8844998429783,156.90316810572847,136.93361175580335,161.39269557910046,130.10381952972645,145.50369421488523,157.1024074398128
4165,108.63614795642455,129.14191633288783,120.00349673354242,154.9177192219354,156.94107550367363,136.96820114427086,161.42868798718678,130.13395591239603,145.54026633022445,157.13902375559675
4166,108.66072409039776,129.17149453925975,120.03206407807977,154.95094111168186,156.97897937656623,137.00279461656257,161.46468171191714,130.16409373658593,145.5768443087471,157.17564099392877
4167,108.68530337674503,129.20106621631416,120.06062535454005,154.9841641127756,157.0168845270527,137.0373899367241,161.5006758053648,130.19422302130596,145.61343008103864,157.2122487737913
4168,108.70988972551362,129.23063925148077,120.08920049162865,155.0173871085297,157.05477345059967,137.0720091573398,161.5366696817132,130.22435326842094,145.65002069867938,157.24885804723246
4169,108.73448340819671,129.26021477437567,120.11778358881422,155.05059664660646,157.09265601421967,137.10663461415498,161.5726637092696,130.25448372106032,145.68660095855196,157.28547213879733
4170,108.7590809982863,129.28978791323271,120.14638066045909,155.0838029261565,157.1305230201406,137.1412661737085,161.60865839328974,130.28461567622173,145.72315252746316,157.32208661725102
4171,108.78366887694851,129.3193627669104,120.17498565078216,155.1170129333298,157.168390158051,137.17589782007283,161.6446546092771,130.31473727707194,145.75969767513297,157.35869569285794
4172,108.80824873383929,129.34893968078816,120.20360535940848,155.15022415681938,157.20626252340188,137.2104830117214,161.68065119268795,130.34485661900194,145.79623819891293,157.3953045843949
4173,108.8328294302736,129.378512354062,120.23223214273892,155.18343138478946,157.24413661906942,137.24503542895525,161.71664790861016,130.37496342542542,145.83277815704122,157.43192057621468
4174,108.85740971124712,129.40808596379486,120.26084082249376,155.21663942217026,157.28200217367169,137.2795473352662,161.75264730817327,130.40507118288585,145.86930413740927,157.4685408140971
4175,108.8819926043063,129.4376578631501,120.28945037200226,155.24984472060595,157.31986693135374,137.31402761399832,161.7886496162313,130.4351741323355,145.90579706913613,157.50516499897375
4176,108.90658378464306,129.46722898332246,120.3180579602437,155.2830428916171,157.35772398063273,137.34853114703267,161.8246539802869,130.46526778242693,145.94228897984422,157.5417915196803
4177,108.93118013375555,129.49680219131366,120.34666831351404,155.31624472394608,157.39557778365534,137.38304068279763,161.8606587107859,130.4953587418984,145.9787680083911,157.5784180397181
4178,108.95577805785938,129.5263770224325,120.37526310874476,155.3494553979905,157.4334491121927,137.41754108378564,161.89666276439098,130.52545072573946,146.0152465552885,157.61504094006526
4179,108.98038451128427,129.55595371759372,120.40383909548866,155.38267509578037,157.47133486423144,137.45201164992667,161.93266660104817,130.55554431244164,146.051719030794,157.65166802300558
4180,109.00499570602507,129.58553188373872,120.43240794893836,155.41589688838556,157.50924038038693,137.48646874390715,161.96866909649933,130.58563820117163,146.08819101999003,157.68830092882882
4181,109.02960776882267,129.61511067421986,120.46095961991195,155.44911786593133,157.5471556372353,137.52092183345317,162.00467155041707,130.61572713537967,146.12463380286155,157.72494006548894
4182,109.05421756451526,129.6446855104584,120.48950918884336,155.48234447504498,157.5850772378758,137.55540498239287,162.04067338814778,130.64582090306433,146.16106535323692,157.7615810647432
4183,109.07882389237143,129.6742553058807,120.5180525280318,155.5155728228878,157.62300394712756,137.58989820853952,162.0766760388041,130.67592671221334,146.19747850742988,157.79822193976915
4184,109.11064177741082,129.70785435942108,120.55129678678999,155.55038846423872,157.66074754065616,137.6251187334552,162.11264961627913,130.7097097378743,146.2338346700296,157.83478500869973
4185,109.22796084468293,129.8259215174636,120.66921493102399,155.66896658916167,157.77994275486128,137.74386690947534,162.23159702823673,130.82785416420745,146.35283564390468,157.9538149494611
4186,109.2307100086165,129.83196780774443,120.67440865108054,155.67753728596037,157.79254290519876,137.75398836915338,162.24216556442084,130.8340065918008,146.36378898691726,157.96532218636534
4187,109.25385783004748,129.85941165629959,120.70076238205436,155.7081412857356,157.8280812315132,137.78650122923537,162.27523557327837,130.86157762192514,146.39732354580107,157.99953614850986
4188,109.27904519645989,129.8890050679779,120.72924449189499,155.74094639404174,157.86592643526427,137.821240960703,162.31055346584063,130.89128935254072,146.43313342322446,158.0360185046327
4189,109.30444534766251,129.91881658951957,120.75794151664343,155.77397755899088,157.90400613954338,137.8562144222484,162.34609418036487,130.92121152948172,146.46917853078375,158.0727254669982
4190,109.32987849601226,129.94865151479965,120.78665510067951,155.8070323308632,157.94210263072705,137.8912071768734,162.38165146617357,130.9511542488866,146.50525060580082,158.1094515534955
4191,109.35533495024923,129.97848882570682,120.81537048951341,155.84008833523004,157.98019325424656,137.9261795761852,162.41720875326183,130.9811036908757,146.5413297551389,158.14618712899005
4192,109.3808012292386,130.00833280893025,120.84408719783171,155.87312685691498,158.01827543565986,137.96115389200799,162.45276969072486,131.01106006506137,146.57744079739618,158.18292962092727
4193,109.4062655253881,130.03818141208708,120.87280062911655,155.90616559718222,158.0563467028432,137.9961205764155,162.48833335293943,131.04101840495366,146.61355971911232,158.21967321278044
4194,109.43173523400081,130.06803637021903,120.90149409170436,155.93920591624385,158.09441756814553,138.03107993274568,162.52390126795868,131.07097770384,146.64966725881686,158.25641481626155
4195,109.45720644473187,130.09789357683994,120.93018031393377,155.97226114693697,158.1324753005222,138.06604074651435,162.5594717114382,131.1009375505621,146.6857816835073,158.2931588530331
4196,109.48267261977371,130.12774977200542,120.95887094272514,156.00532440583663,158.17052628344146,138.10102373333325,162.59504252083454,131.1308966387999,146.72190719759803,158.32990385116653
4197,109.50813828215071,130.15759489331072,120.98753086661253,156.03839213263984,158.2085775675393,138.1360165642378,162.6306123614838,131.1608563871633,146.7580352914668,158.3666485512353
4198,109.53361166085692,130.18744420861006,121.01619808591846,156.07146096957294,158.24661796718829,138.1710084453928,162.66618395517568,131.19082147125758,146.79416326684682,158.40339929146583
4199,109.55909076179258,130.21729971550198,121.0448763231968,156.10452919720962,158.2846622655651,138.20601072546117,162.70175840527057,131.22078884364058,146.83031683000945,158.4401518462756
4200,109.58455359106523,130.2471568410592,121.07356171013538,156.13759760234657,158.32270721701454,138.24101949947163,162.73733896811603,131.25075070071097,146.8664772666818,158.47691055618932
4201,109.61002539979147,130.277013062149,121.10225532708716,156.17065920037703,158.36075065368323,138.2760120583198,162.77292125792061,131.2807147361147,146.90263061371763,158.51367165496814
4202,109.63550048844398,130.30686953514189,121.13095218074291,156.20372180471236,158.39878115783125,138.31099851412608,162.8085047824858,131.3106798095188,146.93878541972055,158.55043278151655
4203,109.66097528592995,130.33672251854583,121.15964208843086,156.2367963516158,158.43680228725592,138.34592875763826,162.8440888077634,131.34064521557113,146.97494123190808,158.58719199440657
4204,109.68643897199408,130.36657686734395,121.18832848333233,156.26987593929857,158.47483364262013,138.38084448674923,162.87967285387873,131.37060699672432,147.01108865766298,158.6239461031974
4205,109.71189403966692,130.39642734324596,121.21701607504413,156.30295621010382,158.51286706444174,138.41575260790407,162.9152566734998,131.40056250212285,147.04721525167267,158.6607038744278
4206,109.73733281783582,130.426278683749,121.24570658589344,156.33603638696326,158.55089454948433,138.45066257290227,162.95083712169642,131.43051769657032,147.0833209773154,158.69746320558974
4207,109.76276976899548,130.45612254961665,121.27440143309116,156.369111407674,158.58892199186388,138.4855614170731,162.98641747333585,131.46047029129596,147.1194172431209,158.73421978809805
4208,109.78820207257249,130.48597358191302,121.30308963954602,156.4021882084901,158.6269465041702,138.52045079745048,163.02199629990662,131.49042535083422,147.1554943079431,158.77097488918105
4209,109.81363075184464,130.51582873060698,121.33178045245391,156.4352645840526,158.66497259405432,138.55534052548595,163.05757424597203,131.520381809244,147.19156500810288,158.80772637585054
4210,109.83906051410304,130.5456864338149,121.36048779382362,156.4683361715216,158.70299753494226,138.59019610087464,163.09315204467816,131.55033720374033,147.22763348005267,158.84447951059482
4211,109.86448976988483,130.57554500727446,121.38920061855993,156.50141189396263,158.74104079230733,138.62504795425366,163.12872637081463,131.58029313569298,147.26366205743386,158.88124470642725
4212,109.88989921837695,130.60540251521795,121.41792372582819,156.53448855376098,158.7790889040953,138.65990695276204,163.16429959767288,131.61024813723034,147.29963735332117,158.91802000795087
4213,109.91530018094018,130.63525669039512,121.44665220144863,156.5675559605841,158.81714781251648,138.69477064633102,163.19987085312007,131.64020158110594,147.33560253524504,158.95479659707513
4214,109.94069691547193,130.6651204264846,121.47536839215701,156.6006338369945,158.85521024930483,138.72962648680985,163.2354418770422,131.67015586605896,147.37156934037452,158.9915708698111
4215,109.96607671005577,130.69498943895803,121.50407794120413,156.63371479053214,158.89327019526095,138.7644586694467,163.27100837608972,131.70011043267718,147.40752876502955,159.02835211004398
4216,109.99146254796959,130.72486143221786,121.53278546361528,156.66678487215813,158.93132940081156,138.79929754181134,163.30657646037545,131.73006396541442,147.4434658154185,159.06514075090493
4217,110.01682443339799,130.75473597631634,121.56149024790614,156.69985151294424,158.9693875535484,138.83414863971913,163.34214953380348,131.76002056522333,147.47940995229652,159.10193436431175
4218,110.04218743367129,130.7846116893964,121.59018347241118,156.7329195558375,159.00743018556054,138.86902246295347,163.37772392377806,131.7899782100288,147.51535474673386,159.13873325232507
4219,110.06754764177863,130.81447807158904,121.61885596425984,156.76598804806096,159.04546886819082,138.90390137125948,163.41329813128232,131.81994321661435,147.55131608410144,159.17553516975357
4220,110.09290678495809,130.84434787531256,121.64753542730358,156.7990589120875,159.08351363098015,138.93875466026645,163.44887513411473,131.84991113373727,147.58728444789986,159.21233628400475
4221,110.11826824080947,130.8742194160459,121.67623132882704,156.83213049144908,159.12156671648677,138.97360080796736,163.48445524525226,131.8798783140959,147.6232425881354,159.24912419254065
4222,110.14362701692204,130.90408760795137,121.70493478751312,156.86519802354022,159.1596182005515,139.00843550176688,163.520035972184,131.90982934277406,147.65918660933704,159.2859140878199
4223,110.16898418949063,130.9339578477843,121.73364848880153,156.89825741549666,159.1976472498451,139.04327641365046,163.5556159669796,131.93978533069043,147.69514050090075,159.32270521005316
4224,110.19433725378775,130.9638228740173,121.76236591903515,156.9313174076739,159.23567782249228,139.07812018723976,163.59119599753635,131.9697435227218,147.73109958278738,159.35949398846776
4225,110.21970055877357,130.99368701727292,121.79108443787737,156.96437788344758,159.27371171615525,139.11297046284022,163.62677436748115,131.99970001256997,147.76705687815058,159.3962763451884
4226,110.24507234229512,131.02354529739944,121.81980397518795,156.9974384437753,159.31174564285462,139.14783478445432,163.6623567484956,132.02965415883256,147.80298981218073,159.4330587733967
4227,110.27045044944609,131.05340506128212,121.8485242874493,157.0304998561662,159.34978697204326,139.1827021467027,163.69794227631718,132.0596092645617,147.8389413711053,159.46983611061907
4228,110.29583550760813,131.08326676708447,121.8772463538967,157.06356843827933,159.38783509676074,139.2175615726906,163.73352804456337,132.0895594136464,147.8748980075203,159.50661254161048
4229,110.32122800518184,131.11312458632935,121.90596226124057,157.09663955979298,159.4258928337721,139.25242297223633,163.7691111846333,132.11951442322962,147.91084996411902,159.54338770007726
4230,110.34662586690304,131.14298308622355,121.93468205867555,157.1297085003663,159.46395041525284,139.2872843756437,163.80469501934263,132.14947029422066,147.94679796021364,159.58015521688858
4231,110.37202955665252,131.17284143429083,121.96338057959834,157.16277118580166,159.50198631920284,139.3221552506535,163.8402799891372,132.17942566935236,147.98274674366868,159.6169238007163
4232,110.39743656442317,131.20270028519727,121.99206555445235,157.19582332648486,159.5400164775388,139.35703019104784,163.8758648942089,132.20938114030437,148.01867767372923,159.65369269593188
4233,110.42283566257163,131.23256191777733,122.02075248141664,157.22886277349298,159.57804775480568,139.39190797315518,163.9114446062385,132.23933523903125,148.0546225023273,159.6904598157766
4234,110.44823747522317,131.26243330992813,122.04943956209799,157.26189548535743,159.61607810752736,139.42680595578213,163.9470214722008,132.26928208261438,148.09056940043772,159.72722643368357
4235,110.47364223143461,131.29230872033037,122.07812743398678,157.29491563887092,159.654106865607,139.4617204539811,163.98259644436857,132.2992296984105,148.12651818129453,159.76399788629843
4236,110.49903880207151,131.32218523493137,122.10679530816097,157.32792824326177,159.6921272460918,139.49663809731751,164.01816826480365,132.3291739965053,148.16246888356534,159.80076963046153
4237,110.52443461749704,131.3520487041785,122.1354579735128,157.36093572814525,159.73014133505106,139.53155283437775,164.0537376851502,132.3591212460413,148.19840657786781,159.8375327460008
4238,110.5498358424135,131.38191765711704,122.16412438226757,157.39394329065135,159.76814789969146,139.56646539077215,164.0893074543043,132.3890695651336,148.23435400745066,159.87429975073778
4239,110.57524471709601,131.4117904400839,122.19279288195506,157.42695405471179,159.80615656896273,139.60137968505362,164.1248771665387,132.41901969041209,148.27030864912442,159.91106745927192
4240,110.60066309739172,131.44166387653374,122.22142949144394,157.45997412765257,159.84417734335014,139.63630154245752,164.16044314286387,132.44897216620143,148.30626249989112,159.94783167882477
4241,110.62608996573256,131.47153509588955,122.25007071753059,157.49299689311772,159.88221183942468,139.671244153056,164.19600549697196,132.47892250275353,148.3421935819119,159.9846061438866
4242,110.65152640298362,131.50140651079445,122.2787281934565,157.52601894089534,159.92025183390433,139.706190883761,164.2315678657567,132.50886772270127,148.37813802159852,160.0213871639389
4243,110.67696629858538,131.5312575405347,122.30739222480528,157.55903340467046,159.9582976654539,139.7411206612518,164.2671273124136,132.53880911918225,148.41408560592177,160.0581745508445
4244,110.70240652654448,131.56110524388316,122.33605689937275,157.59204812756377,159.99634636868907,139.77602078889078,164.3026854725523,132.56874790784386,148.4500232321467,160.0949632701465
4245,110.72784823363759,131.5909496673786,122.36472151725792,157.62505071697672,160.03439373670892,139.81090362677972,164.33823894187384,132.59868875919776,148.48594833205087,160.1317489415749
4246,110.75328409915413,131.6207912083421,122.39338171483378,157.6580538302073,160.0724262464189,139.84580163406002,164.3737912176689,132.62863053193314,148.52186180010102,160.16853543861973
4247,110.77874230086516,131.65063256297364,122.42204538687797,157.69105711746786,160.11044707956515,139.8807041197771,164.4093446037004,132.6585730013522,148.55776218981288,160.20532509464437
4248,110.8042131492338,131.68046526217358,122.4506958832688,157.7240503362357,160.14846486488275,139.9156163425708,164.44490081185532,132.6885180632872,148.59364773756724,160.24211908354846
4249,110.82968529757899,131.71028848859794,122.47932677041679,157.75704070779946,160.18648124809388,139.9505322158236,164.4804574619346,132.71846376054145,148.6295338344129,160.27891987228693
4250,110.85516278937911,131.7401126741241,122.50795598998388,157.79002694065125,160.22451187482739,139.98546409749235,164.51600988309184,132.74841057569222,148.66543131721286,160.31572288364757
4251,110.88064587165763,131.76993281062772,122.53658918953711,157.8230137044868,160.2625475372289,140.02042335800132,164.5515624443656,132.77835889283395,148.7013311270049,160.35252541902418
4252,110.90611691419988,131.79975230642304,122.56521289427201,157.85599952253023,160.30058683200375,140.05542286906265,164.5871160346923,132.80830488015016,148.73723276093128,160.3893215442597
4253,110.93159255465685,131.8295730202709,122.59383811700262,157.88897955523743,160.33862659249036,140.09045064483405,164.62267044505552,132.8382498265405,148.77313943081063,160.42611550568498
4254,110.95706175938209,131.85939515090683,122.62246730897184,157.9219508952486,160.37666363073583,140.12551806029305,164.65822816431069,132.86819517781987,148.80904575993276,160.4629050532993
4255,110.98253453866413,131.889219833932,122.65110851819097,157.95492835015514,160.41470630491912,140.1605974078493,164.69378680858605,132.8981406747707,148.8449475280236,160.49969439633804
4256,111.0080084141415,131.9190451450567,122.67975341567937,157.98790755495736,160.45275000389069,140.19568601707823,164.72934116591853,132.92808872741335,148.88085148452785,160.5364827554511
4257,111.03348285521511,131.94886872880835,122.70839107269629,158.02087310564625,160.4907889848049,140.23077662600645,164.76489372936078,132.95804020251757,148.9167705520312,160.5732729067024
4258,111.05895020435645,131.9786917720271,122.73703360574247,158.05382726591452,160.52881876620114,140.2658533373287,164.8004438747213,132.98799264342904,148.9526940658783,160.61006218922452
4259,111.08442652138382,132.008510620462,122.76566080458024,158.08677469787602,160.56683107033126,140.30090634235185,164.83599568988095,133.01794559666757,148.9886158436236,160.64685213717038
4260,111.10991198834562,132.03833515425524,122.79426816266846,158.1197123865118,160.60483188132957,140.33595150199872,164.871544767729,133.04790760367982,149.02451769050666,160.6836439225233
4261,111.13541028465951,132.06816515012068,122.82287753549251,158.15265696105828,160.64282449524697,140.37102618542846,164.90709184936583,133.07787499362945,149.0604162309688,160.72043815301458
4262,111.16091582400263,132.09799860605517,122.8514815070376,158.18560372689393,160.68081034790586,140.40611095001972,164.94263952174046,133.1078437279325,149.09632017345916,160.75723229422735
4263,111.18640568687995,132.1278330880617,122.88007939663278,158.21854828541495,160.71879168006026,140.44119424105332,164.9781869016362,133.13780652550605,149.13222615280597,160.79401883097827
4264,111.21189642924622,132.15766388984343,122.90868200427543,158.2514951184995,160.7567763568868,140.47625353289283,165.01373203687427,133.16775878978834,149.1681229805977,160.8308029448379
4265,111.23737002206008,132.18748365709152,122.93728964322851,158.28444456665773,160.79476996487344,140.51132319406946,165.0492787251227,133.19771301765874,149.2040290948738,160.86758229222147
4266,111.26284647391957,132.21730422540776,122.96590655066541,158.31739422425971,160.83276598724984,140.54640203094857,165.08482551154185,133.22767037382252,149.23993740700567,160.90435748184785
4267,111.28832600195625,132.24713011895537,122.9945244573166,158.35034667390323,160.87076087591066,140.5815129290851,165.12037051251815,133.25761851775948,149.27584402494637,160.94112721419236
4268,111.31380462173692,132.27695741276503,123.02315229020236,158.38329988594757,160.9087480534257,140.61666002101808,165.15591534428967,133.28756729809788,149.31176159199282,160.97788760976192
4269,111.33928786159873,132.30678273996932,123.05179589220585,158.4162468867516,160.9467460086188,140.65181480283294,165.19145873631805,133.31751229731026,149.34768190534325,161.01465844248906
4270,111.36477021678307,132.33660193542423,123.0804436833333,158.4491990976488,160.98474614583643,140.6869633200547,165.2270028711029,133.34746649171962,149.38359211711736,161.05143743767394
4271,111.39025501559532,132.36641405310345,123.10909099620687,158.48215893267113,161.0227329053364,140.72211138941202,165.26254728279721,133.3774325504248,149.419499317276,161.08821762184013
4272,111.41573736219621,132.39621974743872,123.13774190081072,158.5151212183174,161.0607100083762,140.7572423927234,165.29808982563958,133.4074051265762,149.4553968353785,161.12499410287037
4273,111.44121119475729,132.42602334043985,123.16639500376614,158.54808496765764,161.0986727809268,140.79237352032274,165.33363228513608,133.43737914221785,149.49128690146992,161.16177115524013
4274,111.46667754223853,132.45582454227386,123.19506053708146,158.58105006580115,161.13664964291135,140.8274966087265,165.36918122050108,133.4673483616718,149.52717675956896,161.19855029236237
4275,111.49213406655844,132.485620741862,123.22373092143592,158.6140152565148,161.17463009343118,140.86266500316555,165.40473168936967,133.49732096240325,149.56308414421025,161.2353254489519
4276,111.52427226916134,132.51929446715343,123.25701931233519,158.6487418700308,161.21241984000565,140.8981030467575,165.44028532052732,133.53105781515086,149.5989731575707,161.2720147812579
4277,111.64172586981012,132.6373929873314,123.37495599206844,158.76728260326306,161.33162151563718,141.01694258062167,165.5591734011691,133.6491828488604,149.71790873055227,161.39106239889185
4278,111.64509174596556,132.6435190329534,123.38025461835566,158.77520718501657,161.3438862151869,141.02717834689705,165.5698610571774,133.65507582432906,149.72901464239789,161.40272907498448
4279,111.66905231295685,132.6710532205354,123.40675072354712,158.80501278642387,161.37901532261046,141.0598357096715,165.60307863804084,133.68232339336015,149.7627400980982,161.43713826239926
4280,111.69503896848889,132.7007177357977,123.43536100949099,158.83702547064735,161.41642323143236,141.09472449625977,165.63854892302257,133.71170380561313,149.79874586062473,161.47383350122917
4281,111.72122107452681,132.73059432863081,123.46417651484344,158.86925411697936,161.4540646507842,141.12980596087942,165.6742445559265,133.74129848683592,149.83497626874484,161.5107549351843
4282,111.74742530155429,132.7604911916612,123.49301863936198,158.9015026533613,161.49172434786846,141.16491215690428,165.70996103708995,133.77091794312506,149.87122072956956,161.5476990331107
4283,111.77363369563943,132.79038952467522,123.52187369663801,158.9337563672902,161.52938687010223,141.2000402728205,165.74567859794047,133.80054183727563,149.9074594275462,161.58464899606335
4284,111.79982812852471,132.82029137234517,123.55073305033916,158.96601112855652,161.56705522618086,141.23518081945042,165.78139803732947,133.83016741594633,149.9436993821415,161.62160120225016
4285,111.82600193803925,132.85020371193957,123.57958155469251,158.9982523369741,161.60472298201785,141.2703235905824,165.81711862301552,133.85979381628005,149.9799390335868,161.6585523785169
4286,111.85215200704621,132.8801221602919,123.60842589437719,159.0304837366166,161.642377150335,141.30546384556698,165.85283913416163,133.8894140709652,150.0161725569557,161.69549043670983
4287,111.87829917646268,132.91004233241992,123.63727443013565,159.06271892716163,161.68002632948782,141.34057526919395,165.88855749367534,133.91903486500476,150.05238895856357,161.73243097554888
4288,111.90441342909725,132.93996267217975,123.6661333934235,159.0949568735679,161.7176759726924,141.37570980617588,165.92427296141014,133.94865700327594,150.08861654483815,161.76937191522157
4289,111.93052861181229,132.96989214922831,123.69500442526652,159.12720187404182,161.7553228425985,141.41086968100973,165.9599902291659,133.97828101587967,150.12484891599533,161.80630295936123
4290,111.95664288895136,132.99982574617272,123.72388035328808,159.15944806273944,161.79295982558216,141.44605197962593,165.99570785371523,134.00790550166067,150.16108064507256,161.84323035504084
4291,111.98275640325531,133.02975795887983,123.75273691191984,159.19168701945517,161.8305933320637,141.48124743709477,166.03142452832031,134.03752869589619,150.1973137023389,161.88016841260364
4292,112.0088759517185,133.0596945380867,123.78158429057773,159.22392124164338,161.86822015409305,141.5164452232601,166.06713938544027,134.0671523288515,150.23353526125564,161.9171078186789
4293,112.03499786981926,133.08963553301544,123.81043060446073,159.2561495443718,161.90584276863655,141.55163859544967,166.10285235419562,134.0967715734852,150.26976529899326,161.95403236881143
4294,112.06111430936717,133.11957779398927,123.83927070640374,159.2883657754906,161.94346468886224,141.58679967939702,166.13856354104266,134.1263927536429,150.3060133539466,161.99095076956877
4295,112.08723049948561,133.14952877879577,123.86809564876518,159.32058585445102,161.98108838845076,141.62197125904882,166.17427625597696,134.15601478007676,150.3422821367413,162.02787128322842
4296,112.1133454106517,133.17948945350744,123.8969127686044,159.3528068089642,162.01871242467195,141.6571589947942,166.20998899533268,134.18564003455097,150.37855403766503,162.0647972970435
4297,112.139458961632,133.20945305826518,123.92571267173663,159.3850241087656,162.05632059221833,141.6923713511616,166.2456995838416,134.2152712222555,150.41481710981216,162.10172662203138
4298,112.1655890103981,133.23940743289677,123.95449090721607,159.41723898345415,162.09392319138917,141.72762078195444,166.28141038911045,134.24490597881373,150.4510820137122,162.13865593049948
4299,112.19172613784725,133.26936512014797,123.98326497106443,159.44944179595015,162.13151853845375,141.7628909020076,166.31712200362105,134.27454165504562,150.4873308019987,162.17558022279397
4300,112.21786631946208,133.2993239874587,124.01204248661132,159.48164126204492,162.16911172364854,141.7981749130861,166.35283480603323,134.3041731158097,150.5235526670581,162.2125092767524
4301,112.24399240117451,133.32928295803794,124.04082839988496,159.51383313466098,162.20670685176304,141.83347497982172,166.3885491606722,134.33380420261113,150.55979813670743,162.24944460243927
4302,112.27009802478779,133.35924883513238,124.06962161148265,159.54602605924273,162.24430444727224,141.8687782433657,166.42426520587594,134.36343191035397,150.59604968182495,162.28638751525946
4303,112.29620465472766,133.38921901794131,124.09841872968065,159.5782070594412,162.28190149504098,141.90406973053865,166.45998321537797,134.39306039959192,150.63230048664755,162.32333579484626
4304,112.32230854855037,133.41919856978348,124.12722586116871,159.61038512246475,162.3194959337257,141.9393780567138,166.4957015668356,134.42269306469763,150.6685523667104,162.36029009215318
4305,112.34839845688643,133.4491817164433,124.15603769541849,159.6425657149915,162.3570913495414,141.9746926914939,166.53141817488043,134.4523274049214,150.70480010811158,162.39724571142023
4306,112.3744911000592,133.47915969997817,124.184844057055,159.67474821455838,162.39469968027456,142.0100185107325,166.56713356557492,134.48195948897379,150.74104149518965,162.43420071536033
4307,112.40056601639468,133.50913391931192,124.21365502840757,159.70693320773304,162.4323173567869,142.04534720847826,166.60284557084333,134.5115922394097,150.77725274557798,162.47115573463597
4308,112.4266452628659,133.5391080720437,124.24246679690755,159.73912471740348,162.46994155938418,142.0806656909098,166.63855684055062,134.54122427170128,150.8134434954963,162.50810813376054
4309,112.45270482169099,133.56908537739656,124.27127231464819,159.7713195276074,162.5075704725417,142.11595516384259,166.6742687142032,134.57085683341552,150.84963292829588,162.54505258396162
4310,112.47872385139942,133.59906851607423,124.30008237397604,159.80351485536968,162.54520023388773,142.1512203135669,166.70998062886395,134.60048892939898,150.88580695141343,162.58199251704872
4311,112.50473729743015,133.629057101114,124.32889551318144,159.83571034721044,162.58283121696408,142.18648229030012,166.74569184529574,134.63012090001124,150.92197461456027,162.61892936897547
4312,112.53074687635214,133.65904904757667,124.35770965932777,159.8679083088855,162.62046237401748,142.22175107251314,166.7814022057764,134.65975627327163,150.95812991784294,162.65585323056018
4313,112.55677570931411,133.68904551799383,124.38652742967757,159.90010367608542,162.65808929077764,142.25703960983301,166.81711305253447,134.68939273954834,150.99428573450146,162.69276882267167
4314,112.58281179339313,133.71905063161566,124.41535058515043,159.93228514808692,162.69571585458473,142.29235419299224,166.85282553181526,134.7190273090322,151.0304408723985,162.72968969932788
4315,112.60884238395337,133.74906339666344,124.44415930077432,159.96446526664798,162.73335359949954,142.32768067158491,166.88854013597313,134.74865679707196,151.06660368988238,162.76661885569325
4316,112.634857432621,133.77907860575235,124.47296936057097,159.9966329361566,162.77099794623393,142.36302672998488,166.924255121944,134.7782884649023,151.10276734835935,162.80356101069142
4317,112.66086783436283,133.80908268417193,124.50175987308512,160.02880056185643,162.80864301852228,142.39838655166875,166.9599695901909,134.80792063145464,151.13893765591695,162.84051269579132
4318,112.6868842354369,133.83907987022505,124.53055164963264,160.0609802908358,162.84629752973436,142.43375983242473,166.99568192589294,134.83755306895407,151.17510887338565,162.87746789471365
4319,112.71290662620405,133.86907051017158,124.55934395802043,160.09317621663953,162.88395553927467,142.4691584442798,167.03138906132375,134.86718214499712,151.21127437516768,162.91442711079455
4320,112.73893559884496,133.89906443997677,124.5881417764446,160.1253821511013,162.9216120228922,142.50457384874287,167.06709624923917,134.8968129018285,151.2474428017009,162.95138686137233
4321,112.76498146132094,133.9290571678508,124.61694355863354,160.15759596639134,162.95927212611275,142.53999179050095,167.1028036236975,134.9264453989787,151.2836049728636,162.98834182470242
4322,112.79105708001279,133.95904983197346,124.64573419973625,160.18982178653928,162.99694091298196,142.57540057954375,167.13851124495724,134.95607890516686,151.31977184795855,163.02529647351642
4323,112.81714408078214,133.9890297306913,124.67451083674194,160.2220667721968,163.03462150349642,142.6107946358335,167.17421948732053,134.9857183281747,151.35594031105603,163.06225678433808
4324,112.84322975283003,134.0190069606704,124.70332375704939,160.25433837913297,163.07230556549175,142.6461876204786,167.20992772361535,135.01535984363548,151.39211510127188,163.0992187734366
4325,112.8693219398937,134.04898618178933,124.73214969688821,160.28661736205933,163.10999689227424,142.68155354235495,167.24563247944482,135.04499844489413,151.42829822796475,163.13617894930792
4326,112.8954222432101,134.07896640729595,124.76097612240504,160.3188893466395,163.14768939827962,142.71692007673155,167.2813350042132,135.07463165275664,151.46448832247307,163.17314317528184
4327,112.92151693745055,134.10895026097526,124.7898091986411,160.35115554401142,163.18538276827823,142.75228136922325,167.31703724277497,135.10427072582937,151.50068134896966,163.21011302869712
4328,112.94758158603244,134.1389249728794,124.81865235120351,160.38340812619973,163.22307826988958,142.78763665425313,167.35273867038342,135.13391263985184,151.53688804273636,163.24708573938034
4329,112.9736482138039,134.1688912146426,124.8474994576265,160.4156537475837,163.26077110216028,142.8229901160387,167.38843660524086,135.16355498172837,151.57309734816891,163.28405774688832
4330,112.99971752294604,134.1988585589275,124.87633678553013,160.44790162734586,163.29845243453158,142.85833353907697,167.42413442953864,135.19319670561978,151.60929404838464,163.3210169207106
4331,113.02578221080545,134.2288161313332,124.90516767298926,160.4801460804847,163.33614499709904,142.89366766785923,167.4598340036548,135.22283876169456,151.64549105233473,163.35796280110884
4332,113.05184344933629,134.25875615236353,124.93400027261147,160.51239309027443,163.37384823060572,142.92898222334222,167.4955357689348,135.25248281804411,151.6816812192669,163.39492475033018
4333,113.07789631425345,134.28869703840832,124.96282868509795,160.54463451304727,163.41155980883914,142.9642867522302,167.5312381762123,135.28212765344878,151.71787739293643,163.43189160386487
4334,113.10395859969834,134.3186298841358,124.99167171662376,160.57687676118067,163.44927275115498,142.99960627202194,167.56694276941934,135.31177203320834,151.75408732132158,163.46885837025889
4335,113.13002343719981,134.348558599768,125.0205355362969,160.60911395133633,163.4869805919438,143.0349503152456,167.60264796967584,135.34141732849827,151.790308115856,163.50582499015286
4336,113.15608254160068,134.3784892039159,125.04940681204124,160.64134944619582,163.52467800159405,143.070320783344,167.63835368265939,135.37106284775726,151.82654049185047,163.5427898028211
4337,113.18215065759314,134.40842331330347,125.07827664421858,160.6735738478331,163.56237638354366,143.10569733392092,167.6740596807775,135.40070765100054,151.86278057188107,163.57974669697785
4338,113.20822446712023,134.4383583595523,125.10715214866421,160.7058096980745,163.60007559096348,143.14108562016466,167.70976412986542,135.43035587174575,151.8990230103871,163.616698152695
4339,113.23428339087567,134.46829451579893,125.13601998444436,160.73804979045056,163.63777579378004,143.17647805876413,167.74546392982182,135.4600054611714,151.9352758291668,163.65364759081908
4340,113.26034379977911,134.4982317686276,125.16487654366895,160.77028365369975,163.67547272367176,143.21186552261506,167.78116602708837,135.48965428986202,151.97153073952828,163.6906003208999
4341,113.28641069919642,134.52815506269127,125.19373509613914,160.80250883937285,163.71316330813374,143.24724370855876,167.81686895348108,135.51930121642314,152.00777348989735,163.72756290127447
4342,113.31248677146043,134.55807271976113,125.222588929662,160.83473379711026,163.75085524389686,143.28262166549018,167.85256948044818,135.54894438728064,152.0439981794233,163.7645356390958
4343,113.33856650252909,134.58799043294383,125.25143379352156,160.8669606915013,163.78854561777587,143.31797675097974,167.8882691098285,135.57858741997558,152.0802122636104,163.8015128038702
4344,113.36462899861993,134.6179058238871,125.28028049004025,160.89919211014706,163.82623751174083,143.3533238265963,167.9239699052675,135.6082189268268,152.1164375409565,163.83848943560525
4345,113.39069103456119,134.6478163716732,125.30911670454464,160.93142643944861,163.86393131926866,143.38868399317346,167.95967074458278,135.6378462962621,152.15266585793435,163.87545999141912
4346,113.41677417568722,134.6777279048437,125.33795289707679,160.96366124210206,163.9016273828713,143.42405170385703,167.9953716579728,135.66747195328622,152.18892040848735,163.91244924970246
4347,113.44286817427972,134.70762298476197,125.36678976712138,160.99589049952425,163.93932505624917,143.459409505639,168.0310731001865,135.6970907739268,152.22519820772035,163.9494445202014
4348,113.46896830452788,134.73750233695682,125.39562399064576,161.0281264834705,163.97701491692374,143.4947769215425,168.06677125434285,135.7267092047336,152.26150493339318,163.9864405011232
4349,113.49508228750668,134.76737922982042,125.42446045273442,161.06036627235468,164.0146942529633,143.53014771865017,168.10246817796866,135.756321484931,152.2978190086144,164.02343855134487
4350,113.5212071145489,134.79724427282198,125.45329814713499,161.09260366037546,164.0523939933436,143.56548594941856,168.13816502766792,135.78593432400257,152.3341318791758,164.0604365587584
4351,113.54733636587537,134.82710428326575,125.48214373998725,161.1248325355778,164.0901048980205,143.6007864405241,168.17386049618386,135.81554804637824,152.37044979108515,164.0974335397855
4352,113.57345268452124,134.85696066412433,125.51099508024492,161.15706212349136,164.12782044525582,143.63610123963423,168.20955479482953,135.845163630505,152.4067704385152,164.13443585817345
4353,113.59956610006758,134.88681558078866,125.53985059244462,161.18928930944585,164.16553670481125,143.67145001816357,168.2452506877433,135.8747799821775,152.44307725417983,164.17144486697453
4354,113.6256736586247,134.9166713926725,125.56871097012844,161.22153159981593,164.20325544181944,143.70680794342934,168.28095008487907,135.9043952683544,152.4793843432782,164.20845690852715
4355,113.65179850038308,134.9465310674535,125.59756889764782,161.25377871651767,164.2409758760027,143.74217489231103,168.3166510763428,135.93400729558724,152.51569556432582,164.24546861849967
4356,113.67793095905138,134.97639218475467,125.6264217773672,161.2860272547572,164.27869579560442,143.77754270676664,168.3523522462952,135.96361727649594,152.55202639371436,164.28247837148072
4357,113.7040736044795,135.00625772695992,125.65527980279205,161.31828986950026,164.31640969936313,143.8128956534812,168.3880545322779,135.99322580895964,152.58836578135978,164.31949732399443
4358,113.73022208057704,135.03612938012884,125.68409314571313,161.35057894924827,164.35411928455883,143.848261729378,168.42375699262007,136.02283566434758,152.6247203280146,164.3565211078073
4359,113.75636096011124,135.0660041012985,125.71290404988207,161.3828758572212,164.39182278314166,143.8836442776481,168.45945730027148,136.05244896734817,152.66107902269923,164.39354517715896
4360,113.78250055260911,135.09588837986274,125.74172553194545,161.41517276179533,164.42952654011555,143.91903099518254,168.4951576570082,136.082063177023,152.69743556358304,164.4305644199586
4361,113.80865177651232,135.1257765967429,125.7705548234605,161.4474655507106,164.46722993156152,143.9544129575833,168.53085595938498,136.11167479140866,152.73378165145942,164.46757847571905
4362,113.834813748535,135.1556673499923,125.79938766901026,161.47977016467715,164.5049336570135,143.98979848641684,168.56655320172982,136.141282807521,152.77014377220928,164.50458538065294
4363,113.86098493750578,135.1855598067889,125.82820503194594,161.51207816377317,164.54263812711292,144.0251842191798,168.6022510003021,136.17089082769732,152.8065098914214,164.54158683505358
4364,113.88716015986438,135.2154587681484,125.85701376650876,161.54438673257872,164.58035316844038,144.06057029111486,168.6379457390301,136.20049938599524,152.84286041694298,164.5785942180832
4365,113.91333203730582,135.24536052185513,125.8858157935642,161.5767032546438,164.61808036758117,144.09595899622974,168.67364060569798,136.23010786087673,152.879195935869,164.61561817496846
4366,113.93949530991414,135.27525475679604,125.91460406725874,161.60903158548825,164.6558304793851,144.13136032495382,168.7093376907664,136.25971681413552,152.91551249108616,164.652645585313
4367,113.96566166239677,135.30514232632763,125.94339079146617,161.64136321796656,164.6936029776348,144.16679111190587,168.7450354481534,136.28932527404888,152.9518414745446,164.6896666338091
4368,113.99181791992804,135.3350272232225,125.9721741799031,161.67369132415158,164.73138031881328,144.20222576300793,168.78073310255806,136.3189342727015,152.98817357387694,164.7266816441829
4369,114.02420250727454,135.36873339520398,126.00549511374071,161.70821461196374,164.76898726128923,144.2377338779129,168.81641969071003,136.35254518418927,153.02444437233476,164.76358988217623
4370,114.14175958951563,135.48684554299174,126.12344546150806,161.8266699484004,164.88816334434696,144.35660284172852,168.9353269241624,136.47061732256967,153.14343339522995,164.8826681466064
4371,114.1452943939961,135.49325128754003,126.12911796729546,161.83393333803943,164.90047559489787,144.367013550969,168.94612515639892,136.47607608950497,153.15493172479057,164.8941997838022
4372,114.16949187274928,135.52114184729413,126.15607771290631,161.86289853673236,164.93566251781283,144.39990026548656,168.97947469542768,136.50276258407266,153.18913475355075,164.92843715329025
4373,114.19575106465614,135.5511684370373,126.1851488706316,161.8940379729594,164.97313113241805,144.4350296172938,169.01507992867676,136.53157172916164,153.225604782795,164.9649409541854
4374,114.2221909182459,135.58140972147126,126.21442266835848,161.92540498924689,165.0108208970684,144.47038514692395,169.05090875177171,136.560593805784,153.2623173883386,165.00167423255218
4375,114.24863833049783,135.61166990190517,126.2437119518798,161.95679198193088,165.0485281499061,144.5057696200272,169.0867596810469,136.58963771800092,153.2990567085871,165.0384361879803
4376,114.27510394149,135.64191993576364,126.27300017874403,161.98817570530613,165.08623571596513,144.54116185562773,169.12261218842718,136.6186840032215,153.3357946523818,165.0752024795302
4377,114.30157796372593,135.67217091592798,126.3022847088127,162.01956428230693,165.1239398664847,144.57655527461722,169.15846217159327,136.64773062617343,153.37251299806917,165.1119684734458
4378,114.32805109433943,135.70242494366778,126.3315710580812,162.0509671648394,165.16164327446708,144.61195316488303,169.19431128449708,136.67677562424808,153.4092443365995,165.14873252912318
4379,114.35450525570029,135.73268043950324,126.36085531544693,162.0823745612749,165.19934669059293,144.64735715979361,169.23016078685183,136.7058204442708,153.44598084505276,165.18549761160253
4380,114.38094118047778,135.76292793077957,126.39013678833022,162.1137764156101,165.23705016462446,144.68276178332565,169.26601027307447,136.73486557009778,153.4827203202939,165.22225951090098
4381,114.40737910652149,135.79317589087077,126.41938523882224,162.14517415880778,165.27475689065852,144.7181570966456,169.30185879418113,136.76391182244242,153.51948756078087,165.25901922079564
4382,114.43381880005884,135.82342885933144,126.4486533205577,162.17657855412747,165.31245816691901,144.75354453684133,169.33770993328184,136.7929589640983,153.55626054719232,165.29577956045122
4383,114.46026327474925,135.85368390084142,126.47793904257567,162.20800885946142,165.35015793361615,144.788951759819,169.37356267721208,136.8220074291111,153.59301078800627,165.33253986742358
4384,114.48670872513557,135.883945281266,126.5072365485586,162.23945917201357,165.38785270560095,144.82437204428223,169.40941562226644,136.85105940047964,153.62975669334529,165.36929964387156
4385,114.51311782756453,135.91421832211077,126.53653887600278,162.27091987459448,165.425551278003,144.8597956364846,169.4452679950301,136.88011261229855,153.66649858908238,165.40605038553213
4386,114.53952108477984,135.94449613322325,126.56582107490289,162.30238300692062,165.46325007942028,144.8952329470909,169.48112034475983,136.90916561153136,153.70326171173022,165.44279682912313
4387,114.56593813294108,135.97477504632252,126.59510480987255,162.33383763425218,165.50094099608222,144.9306711446139,169.5169739497224,136.93821957471584,153.74004704490457,165.47954654720544
4388,114.59237431442659,136.00505446206202,126.62438045745722,162.36529063758408,165.53861822347582,144.96606160143497,169.5528280649581,136.9672739941811,153.77683667849104,165.51630243081416
4389,114.61882848406229,136.03532878421913,126.65365941320395,162.3967408505426,165.57629461035467,145.0014249378426,169.5886831824692,136.99632844317102,153.81362872512454,165.55305957944245
4390,114.64530004673081,136.06560792692076,126.6829257326096,162.42818507079764,165.6139745371471,145.03675676780915,169.62453960097997,137.02538352583565,153.8504213623645,165.58981336028262
4391,114.6717981923438,136.09589400737596,126.71219791120389,162.4596412560249,165.65166648354196,145.0720445122813,169.6603962801679,137.0544377048622,153.88719860052962,165.62656559873892
4392,114.69832411424119,136.12618265194666,126.74145171870262,162.49111337443827,165.689360571127,145.10732756860585,169.6962525764891,137.0834913007149,153.92397794402842,165.66332124087714
4393,114.72486151633854,136.15647707657885,126.77070854459919,162.52259252440786,165.7270450184083,145.1425801160695,169.73210953386544,137.11254518910843,153.96077210863234,165.7000789510652
4394,114.75140152983835,136.18677381714758,126.79997931242491,162.5540727489866,165.76471869698452,145.17782148594353,169.7679666981108,137.14159936520846,153.99758468780925,165.73683798594726
4395,114.77793352563178,136.21706662066862,126.82925452026393,162.5855508295314,165.80240283141396,145.21306196956718,169.80382284469755,137.1706522765744,154.03440029131144,165.7736024799697
4396,114.80446560307058,136.24734567051217,126.85852757098795,162.61703068103972,165.84009109702794,145.2482936179346,169.83967974065513,137.19970467130247,154.07123027045796,165.8103752706706
4397,114.83101416834037,136.27762263316694,126.88780797005666,162.64851119808355,165.8777761618883,145.28352686999472,169.87553688174728,137.2287572770866,154.10809403753402,165.84715536327238
4398,114.8575691197167,136.30790746278254,126.91708008443172,162.67998285173724,165.91546028713935,145.31875774451845,169.91139507639565,137.257810095439,154.1449681223767,165.88393687245727
4399,114.88413700178107,136.3381945394436,126.94636080892992,162.71146030291604,165.95313865366,145.35399621629563,169.94725410341795,137.286863249316,154.18185446439367,165.92071665091765
4400,114.91071346876714,136.36847149623824,126.97567121715011,162.7429453072695,165.99082669726477,145.38924441640845,169.98311352839679,137.31591681094648,154.21874402277987,165.9574933924703
4401,114.9372797960861,136.39874713890563,127.0050074527485,162.77445438430036,166.02852685471598,145.4245098643059,170.01897297498797,137.3449700553845,154.2556315011424,165.99426473304908
4402,114.96383680868414,136.42902356663598,127.03435043717825,162.80597147060735,166.06623457653038,145.4597793542888,170.05483109215567,137.3740234422679,154.29252006738747,166.03103554275447
4403,114.99038669414698,136.45930732277316,127.06369407626732,162.8374849063834,166.1039433154887,145.49506482109908,170.0906855047375,137.40307636625587,154.32941705885605,166.06779900247562
4404,115.01693108885732,136.4895952743961,127.093035666228,162.86895751776905,166.14165322384633,145.53037279969172,170.12653790631384,137.43212892378853,154.36631470212106,166.10456290285038
4405,115.04347950580814,136.51988358774054,127.12233485371108,162.900425964774,166.1793638398106,145.56570643343764,170.16239187684135,137.46118202906538,154.40319810181185,166.14132700137387
4406,115.07004477985677,136.55016943972186,127.15163872282714,162.931895331163,166.21706845191514,145.60104529718907,170.19824766237394,137.49023479898483,154.44006025515304,166.17808705843188
4407,115.09662023317222,136.58045034196977,127.18091769691237,162.96338239433075,166.25475925333208,145.63636764886232,170.2341050838926,137.51928597351178,154.47691293314176,166.21483767938295
4408,115.12321666962572,136.61072698255182,127.21019820897828,162.99488137351645,166.29245494461537,145.67171089269993,170.26996352201303,137.5483365923103,154.5137421923607,166.2515757308626
4409,115.14982756129899,136.64100299519293,127.23948736487044,163.02638277719922,166.330151267358,145.7070583139709,170.30582188108482,137.57738412681252,154.550542674256,166.28830388767534
4410,115.17639688632394,136.67126504893727,127.268781755516,163.05788252585248,166.36784305944963,145.74238257924662,170.34167663512693,137.60643147238181,154.58735120836843,166.32503354685124
4411,115.20296938582194,136.70152863014152,127.29807808305993,163.08938932159424,166.40552574210736,145.77773839607121,170.37752852666821,137.6354791659253,154.62418639252712,166.3617690921845
4412,115.22956431988767,136.7318011570694,127.3273658101122,163.12090167755602,166.44319266775966,145.81310805939762,170.4133772318171,137.66452738544606,154.66102797190933,166.39850719087073
4413,115.25617324372259,136.7620852308069,127.35664022000444,163.1524149028192,166.48085510525465,145.8484906466608,170.44922408864034,137.693574900709,154.69786317499526,166.43524586568245
4414,115.28280409714584,136.79237266284656,127.38591843267034,163.1839324025272,166.51851978784723,145.88387665840332,170.48507099619954,137.72262162198692,154.73469227840224,166.47198556706155
4415,115.30946670975531,136.82265383828297,127.41520084412184,163.21545972712872,166.5561830569855,145.91928091773383,170.5209164055607,137.7516674148223,154.7715288698066,166.5087248020335
4416,115.336140583345,136.8529364542765,127.44447404351482,163.24699460654355,166.5938447136862,145.95469123769496,170.55676063795903,137.7807133685918,154.80838163772708,166.54545640806467
4417,115.36280869439538,136.8832105809498,127.47374804380372,163.27854207779234,166.63151320169897,145.9900975921523,170.59260507965237,137.80975899040942,154.84523768731916,166.58218840009863
4418,115.38946039378699,136.91347501832803,127.50301606769207,163.31009499810608,166.66918387254321,146.0254933104363,170.62844908158607,137.83880459644203,154.88208274967448,166.6189251891015
4419,115.41611739306254,136.94373596836124,127.53227030668326,163.3416538159795,166.70685431944807,146.06087602088854,170.66429603705444,137.86785026245008,154.9189103584679,166.6556666789698
4420,115.44276018960787,136.97398442610296,127.56150731884897,163.37321470340314,166.74452146685027,146.09625395481655,170.70014454167463,137.8968953423535,154.95574043053404,166.6924091303488
4421,115.46939924327282,137.00422202913802,127.59074721564279,163.40477082091493,166.78218707587612,146.13164023489253,170.73599321320944,137.92594058586934,154.9925714424287,166.72915009761854
4422,115.49602630794791,137.03446017115974,127.61999059739492,163.4363290352244,166.81985331254856,146.16701362255753,170.77184150618194,137.95498672645542,155.0294261130591,166.7658834051695
4423,115.52265941505364,137.06468802757638,127.6492105494339,163.46788024228118,166.85751879401607,146.2023850736603,170.80768931531662,137.98403362442744,155.06628476084816,166.80260866660277
4424,115.54930342076044,137.09490869002892,127.67842137395908,163.49943146894333,166.8951857236737,146.23775732992573,170.84353664595017,138.0130807845733,155.1031184799396,166.8393308403963
4425,115.57595288379649,137.1251388786654,127.70763515365566,163.53098408965226,166.93285408268747,146.27312047288075,170.87938581556045,138.04212716411067,155.13993954896662,166.87604712054426
4426,115.6026054617294,137.1553789823911,127.73684271057618,163.56254466325234,166.97052790682991,146.30847545840965,170.9152376360032,138.0711738496213,155.17675711823517,166.91276695627792
4427,115.62924211866223,137.18562573271723,127.76606123957005,163.5941195148773,167.00820731621036,146.34379482231842,170.95109141582486,138.10021959425714,155.21355360463033,166.94949125476757
4428,115.65586203434316,137.215873947688,127.79528448896245,163.62569879069082,167.0458907502203,146.3790826617274,170.98694643912893,138.12926478067303,155.250351807395,166.98621626457668
4429,115.68248789114632,137.24612996534677,127.82449794410437,163.65728075645072,167.08358939266702,146.4143710489695,171.0228015196387,138.15831033065453,155.28716116030068,167.0229434779776
4430,115.709076105797,137.2763996758204,127.85371384322725,163.6888888770909,167.12130549878032,146.44966556668885,171.058654754892,138.18735558218066,155.323979687689,167.05967525094647
4431,115.73564203296189,137.30667357487093,127.88293196675608,163.72050543603046,167.15902989178173,146.48497608605604,171.09450799660897,138.2164021038801,155.36079926736045,167.0964074122566
4432,115.76217738885549,137.3369565386971,127.91215268413545,163.7521297892558,167.19675940376587,146.52030855439526,171.13035869716674,138.24544961742586,155.3976095991098,167.13313450624705
4433,115.78870710616575,137.36724458550975,127.94135807394508,163.78376365234712,167.2344895174408,146.55564838807268,171.16620759388098,138.27449757463376,155.43443354870797,167.1698587493731
4434,115.81526428377877,137.3975205034237,127.97056483679162,163.8153989695317,167.27221464991905,146.590988330494,171.20205824685937,138.30354645008907,155.4712802294193,167.2065836998826
4435,115.84183490010612,137.42778167056858,127.99976556637714,163.8470495782024,167.30993178248377,146.6263218771121,171.23790932974137,138.33259623963232,155.50814173387607,167.24330657936343
4436,115.8684089649536,137.45803657905938,128.02896802146878,163.87870655471517,167.3476468710033,146.66164700205724,171.2737589675853,138.3616478223356,155.54502526505345,167.28002670309337
4437,115.89496456153417,137.48828909289406,128.05815971169656,163.91036359040552,167.38536626335954,146.69696073325306,171.3096107584648,138.39070071308416,155.58192181626308,167.31675054274615
4438,115.92151306077577,137.5185471435041,128.0873269034055,163.94201955044204,167.42309569865526,146.7322692168057,171.34546319974436,138.41975420159955,155.61881966028807,167.35347679412413
4439,115.94807433542681,137.54880714413093,128.11648822550663,163.97367970565367,167.46082737117445,146.76757275256503,171.38131559519218,138.44880788165307,155.65570726269553,167.39020895231698
4440,115.9746414617884,137.57906701420026,128.1456386253036,164.0053582509592,167.49855599747025,146.8028789129002,171.41716887250377,138.4778607111689,155.69257397409683,167.42694251214397
4441,116.00120151277584,137.60933357098415,128.1747905473099,164.03704246197861,167.53627954536904,146.8382210206968,171.45302443041092,138.5069137922385,155.72941779320098,167.4636734238794
4442,116.02777236429559,137.63960242274598,128.20394385148,164.06871501810855,167.57399253140642,146.8735782259847,171.4888816824932,138.5359673624193,155.7662458770962,167.50040647088323
4443,116.0543519520381,137.66986213834357,128.23310354719638,164.10039973228376,167.61171203831114,146.9089360626612,171.52473904717314,138.56502127805635,155.80307318252324,167.5371406587445
4444,116.0809337069155,137.70012953711964,128.26226490711548,164.13210023480542,167.6494387356623,146.94428971386697,171.56059358647127,138.5940762764302,155.83990190699208,167.57387659519628
4445,116.10751664002701,137.73039980301445,128.29142030584404,164.1638048730076,167.68716505755208,146.97962673456044,171.5964467909554,138.62313213714722,155.87668322653957,167.6106127729313
4446,116.13409395433506,137.76066253843152,128.32057915762095,164.19550727401563,167.72487452164444,147.01496366516184,171.632299632477,138.65218884197387,155.91344045861015,167.64734328751592
4447,116.16067342289092,137.7909253344494,128.34974717814316,164.22721660791828,167.76257174176294,147.05031225359323,171.6681511348717,138.68124775061992,155.95015713842298,167.6840690446938
4448,116.18725871498445,137.82120385135772,128.37891914343567,164.25893143337635,167.80025956310214,147.08566588745498,171.70400323503193,138.71030768830914,155.98688624614644,167.7207950562857
4449,116.21383560612854,137.85148756577826,128.40809475975837,164.29064735311056,167.83794824830315,147.1210233486019,171.7398563213392,138.73936774864262,156.02363474009087,167.7575191980519
4450,116.24041251122168,137.8817703819416,128.43722691324768,164.32235411023146,167.87564816866342,147.15639473438773,171.7757101786991,138.76842793560368,156.06039704696084,167.79423900983926
4451,116.266974530923,137.91205329977666,128.46636964773938,164.35405537757305,167.91334960256899,147.19177942966226,171.81156662604198,138.79748756262487,156.09716369414411,167.83096725204575
4452,116.29354147998292,137.94233742478843,128.49551912031376,164.38577203565325,167.95103652819563,147.22716487752868,171.8474241357874,138.82654865542028,156.13394475986627,167.86770412392326
4453,116.32011428133458,137.97262010315248,128.5246705306041,164.41750090069192,167.98872516895958,147.26252425869072,171.88328164995818,138.85561036034733,156.1707293480436,167.904446414908
4454,116.34668920707226,138.0028956904341,128.55381321875186,164.44923223717905,168.0264164080162,147.29788180307855,171.91913778396645,138.88467218858662,156.2075150194348,167.94119541793717
4455,116.37326545434101,138.03316047203708,128.58295044766692,164.48095705660904,168.06410775651202,147.333191498205,171.9549907558538,138.91373351617878,156.24432203379774,167.9779522954115
4456,116.39982789941064,138.0634199139503,128.61208474036775,164.51268474359003,168.10179872055738,147.368485870652,171.990839939831,138.94279496836867,156.28113427495148,168.01471008805643
4457,116.42638971706565,138.09368658317544,128.64122095893165,164.54441405883375,168.13950545127832,147.40379320978897,172.02668964401352,138.9718565536756,156.317975160708,168.05146543808792
4458,116.45292843194416,138.12395679729275,128.6703536731918,164.57612813289714,168.17721684095076,147.4391020171999,172.0625401829047,139.00091679627846,156.3548242327628,168.0882226810976
4459,116.47948170813626,138.15423010601313,128.6994725755322,164.60785025048335,168.2149315836414,147.47437951178645,172.09839078948374,139.02997654891217,156.39165793437817,168.12497851514547
4460,116.50606573575737,138.18450454944403,128.72858777307775,164.63957544359127,168.2526470948869,147.5096321999692,172.13424211032302,139.05903515115068,156.42848725161207,168.1617278887306
4461,116.53266982124624,138.21477524423773,128.75769103925,164.67130112608004,168.29037034387005,147.5449031916497,172.17009545955867,139.08809463785707,156.46529761979176,168.19847064478932
4462,116.5592843102138,138.24505435664972,128.78679049224175,164.70300253017473,168.32809645711805,147.58019435054442,172.20594924117657,139.1171545392073,156.50211191502484,168.23521554954502
4463,116.59184469326559,138.27889578607858,128.8202191047648,164.73731347421054,168.36565472521568,147.61566871624967,172.24178378139484,139.15057792490845,156.53883811630604,168.27187741770405
4464,116.70947560970289,138.39706474199426,128.93821467758002,164.85567962626112,168.48482399386046,147.73452350540143,172.3607117281365,139.26857130245847,156.6578908955965,168.3909211903574
4465,116.71292283994885,138.40344242999493,128.94307996413906,164.86291788604763,168.49722045587342,147.74479503002044,172.37159690558363,139.27411628909147,156.66940111678002,168.40250154407792
4466,116.73701193512802,138.4313068434563,128.9690115697305,164.8918679790567,168.53250981737563,147.77752992394807,172.40505577132333,139.3009166578218,156.70360779223597,168.43680107130353
4467,116.76316087941197,138.4613212774489,128.99705774817417,164.92299715091468,168.5700825106114,147.8125387598864,172.44077204296514,139.32984275415055,156.74007387308498,168.47336918258128
4468,116.78950881402349,138.4915531099869,129.0253114537459,164.95435691089227,168.60787840112837,147.84778467573696,172.47671363969462,139.35898024800835,156.7767327693899,168.51017149546763
4469,116.8158749270657,138.52180295441914,129.05358145745012,164.9857521903047,168.6456895255323,147.8830481473451,172.5126776043468,139.38813870502105,156.81339960143876,168.54700289038468
4470,116.84224353454951,138.55205306427507,129.08185252900384,165.01717511099548,168.6834951476691,147.91829216714333,172.54864319568492,139.41729966366245,156.85007026650737,168.58383956009172
4471,116.86860503766982,138.5823056446781,129.1101248230485,165.0486158666137,168.72129467653895,147.95351780647673,172.5846081710446,139.44646393761494,156.88674186782856,168.62067768439914
4472,116.89495943942309,138.61255888849743,129.13841026818594,165.0800602825106,168.7590932575627,147.98873160060526,172.62057177839705,139.47563037152298,156.92340833130163,168.65752340192236
4473,116.92132620502679,138.64281202987635,129.16670567445783,165.11150154844447,168.79689288688357,148.023940716321,172.65653409176304,139.504797399801,156.96003873469445,168.6943838940477
4474,116.94769822623077,138.6730663625682,129.19500996293246,165.1429449340512,168.83469432393923,148.05915664830582,172.69249616463085,139.53396239006602,156.99665949495602,168.7312528514304
4475,116.9740581526584,138.70331682546333,129.22332990764482,165.1743804277287,168.8725039268645,148.09437389504532,172.72845901304032,139.56312829492663,157.0332829659544,168.7681238282233
4476,117.00040104785583,138.73356527524152,129.25165821541165,165.20582099561418,168.91031432118436,148.12958885755606,172.764422598403,139.59229757673177,157.06990580927408,168.80499450056539
4477,117.02674667843833,138.7638147595981,129.27998871919402,165.23726772040658,168.94811380906918,148.16479562012606,172.80038628332335,139.62146815397276,157.1065168128813,168.84186393669944
4478,117.0530835431511,138.79406155082356,129.30830883492825,165.26871716009134,168.98592023288936,148.20002283752976,172.836350394548,139.65063824471457,157.1431121534805,168.87873730627877
4479,117.07939972569457,138.82429571247366,129.33662488988944,165.30016892844998,169.0237276440403,148.23525527077376,172.8723148109209,139.6798104403274,157.17970551303176,168.9156107498683
4480,117.10571106457284,138.85451561853205,129.36494307404763,165.3316305905596,169.0615262602161,148.2704916256057,172.9082791102777,139.7089836937472,157.21631229354952,168.95247741042803
4481,117.13201421774961,138.88473769024677,129.39324111943745,165.36309788227058,169.09934158218135,148.3057314839012,172.9442434195133,139.73815512935212,157.25293304684774,168.98934976156238
4482,117.15834330839613,138.91497776378907,129.42153896808202,165.39456630234295,169.13717074198289,148.3409576623942,172.98020735961808,139.76732645293254,157.28955592814162,169.0262220071812
4483,117.18468598742056,138.94522426221363,129.449838627224,165.42602337626488,169.1750025919885,148.376210008958,173.01617210458804,139.79649573867314,157.32617776123084,169.063077401761
4484,117.21100998388575,138.97547172940094,129.47813861762256,165.45748433044133,169.21283384065998,148.41146719109298,173.05213764306365,139.82566734681768,157.3628132556716,169.09993245555486
4485,117.23734120237405,139.00570641401424,129.5064364258826,165.4889460862519,169.25066128928793,148.44667646078884,173.08810355000787,139.85484085861975,157.3994519688635,169.13678895899818
4486,117.26367623188663,139.03594378747582,129.53473855801494,165.5204021956035,169.28849130638824,148.48188835618961,173.1240696151133,139.88401706814028,157.43608726930884,169.17364518179
4487,117.29000564912873,139.06619788903987,129.56304828701954,165.55185166146558,169.3263211113113,148.5171037350223,173.16003560485075,139.91319499164723,157.47270245040482,169.21049656228942
4488,117.316340606901,139.09646940572296,129.59135992874815,165.5833016259325,169.36415658970077,148.5523165030736,173.1960003449214,139.9423733535337,157.50931865215054,169.24735063860103
4489,117.34266603877127,139.1267454018858,129.61967111913802,165.61474239826302,169.40200313659219,148.58750173608323,173.231964905762,139.97154999222832,157.5459417815722,169.28422001148215
4490,117.36896156200505,139.15702013368582,129.64799069819026,165.6461770850777,169.43985175053444,148.62268672610506,173.26792968389393,140.00072722806416,157.58258664935528,169.32109602969393
4491,117.39523881994602,139.18728476076967,129.6763180872836,165.67759880739246,169.47769976869043,148.65786151661393,173.30389506832947,140.02990529477879,157.61923422505163,169.3579725900125
4492,117.42152177153683,139.21754465711666,129.70464159842206,165.70900820085495,169.51554543772397,148.69304532669068,173.33986083904858,140.0590855686722,157.65585083171396,169.39484622037952
4493,117.44781619052638,139.24780155393842,129.7329685586229,165.74040791954488,169.55338536744284,148.72823455667648,173.37582659668536,140.08826666940897,157.69246427114513,169.4317127573012
4494,117.4741203183759,139.27806122172655,129.76129660489053,165.77178265649695,169.5912275763784,148.76340278246053,173.4117914153195,140.11744769249137,157.72908050415134,169.46858578026982
4495,117.50043925388646,139.30831843585275,129.78962512421447,165.80315598592384,169.62907401873966,148.7985499113109,173.44775659383586,140.1466289763121,157.7657019065689,169.50545974496987
4496,117.52676797126419,139.33857425357476,129.81795639979754,165.83452857719854,169.66692224344285,148.8336983050208,173.48372413599492,140.17581055098668,157.8023251604748,169.5423249583218
4497,117.55306641438504,139.36882590066213,129.84627175941264,165.8659025246734,169.7047607369304,148.86884694164448,173.51969225974034,140.20499184187062,157.8389433782282,169.57918202715365
4498,117.57935712898603,139.399079122591,129.87458456801116,165.8972739485353,169.742600259962,148.90396313847432,173.555659775045,140.23417298792702,157.87555848274775,169.6160395269655
4499,117.60564077914621,139.42932882923708,129.90289461473824,165.92865672885966,169.7804449032215,148.9390787523536,173.5916270511851,140.26335296795355,157.91215856532796,169.6528986962848
4500,117.6319318672871,139.4595802857131,129.9312136013883,165.96006039481952,169.8182909213205,148.97419444860492,173.6275935645996,140.2925320108881,157.9487583583211,169.68976207909114
4501,117.6582286796342,139.4898250468048,129.9595438166109,165.99147032927013,169.85613516772267,149.00932302959583,173.66356062398245,140.3217114171149,157.9853858383468,169.72662871414843
4502,117.68451699174825,139.52007038954005,129.9878777408746,166.02287435087533,169.89397587434317,149.04447056207488,173.69952889355372,140.3508895230532,158.02204191971825,169.7634991446698
4503,117.71081015574362,139.55031589042298,130.0162132157768,166.05427354362794,169.93182732453087,149.0796214943801,173.73549791595264,140.38006835953752,158.05873330566587,169.8003702033133
4504,117.73707456354568,139.58056315073247,130.0445528433817,166.0856763985125,169.9696946642312,149.1147762578428,173.7714669841267,140.40924836214984,158.09543149126358,169.83723722288403
4505,117.76332805585182,139.61080522316237,130.07287832400624,166.11708068801025,170.00756507397148,149.14993307037676,173.80743511247766,140.4384288641497,158.13212448332555,169.87409748514182
4506,117.78958857093757,139.64104117332897,130.10119975011062,166.14846691749983,170.04542806374533,149.18508068962186,173.8434021879347,140.4676106877635,158.16881926957223,169.9109637926536
4507,117.81583323749932,139.67126829839904,130.12952343422336,166.17985161675037,170.08327406178944,149.22020755342197,173.8793675050834,140.49679307217227,158.20549960789435,169.94783173460885
4508,117.8420838796062,139.70149369329283,130.15783171147888,166.21124115577405,170.12113080380894,149.25534087825352,173.9153328150878,140.52597485235927,158.2421790519691,169.98470314449375
4509,117.86833236127231,139.7317150541572,130.18611924905196,166.24263243016676,170.15899705599514,149.29047533260518,173.95129803093687,140.55515807446523,158.27885675589016,170.02157980602675
4510,117.8945852675452,139.7619364396661,130.2143861221809,166.27403278819634,170.19686522233283,149.32561410097207,173.98726228626072,140.58434184269578,158.3155366637093,170.05846027206778
4511,117.92082521927641,139.79216756313573,130.24263694167774,166.30543825224578,170.23473496095409,149.36075638818744,174.0232247808791,140.6135249148272,158.35218665096906,170.0953411996976
4512,117.94706790459355,139.8224017426702,130.2708920501641,166.3368449512009,170.27260429815234,149.39591423259586,174.05918590233873,140.6427066140758,158.38884159235738,170.13221847842905
4513,117.97332215693028,139.8526450028782,130.29915375758216,166.36822252264346,170.31046612733746,149.43108301821158,174.09514523039934,140.6718877305034,158.42550023683967,170.16908855037133
4514,117.99958259065517,139.88289834687075,130.32741705090885,166.39959599254234,170.348324482219,149.46626032816243,174.13110473144368,140.70106949708256,158.46217245134693,170.20595623543605
4515,118.02583738777139,139.91316459804094,130.35567569720993,166.43096561361216,170.38618447836902,149.50143934477435,174.16706384887212,140.73025265286506,158.49884951707693,170.24282887681255
4516,118.05208103890736,139.94343518018377,130.38393812448325,166.46231538330744,170.42406377923282,149.53661135061864,174.20302141417002,140.75943633154876,158.53553649262562,170.2797046725368
4517,118.07832814873481,139.9736990390668,130.41220943879907,166.4936706343602,170.4619554421121,149.57179420296757,174.23897699546387,140.7886193959327,158.5722366348231,170.31659395122233
4518,118.10458347404519,140.0039630989557,130.44048467555663,166.52502794447827,170.49986243334484,149.6070132110572,174.27493134346676,140.817803139788,158.60893920102438,170.35348639948432
4519,118.1308394260558,140.03423350708346,130.4687535862655,166.5563829372802,170.53778487650328,149.6422418640162,174.31088695101883,140.84698736088302,158.6456370969851,170.39037513986597
4520,118.15707590040016,140.06451392780076,130.49701468586744,166.5877265610308,170.57570999275742,149.67746452114378,174.34684287946834,140.87617335720125,158.6823281929955,170.42726629732257
4521,118.1833160843074,140.09480036136748,130.52527995544983,166.61906231382764,170.6136321516963,149.71269435952078,174.38279852248934,140.90536003035695,158.71902247554664,170.4641578214636
4522,118.20955735319315,140.12509031665485,130.55351834774837,166.65038815174174,170.6515544435918,149.74792880497998,174.41875415278633,140.93454641081064,158.75571247411708,170.50104780931895
4523,118.23579663123927,140.15538129691694,130.58175676758944,166.68172823354897,170.68948673814737,149.78316307964877,174.45471038827503,140.96373096896158,158.79235430162518,170.53793427120777
4524,118.2620461677802,140.18567013417737,130.60998229969547,166.7130753503293,170.72742192281137,149.81838023217767,174.49066667950035,140.9929147987502,158.82899627299201,170.57481920929118
4525,118.28830075029639,140.21595754686632,130.63819695808118,166.7444232210153,170.7653499880837,149.85358497365402,174.52662102601153,141.0221001492965,158.8656378175594,170.61171163664406
4526,118.31454616927492,140.24624773217445,130.66642118227682,166.77576827087842,170.80327689528337,149.88879007348672,174.56257481352122,141.051286366297,158.90230941553642,170.64861892535342
4527,118.34079238705789,140.27653847399966,130.69464908240727,166.80711088686024,170.84119177125515,149.92398984834998,174.59852896517432,141.08047267835747,158.93899049587824,170.6855298766527
4528,118.36703450888368,140.3068320973423,130.72286903152045,166.83845856458638,170.87909316163112,149.95919637657846,174.63448413291343,141.10965896543541,158.97567058901305,170.72243933485603
4529,118.3932698592253,140.3371271005373,130.7510740091761,166.86981413394838,170.91699633346843,149.99440437394009,174.67043945997202,141.13884441011137,159.01235313517614,170.7593393316707
4530,118.41951353174157,140.36741652453279,130.7792637113187,166.90117542030166,170.9549005328907,150.02961497743897,174.70639405912559,141.16803018378312,159.04901933056343,170.7962284585508
4531,118.44576310601605,140.39770005955165,130.80745602685911,166.9325415256189,170.99280175732682,150.0648318618312,174.74234828464608,141.19721793981432,159.085692289158,170.83312054843495
4532,118.47200031900165,140.42798683728705,130.83563179543006,166.9639150153087,171.03071161213393,150.10005798200072,174.778300567176,141.2264061531788,159.12236787193362,170.87001418954546
4533,118.49824339485743,140.45827501328964,130.86379300940948,166.99529830049687,171.06863322676338,150.13528634250613,174.81425386949275,141.25559446725538,159.1590371454285,170.90690634266767
4534,118.52448787497866,140.4885489037592,130.8919547841828,167.02668461990882,171.1065558971701,150.1705249306727,174.85020854984995,141.28478107378706,159.1956774675925,170.94379815763523
4535,118.55073187735128,140.5188158565823,130.92011983358873,167.05805559478935,171.14447239793287,150.20576790487195,174.88616411585625,141.31396831097052,159.23231302746044,170.98068951094263
4536,118.57695087793259,140.54906804585104,130.9482872330977,167.08941109140673,171.18238947462046,150.2410009811594,174.92212063468796,141.34315592280836,159.26899195853753,171.01757684838068
4537,118.6031630140792,140.5793242431201,130.97644813234567,167.12077212820668,171.22030356173607,150.27624449838626,174.9580778895818,141.37234364530727,159.30570467516645,171.0544676032288
4538,118.6293732474479,140.60958276263176,131.00460926261977,167.15214597726396,171.25822731981995,150.31150593376222,174.99403662190738,141.40152997122163,159.34245142231273,171.0913584510126
4539,118.65558468369872,140.63984466707433,131.03278039635902,167.18352655063828,171.29615169229146,150.34678453391132,175.0299955944717,141.43071407704727,159.37921009876305,171.12824883174238
4540,118.68179660050117,140.67010790691603,131.06095625906246,167.21490839779892,171.3340558728123,150.3820661298324,175.0659525881499,141.45989829161374,159.41596850141826,171.16514778050015
4541,118.70802697762801,140.70036621696065,131.08913024512614,167.24627365108256,171.371975960663,150.41732666551712,175.10191050014188,141.48908226620284,159.45271286274863,171.20204847283128
4542,118.73427688156295,140.73062008649168,131.11729602327645,167.27761481037078,171.40989978146695,150.45258713774103,175.1378699558282,141.518264983472,159.48946297457724,171.238948243005
4543,118.76053283652945,140.76088011645348,131.14546203730941,167.30895457415528,171.4478232925774,150.48784717925957,175.17382974373572,141.5474437589875,159.52621588725066,171.27585250105486
4544,118.78678935571061,140.79114629067467,131.17362852529644,167.34030051998946,171.48574765883558,150.523096778453,175.2097890968338,141.57662469489205,159.56297519383762,171.31275828793667
4545,118.81305081384967,140.8214139833282,131.20178337974536,167.37165193703055,171.52367316630406,150.55833719128088,175.24574781656295,141.60580662474732,159.5997350565541,171.34966471391104
4546,118.83931528026224,140.85168822884404,131.22993523730563,167.40298798139642,171.56159869926373,150.59357799858662,175.2817064093626,141.63498749995907,159.6364896091436,171.38657490491673
4547,118.86557016421771,140.881965337142,131.25809538251056,167.43432394075015,171.59950828087497,150.6288237605631,175.31766265339598,141.66417040908942,159.67326047129083,171.4234854857806
4548,118.8918246379228,140.91224280886732,131.2862600543041,167.46567188308188,171.637402267961,150.66406972240398,175.3536180035145,141.69335414832898,159.71003163996116,171.460389226971
4549,118.9180691154451,140.94252032268665,131.31441495052817,167.49702198433013,171.67529435054678,150.69927217852296,175.38957277039836,141.72253800870652,159.74678147250265,171.49729528733064
4550,118.94432772786452,140.9728020529173,131.3425587371236,167.52837515892395,171.71319805421086,150.73449734502324,175.42552670351816,141.75172069027983,159.78353758426326,171.53420854347223
4551,118.97059311040066,141.00308505934098,131.37068601018424,167.55973821431508,171.75110381410204,150.76972941402806,175.4614797736883,141.7809031535896,159.82031698527004,171.5711228067374
4552,118.99685903457228,141.03335959218902,131.3988195310343,167.59111027655186,171.78900282621095,150.8049476648482,175.49743310796975,141.81008417496088,159.85710305592116,171.608035917973
4553,119.02312451064338,141.06362441005712,131.42695610209233,167.62248515859753,171.82689252361425,150.84017838224554,175.5333864037074,141.83926478049972,159.89388724158653,171.6449591895081
4554,119.0494043894033,141.0938868758551,131.45508063246672,167.65385179714562,171.86479509982064,150.8754125396806,175.56933896607964,141.86844527165024,159.93066026037988,171.68188435338794
4555,119.07568935982597,141.12415509145097,131.48319510951788,167.68521798155285,171.90269981119266,150.91064057918402,175.60529080916706,141.89762556541737,159.96742037998595,171.71880499242582
4556,119.10196861993742,141.15442553897105,131.51130366561037,167.71658693075307,171.94059483380954,150.94586519750294,175.641242819959,141.92680227596568,160.00416175767037,171.755726168712
4557,119.12824696257388,141.18469632329652,131.53940741777492,167.7479564013611,171.97849195758215,150.98109239729075,175.67719595926965,141.95597833574845,160.0409084132462,171.79264759353867
4558,119.16068665708781,141.21853352364917,131.57249784741842,167.7821581956796,172.01620893473185,151.0165379032845,175.7131238584839,141.9894419669205,160.07757279561946,171.82947191672878
4559,119.27826688433922,141.33670070335285,131.69035138342423,167.90047850484893,172.1354004226439,151.13538057135742,175.832064875485,142.10745224756832,160.1966169202628,171.9485384330865
4560,119.28162400402388,141.34291341119226,131.69482233416116,167.90743670811892,172.14743312879096,151.1453891090407,175.84323946619537,142.11286149749745,160.20749339668387,171.959985339236
4561,119.30557691311486,141.37056273108587,131.72023090039568,167.9360245929591,172.1822851125517,151.17777696124816,175.87705025533722,142.13948581291902,160.24095597130477,171.99412674025993
4562,119.33159774772098,141.40035452806512,131.74773407187172,167.96678150212634,172.21940980218238,151.21239790441425,175.91312453985944,142.1682315237881,160.2766961379659,172.03053449130277
4563,119.35785142507957,141.43036292438288,131.7754562944841,167.9977728585493,172.25675522737586,151.24724257231014,175.94942527263325,142.19719031723122,160.31265654029386,172.06716800777326
4564,119.38413615223821,141.4603921703217,131.80320599814567,168.02879320698662,172.29413503068682,151.28211741225954,175.98574908852905,142.22617129089775,160.34863283711098,172.10383104952706
4565,119.41039099428257,141.49042828786858,131.83096348000566,168.05981617213388,172.33151997038715,151.31701794602955,176.02207571791303,142.25515477519747,160.38460916887198,172.14049918509983
4566,119.4366537084553,141.52046892494818,131.85872843394375,168.09083040103772,172.3689082487837,151.35192442197294,176.05840292757708,142.28413886715452,160.4205817181974,172.17716813043194
4567,119.46292178501194,141.55051771307745,131.88650261085746,168.12184541251253,172.40630081585314,151.3868150809437,176.09473031261814,142.31312348337053,160.45655261065812,172.21384058591687
4568,119.4891782312579,141.58056930642522,131.91428044483504,168.15285398529062,172.44369572504363,151.421717841193,176.13105772213837,142.3421082638798,160.49249883453285,172.25051719818194
4569,119.51543549925718,141.61062041799653,131.942051136702,168.18384624752366,172.48109037732897,151.4566341041533,176.16738529318383,142.3710929016531,160.5284511556302,172.28719630545586
4570,119.54169462564306,141.6406782414342,131.96982067955253,168.21485929194287,172.51848396643803,151.4915651312647,176.20371289593268,142.4000767088781,160.5644089625716,172.32387567529804
4571,119.56794958732014,141.67074022340594,131.99758456910087,168.24587867483842,172.55587858791708,151.5264999194756,176.24004021827307,142.42906022860876,160.6003668930247,172.36055285823744
4572,119.5942185728899,141.70079258457864,132.02534476851747,168.2768808963937,172.5932841559671,151.56143457731255,176.27636780520325,142.45804355995375,160.63631962737944,172.39722807690774
4573,119.62049561689821,141.73084229628387,132.0530929797937,168.30787814810668,172.63069357190125,151.59636993523947,176.31269561849234,142.48702583733075,160.6722742966806,172.43390076633364
4574,119.64677733678462,141.76090018612328,132.08084269494398,168.33886485381063,172.66809920288603,151.6313018676039,176.34902354179837,142.51600777561754,160.70822038476575,172.47056981162044
4575,119.67306174349767,141.7909610226149,132.10860735742594,168.36982982266758,172.70550447019295,151.66620867701343,176.38535147126825,142.5449899360495,160.74417006447072,172.5072372652832
4576,119.69934706629606,141.82101796660135,132.13638245418028,168.400796136703,172.74290642404648,151.7010908819922,176.42167923087965,142.5739721643582,160.78012017085203,172.5439008201982
4577,119.72563676770544,141.85108060676174,132.16415983366713,168.4317733873271,172.7803115225426,151.73594269308015,176.4580071411584,142.60295436433327,160.8160590304508,172.58056728014384
4578,119.75192976277931,141.88115195938607,132.19193904145317,168.46275369111447,172.8177163282434,151.77077857365157,176.49433515745898,142.6319348963826,160.85200337577496,172.61723799159876
4579,119.77823551559834,141.91123058855695,132.2197037047882,168.49373290500083,172.85511105699513,151.80561436044715,176.53066320382084,142.66091635893343,160.88794779190596,172.65390872897675
4580,119.8045467253415,141.94131323327403,132.24747010944205,168.52471865630287,172.89250635260123,151.84044803673726,176.56699129017608,142.6898982040479,160.92387665011154,172.6905790475291
4581,119.83085496753176,141.97139700885535,132.27522633365294,168.55570517930641,172.9299013216712,151.87527288046286,176.60331934559483,142.71887962141975,160.9598050172831,172.72725354526997
4582,119.8571593709044,142.00148139609013,132.30298571505472,168.586682170901,172.96729553283396,151.91007765985344,176.6396476040976,142.74786066034883,160.995709551381,172.76393538111535
4583,119.88346443094434,142.03157248607215,132.33075488458147,168.61765298784968,173.0046956356496,151.94487103753383,176.67597597222684,142.77684190719864,161.03160587789642,172.80062205026778
4584,119.90976818366975,142.06166553055763,132.35852971372944,168.64862559373742,173.0421036145136,151.97962135861553,176.71230407811203,142.8058219071918,161.06751684685938,172.8373089654129
4585,119.9360537114712,142.091755246407,132.38630649659558,168.67959494400006,173.07951782312333,152.01433681018702,176.74863234966253,142.83480304162524,161.10344323676796,172.8739946502205
4586,119.96234360037253,142.12184628005716,132.41407314695817,168.71057055697148,173.11693322521754,152.04905271506058,176.78496063200024,142.86378466059048,161.13937219366704,172.91068462178336
4587,119.98861171197814,142.15193281066746,132.44183991220052,168.74157405928173,173.15434687660647,152.0837713698487,176.8212886971451,142.89276522923976,161.17529006356685,172.94737542627882
4588,120.01487532321666,142.18200940038005,132.4696101039701,168.77258676662004,173.19174902338466,152.11851611373686,176.85761677692614,142.92174483777197,161.2112062135482,172.98406593909138
4589,120.04112586618945,142.21208183530106,132.4973821683621,168.80360713147292,173.2291475652447,152.15326790754904,176.8939443393101,142.9507242987811,161.24712314814195,173.02075376081757
4590,120.06738247092007,142.24216014456084,132.52515790136428,168.83463068394104,173.2665373873626,152.18800937137956,176.93027173316779,142.97970219866158,161.28304083713385,173.05743781008977
4591,120.09364394613186,142.2722407406149,132.55293559229477,168.8656467147643,173.3039269040053,152.22277278113629,176.96659905427165,143.00867971646977,161.31895767167885,173.09412197780375
4592,120.11990786184666,142.30232118748125,132.5807071209793,168.8966654906661,173.34131273256335,152.25755017681666,177.00292640415609,143.03765757521256,161.3548646660324,173.13080311673593
4593,120.1461818747187,142.33240367104636,132.60847428037863,168.92768396183837,173.37869807117718,152.2923291392444,177.03925341164566,143.066635900031,161.3907717889266,173.16748168249086
4594,120.17246286040026,142.36248724293102,132.63624270648327,168.95869503831963,173.41609716408155,152.32709908518555,177.07557980277699,143.09561445161438,161.42668534945116,173.20417018468552
4595,120.1987493479711,142.3925627380528,132.6640140487696,168.98969816323506,173.45349987994993,152.3618578725146,177.1119063580699,143.12459347587463,161.46260058748211,173.24086286573151
4596,120.22505183362044,142.4226354264937,132.69178625157534,169.02068535844094,173.4909061267024,152.39661243782007,177.14823298861404,143.15357269472486,161.4985304350856,173.2775572872445
4597,120.25136041783725,142.4527057057664,132.7195516779731,169.05167039837195,173.5283140380298,152.43136894890523,177.1845592693205,143.18255167989128,161.53450543608125,173.31425567185167
4598,120.2776652126727,142.48277098217483,132.74731824137552,169.0826367961391,173.56571896222195,152.46612731051627,177.2208850889304,143.2115310857523,161.57049638089163,173.35095475891248
4599,120.30397260395034,142.51282760999416,132.7750884975536,169.11360791216381,173.60312087322285,152.50087465375958,177.25721103251857,143.24051103397534,161.60648815880552,173.38764994617893
4600,120.33030018521104,142.5428756289323,132.8028650757741,169.14454904208446,173.64052323869802,152.53563589063742,177.2935369879492,143.26949118593555,161.64247587372898,173.4243418830817
4601,120.35663838511829,142.57292064919875,132.83064414495422,169.17548897118212,173.6779159434049,152.57040489858977,177.32986272145678,143.2984706987442,161.6784738571879,173.46103317389773
4602,120.38296696342675,142.60296752680614,132.8584231193905,169.2064341804345,173.7153084288628,152.6051959759884,177.36618821588968,143.32744945844516,161.7144748991812,173.497728520633
4603,120.40926932796464,142.63301718134875,132.8861855291889,169.23737533954076,173.75269471563493,152.63999282989667,177.40251372528024,143.35642831396777,161.75047445688193,173.53442450105885
4604,120.43557421284946,142.66306278080552,132.91394009130443,169.26831188688618,173.79009553552774,152.674779576194,177.43883909426447,143.38540786180752,161.78647842665336,173.57111073622698
4605,120.46186488345677,142.69310831597758,132.9416949085704,169.29926781142092,173.8275148710873,152.70958607516664,177.4751645244046,143.41438782614597,161.82248165521193,173.60779849355873
4606,120.48814616421059,142.7231587597149,132.96945044149405,169.33023020709865,173.8649435060055,152.74439827595367,177.51149007376063,143.4433685122296,161.85846540922893,173.64449091229696
4607,120.51443112169306,142.7532199165856,132.99720899956137,169.36120357514568,173.902377741846,152.77922562581674,177.54781563030704,143.47234971119136,161.89443023850234,173.68118395532696
4608,120.5407038386,142.7832842023661,133.02495768080715,169.39219056408862,173.93981296669975,152.8140577529525,177.58414098547226,143.5013310917014,161.93040797599699,173.7178829053482
4609,120.56698468323097,142.81334900195762,133.05270671026656,169.4231811420126,173.9772461100621,152.84887735282808,177.6204659941133,143.5303117471126,161.9663890482174,173.7545880640312
4610,120.59328081701432,142.84341528457546,133.0804560290101,169.45413878343717,174.01468136959937,152.88369726524954,177.65679099034264,143.5592929812784,162.00236756489187,173.7912969003995
4611,120.61958339438503,142.87348170166408,133.10819364481046,169.4850972609445,174.0521173730196,152.9185211399841,177.69311570266288,143.5882745343445,162.0383670713452,173.82801010598902
4612,120.64589064431914,142.90356086334813,133.1359349538074,169.51605409503443,174.089546795471,152.95335699217756,177.7294405480968,143.61725656686184,162.0743712417637,173.86472436636242
4613,120.67220375328047,142.93364431328456,133.16367118988776,169.54699016492737,174.12698815622895,152.9882109655168,177.76576571681102,143.6462393056172,162.11035746017131,173.90143792322527
4614,120.69850078296365,142.9637271097765,133.19141149994712,169.57792870087758,174.16443537107733,153.02308541598555,177.802090931141,143.67522292006345,162.14633646185533,173.93814440993575
4615,120.72480842237343,142.99380461703288,133.21915364552498,169.60886840092328,174.20188274694485,153.05796283784383,177.83841572231768,143.7042072439625,162.18231501530082,173.97485311371426
4616,120.75112188772293,143.0238778678715,133.24689729313724,169.63980253822203,174.23932515431773,153.09280510686435,177.87474033836173,143.7331925998415,162.2182785023168,174.01156260003017
4617,120.7774262322124,143.0539563699752,133.27464671162082,169.67074696581741,174.27675162220083,153.12762323702077,177.91106492176527,143.76217865757502,162.25424553915965,174.0482690175052
4618,120.80374533513005,143.08404069381083,133.30239834740658,169.7016969446423,174.31417433942548,153.16242039204528,177.94738951817442,143.79116564247886,162.29023184638643,174.08497026781288
4619,120.83007257210058,143.1141268000552,133.33014727149438,169.73264858773612,174.35159338755327,153.19720788545763,177.98371380412675,143.82015302833702,162.326222286857,174.12167169093024
4620,120.85639180206444,143.14421221041715,133.35789765752617,169.76357470110838,174.38900857498277,153.23199579828736,178.02003808280838,143.84913952316563,162.3622059894817,174.15837108927713
4621,120.88269903295705,143.17429123882175,133.38564819746165,169.79447045208005,174.42641993987618,153.26678283548586,178.05636254656065,143.87812616513224,162.3981950786813,174.19506979292385
4622,120.90900962699736,143.20436561900829,133.41338758401912,169.82538263213294,174.46383872564982,153.30160003853766,178.0926870362516,143.90711258704283,162.43419487247237,174.23177199754298
4623,120.9353226697943,143.2344354166522,133.44113622189053,169.8562999465329,174.50125892657553,153.33642650146166,178.12901148787773,143.93609926222643,162.4701962375209,174.26847489856826
4624,120.9616199881756,143.26449843536523,133.46889153287614,169.88721762737026,174.53867221974377,153.37125067350908,178.16533595443613,143.96508679874336,162.50619729832601,174.3051716372261
4625,120.98790279301961,143.2945609923341,133.49664839157896,169.91812860614647,174.57608555143563,153.4060595869338,178.20166034412966,143.99407469660258,162.54220173454337,174.3418662058017
4626,121.01418852630972,143.3246267739783,133.52440369286995,169.94904017989424,174.61349785210075,153.4408712074547,178.23798469271105,144.02306285832194,162.57820286222506,174.37855814006048
4627,121.04047597147998,143.35469469797042,133.55215078588458,169.97994321834673,174.6509108737499,153.47568728463787,178.27430920354084,144.05205115162647,162.6142104817609,174.41524941744066
4628,121.06675908564206,143.3847636461041,133.57989808912225,170.01084120671004,174.68833666123376,153.51053948718132,178.31063399795602,144.08103905894112,162.65021814017592,174.4519408846076
4629,121.0930478414628,143.41483435260383,133.607641037528,170.04174352464418,174.7257709695216,153.5454116027111,178.34695884067406,144.11002579615254,162.68621034157772,174.48863629167144
4630,121.11934035204196,143.44490739195135,133.63537718205475,170.07265531416462,174.76320672313827,153.5802861465475,178.38328338176973,144.1390126512158,162.7221977439826,174.5253350785125
4631,121.14562258735728,143.47498560116242,133.66310970155197,170.1035694775223,174.80064003321476,153.61515565194637,178.41960752321668,144.16799878787677,162.75819176413586,174.56203822243202
4632,121.17189981037592,143.50506453486992,133.69083031458845,170.13446130327623,174.83806790175402,153.65001981486728,178.4559315583585,144.19698502305664,162.79418907417607,174.59874523839127
4633,121.19817571923053,143.53514362964444,133.7185494536947,170.1653610066352,174.87550072894172,153.68486322240602,178.49225595747822,144.2259713144844,162.83018209923108,174.63545582129888
4634,121.22445917680461,143.56522004172808,133.74626997118008,170.1962634537511,174.9129354528984,153.7196832717938,178.52858045264583,144.25495764834963,162.8661746691334,174.67216732743634
4635,121.25073740030018,143.59529252172203,133.77399216272178,170.22715853945715,174.9503692000892,153.754496659116,178.56490491145047,144.28394354943848,162.90215229158946,174.70887839017163
4636,121.27702261388968,143.62536127763232,133.8017155706468,170.25803046982813,174.98780243943415,153.78927795944733,178.6012295201335,144.31292901004878,162.9381172474175,174.7455842112909
4637,121.30330078369514,143.65543329433527,133.82943317303548,170.28889290830134,175.02523736618397,153.82405847081506,178.63755426698145,144.34191535879907,162.9740801550904,174.7822916795465
4638,121.32958597053893,143.6855109272421,133.85714293364651,170.3197548560074,175.06266439913045,153.8588121419853,178.673879311719,144.37090292825243,163.01002802480042,174.8190008520528
4639,121.35588225064498,143.71559019030016,133.8848435826188,170.35061912484923,175.10009162485704,153.89351795495384,178.71020475494203,144.39989095977865,163.04596122483406,174.85570971074748
4640,121.38218245880053,143.7456699438338,133.91254170574805,170.38147785790488,175.1375144980187,153.92821368053163,178.74653066787644,144.42887713791558,163.08190332667803,174.89241900230314
4641,121.40848553878364,143.77574316149747,133.94023493819373,170.41231832744865,175.17491666548506,153.96289421799517,178.7828566894706,144.45786327277366,163.1178476032929,174.92912676582563
4642,121.43479442417754,143.80581154160032,133.96793847254824,170.44312865742842,175.21231677919184,153.9975575690541,178.81918265360235,144.48684916128406,163.1537858205027,174.96583444858396
4643,121.46109686940348,143.83588306552778,133.9956468131357,170.47394760806853,175.2497153586281,154.03221080108435,178.85550842507297,144.51583451444895,163.1897217210611,175.00254190680897
4644,121.48741603041111,143.8659546735003,134.02335112419135,170.50476992851057,175.28711989974565,154.0668573234821,178.89183462945772,144.54481992918684,163.22566230784633,175.03924918509
4645,121.51374136264019,143.89602571589285,134.05105685578678,170.53558312672806,175.32452440333194,154.1014975082078,178.92816118016034,144.5738057240438,163.26160260535576,175.07594922039794
4646,121.54007062821287,143.9260910593609,134.07875280605316,170.5663979924166,175.36191696295208,154.1361367066647,178.9644880304303,144.60279195730803,163.29751138795444,175.1126443420399
4647,121.56641065965383,143.9561576290257,134.10644672797008,170.59720601194837,175.39930574661736,154.17077310330038,179.00081491877236,144.63177880558945,163.33343075657066,175.14933691226446
4648,121.59275539604863,143.98622204322805,134.13414290531938,170.62801028335227,175.43669593707898,154.20540559704958,179.0371413403814,144.66076599623247,163.3693530438744,175.18602803631296
4649,121.61910032848358,144.0162887335307,134.1618287564398,170.65881696265618,175.4740952413606,154.24002848760816,179.07346752036284,144.68975367809952,163.40526753107207,175.2227200868344
4650,121.64545385358765,144.04634018546454,134.18952128954746,170.6896226628975,175.51149638634382,154.2746562900765,179.10979377070217,144.71874155500907,163.44116572259884,175.25941271188668
4651,121.67181412792571,144.07639299392784,134.21721860634432,170.7204248393687,175.54889147210622,154.30928750363518,179.14612018823993,144.7477295113876,163.47708752813224,175.2961030041405
4652,121.6981791104963,144.10644872572416,134.2449174954593,170.75120430733577,175.5862869453584,154.34391833203722,179.18244664466755,144.7767183877357,163.51301557822748,175.33279323276153
4653,121.72452253900086,144.13650552169042,134.272616932067,170.78198592193587,175.62368193084922,154.37855770242993,179.21877330637034,144.80570789342366,163.54893587478853,175.36948167041396
4654,121.75698090353106,144.1702699265342,134.3055652006869,170.8159951411579,175.6609345188858,154.4138257965059,179.25504797278708,144.83910696402802,163.58481293103188,175.4060878664221
4655,121.8745689721893,144.28840653212413,134.42335902906282,170.93423456878674,175.780060992322,154.53259395157338,179.37403753719653,144.9570901292374,163.70374683001705,175.52512384497433
4656,121.8782452167376,144.2937320857038,134.4282666709643,170.9406073907285,175.7918694826,154.54252297294602,179.38515331247297,144.9623885590527,163.71518890553102,175.53673334535594
4657,121.90262494298949,144.3202454759507,134.45424882994777,170.96845295691944,175.826443113501,154.57481314424504,179.41889093029877,144.98887094480887,163.7493244156233,175.5710717528237
4658,121.9290794241976,144.34887755172957,134.48234026086809,170.99846132437492,175.8632951025842,154.60932454010356,179.454890708565,145.01747171235925,163.78572242511598,175.6076835543351
4659,121.95575151209613,144.3777215688272,134.51065003589724,171.02868023557014,175.90037077737722,154.64406369189626,179.49111674379628,145.04628429391985,163.8223298833285,175.64452533399984
4660,121.98244706702604,144.40658702746057,134.53898012543834,171.05893331753936,175.93746891383026,154.67882760030676,179.52736543532123,145.07511800218367,163.85894708452255,175.6813887518752
4661,122.00914401773136,144.43545430953932,134.56731338153395,171.08920583875917,175.97456775962718,154.7135929822358,179.56361637934518,145.10395381528323,163.89553454903586,175.71825643819682
4662,122.03585148387705,144.46432093494786,134.5956487692482,171.1194937756937,176.01165358210596,154.7483621031309,179.5998675335451,145.13278984991547,163.93209152583592,175.7551288093827
4663,122.06257811968827,144.49318741377675,134.6239747595863,171.14979342700227,176.04872884358295,154.7831369827437,179.6361186952617,145.1616259060258,163.96864276069985,175.79200221965814
4664,122.08931451120066,144.52205312711908,134.65229427869878,171.18011151116642,176.08579961902007,154.81791289870867,179.67236978434886,145.19046195894606,164.0051821862241,175.82887791845275
4665,122.11606158135383,144.55091935463668,134.68061784233228,171.21043593162102,176.12287125910248,154.8527191543404,179.70862081613726,145.21929808220193,164.0417079110298,175.86576241133884
4666,122.14281425707455,144.5797863063946,134.7089325128002,171.2407605919623,176.15994309692326,154.88754354322694,179.744871844193,145.24813423184608,164.07823364919471,175.90264910747285
4667,122.16957047692247,144.60865428560209,134.73725794209298,171.27111008245168,176.1970141834875,154.92236950951164,179.78112288340145,145.27697037079707,164.11477197186426,175.93954247330427
4668,122.19633501495821,144.63752270015735,134.7655872442259,171.30149461207967,176.23407967285704,154.95719739029389,179.81737394098027,145.30580650363476,164.15135376196204,175.9764439834714
4669,122.22309129867246,144.66639118082523,134.79391364667106,171.33188976476785,176.27114079007626,154.992027461425,179.8536250468717,145.33464266117372,164.187964280409,176.0133490302953
4670,122.24983630769437,144.69525949439713,134.82223486005563,171.3622760158294,176.30819193695203,155.02682101714322,179.8898761715477,145.36347882936764,164.22457794954798,176.05025382143293
4671,122.2765834165966,144.72412794246821,134.85054248434275,171.3926652365681,176.34523308614527,155.06158732318755,179.92612729480874,145.39231498451042,164.26116976805278,176.08715095175998
4672,122.30333288708033,144.75299643409153,134.878846657501,171.42305871437048,176.38225804861244,155.0963434682346,179.96237838664442,145.42115111671484,164.29777690563,176.12404782967488
4673,122.3300622719553,144.78186486563914,134.90715866704653,171.45344759797328,176.41928301556263,155.1311098856347,179.99862947711355,145.4499871623123,164.33438696919308,176.16094448279392
4674,122.35680376588792,144.81073324299464,134.93547317297757,171.48381586078358,176.45630930053775,155.165878503264,180.03488054932504,145.4788232014378,164.37100633875392,176.19783825453115
4675,122.38356703550056,144.83960106154566,134.96378843477703,171.5141902427989,176.49333519527667,155.2006419233182,180.07113160092672,145.50765924906594,164.4076395103568,176.23473127411347
4676,122.4103429062856,144.86846891382484,134.99208950594462,171.5445800627795,176.53035529174977,155.23540360550658,180.10738263854844,145.5364952590178,164.44428886068974,176.271614439114
4677,122.43712848516942,144.89733608935268,135.0203852758416,171.57497575774016,176.5673774982615,155.27014712030996,180.14363367709046,145.56533118796537,164.48094286568391,176.3084894576491
4678,122.46391997649701,144.92620351923927,135.04867626138494,171.60536463326528,176.6044012918819,155.3049019292736,180.1798847137953,145.59416702148437,164.51759478125072,176.34537742397148
4679,122.4907095974591,144.95507131317348,135.07696031953603,171.6357611441288,176.64143749311594,155.33965845010678,180.21613571183664,145.62300287053546,164.5542243115981,176.38226855681214
4680,122.51753508492686,144.98393957327283,135.10524966714286,171.66616950622216,176.67847683358497,155.37440995035755,180.25238670130574,145.6518387268644,164.5908523169086,176.4191563806684
4681,122.54437314531482,145.01280821075528,135.13354604116446,171.69658691604837,176.71551219465096,155.40916140017296,180.28863774152163,145.68067457011256,164.6274664225106,176.4560438156134
4682,122.5712095154673,145.04167729178175,135.1618437729469,171.72702518780122,176.75254518837158,155.4439314111832,180.32488879600805,145.70951041689955,164.6640628462694,176.49292117298197
4683,122.59804164148201,145.07054654975892,135.19014972153366,171.75747066936646,176.789575556966,155.478710982454,180.3611398744608,145.73834626875748,164.7006503325852,176.52979228910786
4684,122.62488052021733,145.09941583726317,135.218463770455,171.787914322967,176.82661614094465,155.51351024340852,180.39739099362376,145.7671821292444,164.73719703731464,176.56665529978838
4685,122.65169922058317,145.12828542961486,135.24679323155678,171.81837665929348,176.86365840119296,155.54831489357917,180.4336421215646,145.79601799127877,164.77373069073786,176.60351719930733
4686,122.67851823046249,145.15715529428502,135.27513824936926,171.84884790843682,176.90069246245906,155.58312221003013,180.46989323304135,145.82485385858453,164.810243905287,176.6403729932367
4687,122.70534234177322,145.18602427033684,135.30348931150303,171.87930272488546,176.9377343830445,155.61793217916718,180.50614432386675,145.85368975112226,164.8467356513748,176.67722728004335
4688,122.73217452362539,145.21489258885316,135.33181853956995,171.9097507742525,176.97478090088387,155.652755031906,180.54239543723608,145.88252570125607,164.883229068332,176.71407830804753
4689,122.75897135635303,145.24376059631476,135.36012951774617,171.9402320654253,177.0118283884907,155.68758507771634,180.5786465560754,145.91136169099943,164.919719900866,176.75094236212436
4690,122.78576822196911,145.27262873136263,135.3884211466733,171.97072423644534,177.04887904890998,155.7223990177938,180.61489767000134,145.9401977201615,164.95621173317002,176.78780943205516
4691,122.81257007913999,145.3014961624819,135.4167007566154,172.00122495848836,177.0859342412308,155.75722997172048,180.6511487898411,145.96903379099544,164.99270220303939,176.82467030622428
4692,122.83934013669001,145.33036368854764,135.44498238875897,172.03173025153316,177.1229898530379,155.7920807208189,180.68739990911163,145.99786991080344,165.02917507369506,176.8615285597906
4693,122.86610915186468,145.35923129781045,135.47327216817268,172.06225016677075,177.1600402181234,155.82693572059145,180.72365100266848,146.02670606274708,165.06564944278966,176.89838808667233
4694,122.89288359504505,145.38809900103033,135.5015655219752,172.0927761997675,177.19709047680573,155.86177957108683,180.75990209280081,146.0555422565178,165.10213088411,176.9352462899268
4695,122.91963625165533,145.4169670587242,135.52985926514344,172.12328062927537,177.2341367646502,155.89661665328327,180.79615316530902,146.08437846475113,165.13861246883783,176.97210105884267
4696,122.94638154150594,145.44583611209302,135.55815736089707,172.1537728423627,177.2711733672615,155.931449937799,180.83240416896598,146.11321467040582,165.175086511837,177.00896122678802
4697,122.97312855430546,145.4747055712978,135.58645621117398,172.1842429064519,177.30820225877235,155.96626314238526,180.86865515718696,146.14205087783918,165.21155302145922,177.0458277661649
4698,122.99988148723929,145.50357442160484,135.61475601653595,172.21470471237697,177.345230394831,156.0010689648093,180.90490615816415,146.1708870821768,165.24800749213404,177.08269504958986
4699,123.02665089334243,145.53244326109166,135.64306391661006,172.24516250010944,177.3822560624833,156.03587353626438,180.9411571721666,146.19972333964776,165.2844609995002,177.11955951887145
4700,123.05342566560532,145.5613122375147,135.67137506416645,172.27562288961266,177.41927720855864,156.07069464440065,180.97740819973134,146.22855962128673,165.32091465673912,177.156430134151
4701,123.08019324788808,145.5901812018093,135.69968478260563,172.30608998942876,177.45629848256803,156.10552170649729,181.0136592299454,146.257395896537,165.35738121649393,177.1933021969403
4702,123.10697399722751,145.61905006255506,135.72798647817885,172.3365634033334,177.49332053264774,156.1403407964789,181.04991026289562,146.28623219128536,165.39386873837066,177.2301719928761
4703,123.13376347216172,145.64791893365435,135.75629268608006,172.36701586079175,177.53034883937767,156.17516243158843,181.08616129972378,146.3150684477366,165.4303691816159,177.26704169096683
4704,123.1605603912449,145.67678829261143,135.78460831126444,172.39749654526963,177.56737837577643,156.210000982656,181.1224123582658,146.34390468377705,165.46688772855725,177.30390986319264
4705,123.18736708627176,145.7056581400768,135.81292714958457,172.42800193486462,177.60441067673386,156.24484263169612,181.15866342075114,146.37274088874412,165.503410379124,177.3407822939487
4706,123.21418529628683,145.73452824608447,135.84123794021917,172.45852587179013,177.64144575335138,156.27964842881866,181.19491445549147,146.40157708178594,165.5399258438263,177.37765566801514
4707,123.24101006917958,145.76339847116284,135.86955037378183,172.48905642244674,177.6784811952379,156.3144562230126,181.23116549801762,146.43041327707695,165.57645241330945,177.4145203918428
4708,123.26781311900585,145.79226844354034,135.89786329318162,172.51959514371336,177.71551785992665,156.34926674455025,181.2674165996586,146.45924950573968,165.6129851198453,177.4513798234841
4709,123.29460177382587,145.8211387272491,135.92618181896302,172.55015049363564,177.75255497231095,156.3840545164453,181.30366776261658,146.48808576391272,165.64950589625929,177.48823852120958
4710,123.32138541604375,145.8500088732752,135.95448301618381,172.5807235806292,177.78958995790197,156.41885338817238,181.33991893842676,146.51692202822588,165.68604039473425,177.52509726136248
4711,123.34814219666822,145.878879704447,135.98277014470614,172.61130190069514,177.82662061737147,156.45368334992196,181.37617013288659,146.54575828930763,165.72258031663668,177.56195484826796
4712,123.37487172910843,145.9077509027694,136.0110594029543,172.64186650988464,177.86365437717126,156.48852390275982,181.41242133912888,146.5745945363674,165.75911061030257,177.598813636825
4713,123.40160547893099,145.93662215306568,136.0393462455883,172.672414963192,177.90068837680923,156.52336548944456,181.44867254471703,146.6034307888644,165.79563496681962,177.63567257323382
4714,123.42835058282859,145.9654936342989,136.06763447465096,172.7029711266632,177.93772000074793,156.55821422274684,181.48492373185277,146.63226702911356,165.83216925699648,177.67253041393096
4715,123.45510444219438,145.994365233759,136.09591840246011,172.7335301298686,177.974752208231,156.59306515645923,181.52117491659158,146.66110329335936,165.86871219163962,177.70939170982462
4716,123.48186195504125,146.0232367210711,136.1242044661384,172.7640922609584,178.0117835602065,156.62791479760008,181.55742606815346,146.689939569347,165.90526654195654,177.7462573448663
4717,123.5086060132566,146.0521078936269,136.15247061734863,172.7946596666926,178.04880481136638,156.6627583666771,181.5936772190705,146.71877579922224,165.94183374252856,177.78313198526382
4718,123.53534929403736,146.08097780790393,136.1807272435404,172.82521714276533,178.08581278266143,156.69760144502908,181.6299283459835,146.74761203538873,165.97841270192126,177.8200091272604
4719,123.56208676949055,146.10984753520464,136.2089849752689,172.85578306872415,178.1228168259886,156.73243238893656,181.66617947392152,146.77644828752284,166.01500075973004,177.8568890293956
4720,123.58883101796016,146.13871784268528,136.23722849750797,172.88635260890564,178.15980683077282,156.76724417412922,181.7024305973749,146.80528452740688,166.05159688768492,177.89377273877793
4721,123.61555605877841,146.16758869281284,136.2654687718959,172.9168945211949,178.1967956753826,156.8020500391848,181.73868175070118,146.83412074804247,166.0881936519403,177.93066810183186
4722,123.64228977490322,146.19646009187878,136.29370655989058,172.94743431835604,178.23377723224502,156.83683922077455,181.77493293516739,146.86295700572282,166.1247768064959,177.96756641386352
4723,123.66903430243109,146.2253316637635,136.32193798070173,172.97797599285983,178.27075827797964,156.87164613881473,181.8111841266299,146.89179330778654,166.16135364551798,178.0044684788379
4724,123.69578372094287,146.25420370679578,136.35016931339007,173.0085232199305,178.30773173217437,156.9064599045742,181.84743532580677,146.92062963150545,166.19795174256805,178.04137470717959
4725,123.72252445287175,146.28307636091893,136.37840136460056,173.039073152573,178.34470314073872,156.94127429884352,181.88368654110778,146.94946597003545,166.23456663563852,178.07828153398992
4726,123.74926580865272,146.31194918625306,136.40662574849975,173.0696243241433,178.38167647123944,156.97609405217136,181.91993775884333,146.97830233427842,166.27118636663863,178.11518677920347
4727,123.77600921742298,146.34082191767575,136.43485528210428,173.10017642094246,178.41864926507645,157.01093129158204,181.9561889843823,147.00713871566467,166.30780587294643,178.1520875730273
4728,123.80272794963143,146.36969472351348,136.46309383146888,173.130714802378,178.4556162832953,157.04579022389862,181.99244021170884,147.03597510269438,166.34444012150337,178.18898798848244
4729,123.82945252879863,146.39856675957193,136.49133596512377,173.16125007630959,178.49258316354678,157.08066538152204,182.0286913774813,147.06481146441143,166.38108213860275,178.22588413719672
4730,123.85618073864835,146.4274383391022,136.5195754965282,173.1918014303306,178.5295476709878,157.11554381306013,182.06494254443098,147.09364779673868,166.4177277154167,178.26278042512965
4731,123.88290771089747,146.45630999181722,136.5478224946853,173.222369689515,178.56650929991233,157.15042253359735,182.101193697832,147.12248416724157,166.45438646779738,178.29967728116728
4732,123.90964366065445,146.48518122475863,136.57608259621338,173.25294298927184,178.60346761399467,157.185314883668,182.13744486681122,147.15132059777568,166.49104642791363,178.33657320707738
4733,123.93635101301878,146.51405275977277,136.60434746227264,173.28349528444295,178.6404126009018,157.22021528039238,182.17369603527374,147.18015706896693,166.52770000763,178.37346066330656
4734,123.9630484861361,146.54292449864374,136.63261502463126,173.31402704202165,178.67734672577444,157.25511482352056,182.20994714558242,147.2089935499935,166.56435830149627,178.41034021153976
4735,123.98973903107508,146.57179593076395,136.66089856175583,173.34456339267976,178.71427427889603,157.28997768558145,182.24619821907874,147.23783005295192,166.6010239087584,178.4472146095806
4736,124.01641725369436,146.60066732267777,136.68918816003608,173.3750930964211,178.75120225966722,157.32483087613963,182.28244931629712,147.26666657859204,166.63769311713293,178.4840839354146
4737,124.04308557331805,146.6295383494754,136.71748009716174,173.4056467822665,178.78813133786846,157.35968450532818,182.3187004450664,147.29550311278538,166.67435556532325,178.52095601185425
4738,124.06975745865148,146.65840970458282,136.7457840696244,173.43620781434325,178.82506039949817,157.39455688704177,182.35495157910884,147.32433959793968,166.71102413143623,178.55782859013158
4739,124.0964142702637,146.687281213428,136.77409912507915,173.46676691512198,178.86198434478035,157.42943850790567,182.39120270481283,147.3531761294473,166.74769512835172,178.59470181046203
4740,124.12307100444772,146.71615196795867,136.80241871171629,173.49732891818553,178.89889994237498,157.4643203603219,182.42745384836408,147.38201267824815,166.78436477179062,178.63157915721627
4741,124.14972005613241,146.74502220073563,136.83075267411576,173.5278886819792,178.93582094782562,157.49919535970488,182.46370500252453,147.41084920172284,166.82104193970758,178.66846167738555
4742,124.17638463959517,146.77389219366913,136.8590985906163,173.55845095724442,178.9727434428571,157.53407786458925,182.499956174187,147.4396857306526,166.8577206056279,178.70534526120613
4743,124.2030586402699,146.80276076721577,136.88744896703406,173.58902744097176,179.0096708728094,157.56896474000354,182.53620734922032,147.4685222837164,166.89438168495343,178.74222579921957
4744,124.22973404851349,146.8316285531468,136.91577853168596,173.61961174358595,179.0466011686625,157.60384901150002,182.57245850846004,147.4973588436619,166.9310423216715,178.77909609127784
4745,124.25641391039343,146.86049601136614,136.9441050632904,173.65021084609762,179.08353752496288,157.63873870808467,182.60870965084274,147.5261954104793,166.96769603344922,178.8159667168499
4746,124.28309412245346,146.88936354363278,136.97242454620883,173.68081674536043,179.12047521386455,157.6736243658199,182.644960754451,147.55503198383784,167.0043600569954,178.85283906010622
4747,124.30977844665227,146.9182310343451,137.00073332292217,173.7114234823638,179.15740934727572,157.70852803102227,182.68121183208504,147.58386858859626,167.04103805822035,178.88971205950875
4748,124.33643720014683,146.94709793141396,137.029034653134,173.74203654325987,179.19434163991073,157.74345134284698,182.71746288255247,147.6127052472726,167.07772716832412,178.92658390098103
4749,124.36310147169004,146.97596489348777,137.05733900396123,173.77265349781538,179.23128017996842,157.77838907126576,182.75371391534756,147.64154192214778,167.11441716010864,178.96345090153136
4750,124.38976759663238,147.00483195930798,137.0856477767291,173.80326936823056,179.26822166186676,157.81332983937804,182.7899649930418,147.67037860218662,167.15110382356073,179.0003139268748
4751,124.4223428969012,147.03818855822303,137.1188047939759,173.83722166743755,179.3050644429768,157.84869224056604,182.826169455374,147.7037246460633,167.18771450272348,179.0370836241915
4752,124.53998007856966,147.1561538853229,137.2366862967751,173.95543718866003,179.4241335434433,157.96750000462055,182.94514919121164,147.82168554004707,167.30675110891738,179.15614249292693
4753,124.54316756397469,147.16151879013518,137.24101378788617,173.96184310225402,179.43636432988743,157.97714296274646,182.95605800282593,147.82707583561222,167.31793691282382,179.16746771305645
4754,124.56689044101766,147.1880885728564,137.266233393699,173.98973005006513,179.47144747427774,158.0090776459838,182.98954249712372,147.85367744403564,167.35175065731775,179.2014593130951
4755,124.59265937635422,147.2167809009406,137.29353761602943,174.0197678736822,179.50881880736586,158.04325380496445,183.0252845454037,147.88240039521622,167.38783194332117,179.23772422972493
4756,124.6186326718027,147.24568690917945,137.32105554290374,174.05001365498094,179.54642535690584,158.07766932512993,183.06125184653965,147.91133542497536,167.42413684120933,179.27421948628435
4757,124.644641334915,147.27461453431346,137.34859830464305,174.08027334111364,179.58405672152082,158.11210527186202,183.0972415426588,147.9402922184834,167.4604566337036,179.31073217123517
4758,124.67066171907626,147.3035439619391,137.37614995182537,174.11052774926557,179.62168970178357,158.14653088601167,183.13323437187714,147.96925270008538,167.49676802473024,179.3472436817746
4759,124.69669250894258,147.33247226070182,137.4037050715379,174.14078205614348,179.6593241559687,158.18095927428024,183.16922758510668,147.9982142935345,167.5330698997894,179.38374992785427
4760,124.72273385153032,147.3613990838403,137.43126064649996,174.17103855374802,179.6969588225039,158.2153990634311,183.2052214997262,148.02717605835673,167.5693475886326,179.4202502745567
4761,124.74878424311805,147.3903254074949,137.45881486464373,174.20130175436378,179.73458788581877,158.2498422674263,183.24121640389683,148.05613773339672,167.60561934058367,179.45675593347664
4762,124.77484797249302,147.41925286450686,137.4863672562583,174.23158651192094,179.7722149747022,158.28429231989315,183.27721144181174,148.08509940990328,167.64188410957664,179.493262360019
4763,124.80093567539876,147.44818233902228,137.51390974746093,174.26187841946862,179.8098335523567,158.3187443146017,183.3132070991706,148.11406031998416,167.67813138940213,179.52976006740806
4764,124.8270349006375,147.4771131375606,137.5414562449307,174.29218274312257,179.84745118913744,158.35320119189106,183.34920307576468,148.14302164479116,167.71436802967145,179.56625561858812
4765,124.85313596090823,147.5060442915978,137.5690090407792,174.32249202563463,179.8850585815831,158.38767483251755,183.38519863595468,148.17198315153487,167.75060823996992,179.60274566919568
4766,124.879233935151,147.5349744157945,137.59656645967593,174.35279441883318,179.92267568901121,158.4221772682273,183.42119311603383,148.20094380532598,167.78685953537075,179.63922757964625
4767,124.90533297578487,147.56390562616895,137.62412589763198,174.3830968756521,179.96030114655835,158.4566934147116,183.45718850101343,148.2299052974218,167.8231137863268,179.6757039908387
4768,124.93143201637626,147.592837540001,137.65168189737182,174.41340580875342,179.99792772470602,158.49120982201129,183.49318498681293,148.25886753305903,167.8593871049563,179.71217668586948
4769,124.95749913032084,147.62176951932608,137.67924467210014,174.4437204128067,180.03554932072055,158.5257057946142,183.52918179642538,148.28782998324687,167.89566720863112,179.7486471028097
4770,124.98356161234068,147.65070154445488,137.70681445012724,174.47403807252297,180.07316407483148,158.56020501001186,183.56517858588606,148.31679258681288,167.93194523643731,179.78510986708744
4771,125.0096251658058,147.67963281933345,137.7343867558348,174.50435935272068,180.1107922690535,158.59469810499573,183.6011748646831,148.34575376021593,167.9681961781281,179.82157349938356
4772,125.03568393265265,147.70856419300426,137.76195740489095,174.5346820979686,180.14843931232946,158.62919808873687,183.63717106367358,148.3747150223867,168.0044237459334,179.85803807747257
4773,125.06174803086681,147.737495344517,137.7895361751207,174.5650030213584,180.18609388985752,158.66372457849585,183.67316796877998,148.40367634642112,168.0406239375432,179.89450241322623
4774,125.08781765299936,147.76642732945635,137.8171251800501,174.59533810392193,180.22375120678097,158.6982813297098,183.70916501734789,148.43263799259438,168.07682174562538,179.9309632902577
4775,125.11388795895837,147.7953607868067,137.84471912884177,174.6257005423816,180.26141173307238,158.73284517235922,183.74516138867972,148.4615998098484,168.1130432643604,179.96742468097602
4776,125.13995888754552,147.82429483248035,137.87231396513775,174.65607176323465,180.29908687186256,158.7674034971753,183.7811573389941,148.4905612338115,168.14928347917368,180.0038862764141
4777,125.16602152872942,147.85323048727523,137.89990855576548,174.68644229681342,180.33676976697626,158.80196182924306,183.81715343234583,148.51952278525636,168.18552601925083,180.04034358759577
4778,125.19207557842202,147.8821680811664,137.92749584033314,174.71681452797546,180.37445348399118,158.8365017855826,183.85314916336682,148.5484843947,168.2217529500788,180.07679797703335
4779,125.21812742194098,147.91110624578795,137.95508321142879,174.7471955529531,180.41213355373765,158.8710488037878,183.88914573936123,148.57744607891257,168.25795949494233,180.11324926627057
4780,125.24418235710867,147.94004483465974,137.98267153795442,174.77759521766538,180.44981132878073,158.90559719655027,183.9251426631017,148.60640823953744,168.29416022279332,180.1496985412899
4781,125.27025156774856,147.96898426335574,138.01026077322902,174.8080016132618,180.48749246034996,158.94012380799782,183.9611395958723,148.6353706294753,168.3303593653301,180.18614578954768
4782,125.29633856988536,147.99792392312543,138.03784875829447,174.83839443842467,180.52517621730348,158.9746547329809,183.9971363670194,148.66433267051727,168.36655936562278,180.22259410174826
4783,125.32243304132538,148.02686353469284,138.06544032745134,174.868788084965,180.56286617022397,159.00918772682525,184.0331331620549,148.69329578638286,168.40274594886023,180.25904247812176
4784,125.34852554102613,148.05580415536357,138.09303649813455,174.8991854012987,180.60055626579305,159.04373317419302,184.06913056291347,148.72225929113085,168.43893050649345,180.29548893661425
4785,125.37462555434955,148.08474551961112,138.12064067556224,174.9295852671022,180.6382396968505,159.07828211706666,184.10512805332326,148.75122308468184,168.47512162227045,180.3319276102897
4786,125.40073342043091,148.11368719309675,138.14825162188026,174.95999145870516,180.67592775613255,159.11282368648298,184.14112545820402,148.78018705014742,168.51132765016794,180.36836909599137
4787,125.4268535226912,148.1426289920621,138.17586732940353,174.99040544236567,180.71362974149523,159.14736715454845,184.17712240336922,148.80915082469608,168.54753806883866,180.40481649397702
4788,125.4529759488141,148.1715712649535,138.20348502021227,175.0208272050561,180.7513350641484,159.18191142821007,184.21311890427967,148.8381146280972,168.58377157987638,180.4412707711806
4789,125.47909633136832,148.2005151499554,138.2311034355874,175.05127257227264,180.78903642615145,159.21643095846483,184.24911479676848,148.86707854053535,168.62001680491247,180.47772666615944
4790,125.50518895518343,148.22946067646123,138.25871828698553,175.08172963966882,180.8267486063056,159.25095155657584,184.28510992874976,148.89604245709026,168.65627475785612,180.51418119444452
4791,125.53128428465187,148.2584071583748,138.28633451002827,175.11220478861713,180.86446939856242,159.28547338825874,184.32110513321715,148.9250058016949,168.69253508324678,180.5506250107058
4792,125.5573854546496,148.28735384890194,138.31394084278338,175.14268665123393,180.90219507157454,159.32001966289135,184.3571003078064,148.95396831682484,168.7287952566217,180.58706916999944
4793,125.58348338064317,148.3163009912383,138.34154474740785,175.17316843647208,180.93992741297512,159.35457338253389,184.39309435891465,148.98293064762163,168.76506328658573,180.62351198473525
4794,125.60957685226117,148.34524854084728,138.36915030808277,175.2036568908863,180.977660295829,159.3891195376219,184.42908702565893,149.01189328710606,168.80133440614202,180.65995225539686
4795,125.63565376609262,148.37419504567197,138.39675599886965,175.23413635580252,181.01538970320786,159.4236496060744,184.4650794478629,149.04085694519298,168.83760569190403,180.6963949893974
4796,125.66171381330537,148.4031416930297,138.42436606069137,175.2646189583758,181.05312865348714,159.45817344779806,184.50107105100986,149.06982093960474,168.8738726471538,180.73284188097114
4797,125.68776571711024,148.43208765741986,138.45197923769067,175.29510879332983,181.09086896205014,159.49269014315092,184.53706214748973,149.09878561856155,168.91013404090637,180.76929058900166
4798,125.71382238616165,148.46103404761314,138.47959334577416,175.32558909431128,181.12860695447682,159.52720717095377,184.57305339705806,149.1277506877008,168.9463812933854,180.80573947276133
4799,125.73985457146092,148.48998129618312,138.50720855636501,175.3560834049197,181.16634498097517,159.5617325005212,184.60904383842572,149.15671520078342,168.98262215002723,180.84218728714998
4800,125.76588913482095,148.51892883385977,138.5348257102008,175.38658234112356,181.20407179133073,159.59625892415158,184.64503323227706,149.1856799126886,169.0188649145225,180.8786343933451
4801,125.79192299817393,148.54787615118835,138.56244334000556,175.4170465409679,181.24180252678883,159.6307675154867,184.68102183980955,149.21464522504257,169.0551083718261,180.91508265549083
4802,125.81795966004138,148.5768233442648,138.59006433262752,175.44749399986918,181.27953249512103,159.66527861280156,184.71700905839998,149.24361088454438,169.0913418170842,180.95153076368487
4803,125.84399731347128,148.60576809568437,138.61769267125138,175.47794714873206,181.3172474059528,159.69978677059845,184.75299562162155,149.272576636848,169.12757070059502,180.98797412535424
4804,125.87003190622833,148.6347123814054,138.6453338919932,175.5084029371879,181.3549575632102,159.73427867182633,184.7889814892494,149.30154236242083,169.16379383263254,181.02441679469234
4805,125.89607197793448,148.66365753707728,138.67298465257673,175.5388615533825,181.39266047812637,159.76874442290753,184.82496777902568,149.330507741311,169.20000189243953,181.06085468093215
4806,125.92212987300273,148.69260325456068,138.70063910014647,175.56931486713532,181.43036602300663,159.80319510620984,184.86095445873917,149.35947328788563,169.23620388856685,181.09729251227282
4807,125.94819719175727,148.72154922626262,138.72829577078076,175.59974559368905,181.4680722251753,159.8376338039755,184.8969422512789,149.38843860247172,169.27240043903896,181.13372822822805
4808,125.97425081677163,148.7504940327167,138.75593808434095,175.63016307390365,181.50577810563345,159.87206104650735,184.932931067276,149.4174046874346,169.30859711441656,181.17015875785668
4809,126.00029555235558,148.77943847627955,138.78357272502396,175.66058209366898,181.54348035139677,159.90648473952135,184.96891995632893,149.44637111524696,169.34478246273983,181.2065897374896
4810,126.02632378660206,148.80838099762576,138.8112016135486,175.69100182376854,181.58117568346447,159.94088751243237,185.00490709419594,149.4753363746254,169.38098276137637,181.2430207550947
4811,126.05234337083952,148.83732187124036,138.83882817051293,175.72141306385777,181.61886305753117,159.9753045257331,185.04089464133878,149.50430031403732,169.41718679649352,181.27945321414086
4812,126.07835585307032,148.86626122559554,138.86645728450398,175.7518070359755,181.65654758263364,160.00972527032118,185.07688260915185,149.53326362040957,169.45338102036732,181.31588668771528
4813,126.10436229941938,148.89519869107338,138.89408897573958,175.78218647113812,181.69422424739437,160.04415332872793,185.11287050753572,149.56222699486582,169.48955882156426,181.35232017491634
4814,126.13036255212921,148.92413473127579,138.92172223596404,175.81255056692123,181.73188199405675,160.0785873694643,185.1488577455575,149.59119056642166,169.5257273869489,181.38875154551707
4815,126.15635557747493,148.95306951007242,138.9493558739041,175.84291646077398,181.76952757867662,160.11301046492963,185.184845160534,149.62015372992764,169.56189144377848,181.425184733916
4816,126.18234701812457,148.98200413386257,138.9769904260701,175.87326316027045,181.80716634508167,160.14740325902494,185.22083266324947,149.64911741151363,169.5980696018239,181.4616188119316
4817,126.20834822223406,149.01094037114376,139.00462576561029,175.90361007011148,181.84479686318497,160.18179358333137,185.25682094998078,149.67808132003006,169.63426266810552,181.49804800460498
4818,126.23435384941074,149.0398771801292,139.032261032578,175.93396836429898,181.88242755632348,160.21617936031788,185.29280964395423,149.70704576044784,169.67045838560045,181.5344758665478
4819,126.2603692068148,149.0688136046359,139.05988482329082,175.9643331471916,181.92005744704142,160.2505429770926,185.32879821757936,149.73601044727326,169.70665507490799,181.57090423581454
4820,126.28639857438279,149.09775010086804,139.08750603936855,175.99467514299494,181.95768770163062,160.28486972489637,185.36478458636327,149.7649758429923,169.74285227446393,181.60733084007254
4821,126.31244151723081,149.12668655986593,139.11513002073585,176.02501005323168,181.99531225700423,160.31917301649682,185.40076947941296,149.79394153008627,169.77904747864466,181.6437553648806
4822,126.33849067201457,149.155621977863,139.14275036383017,176.055366351325,182.0329341660982,160.35347622183411,185.43675491431887,149.82290723886396,169.81523242629873,181.68018086669886
4823,126.36453161942103,149.18455646667192,139.17037314451153,176.08573002621836,182.07055644404502,160.3877916754541,185.47274096725855,149.85187276793422,169.8514034122738,181.71660826781735
4824,126.39054746667489,149.2134895203102,139.19799529976504,176.1160715783605,182.1081792490814,160.42211228113933,185.50872710337183,149.88083802435426,169.88756137910175,181.7530363295616
4825,126.4165660851183,149.2424227763923,139.2256142556339,176.1464228538532,182.14580656632023,160.45643433284687,185.5447130310426,149.90980395550747,169.92371271156526,181.7894643358217
4826,126.44258895623203,149.27135672125664,139.25323369369843,176.17678057155183,182.18343345591714,160.49075637026493,185.58069875349997,149.93877046035013,169.95985752825788,181.8258911108316
4827,126.4685925831721,149.30029098003197,139.28085537447336,176.20712057854004,182.22104331322427,160.52507794145345,185.61668445606804,149.967737134232,169.9960033547701,181.8623158391975
4828,126.4945753367269,149.3292246825636,139.30847952610787,176.23745581873297,182.25866613581744,160.55940157441748,185.652669496137,149.9967033401285,170.03214074117258,181.89873810925516
4829,126.52056629521886,149.35815826838808,139.33609878296073,176.2677828504281,182.29629565453263,160.59373082999358,185.68865484298001,150.0256689512353,170.06826508281046,181.93516066048218
4830,126.54657162215047,149.38709200618837,139.3637071686247,176.2981198692094,182.33392652183645,160.62806581916513,185.7246405395002,150.05463385472854,170.10439194424524,181.97158105662845
4831,126.57258339558837,149.4160266564365,139.39131694767693,176.32846069806786,182.37155739147212,160.66240266215678,185.760626299024,150.0835980915911,170.14052560721285,182.00799323927964
4832,126.59858828293943,149.44496171682624,139.41892622182195,176.35879106149096,182.40919102386744,160.69673924785124,185.7966119767528,150.11256217538707,170.17667005209893,182.0444023772366
4833,126.62459967403527,149.4738969945411,139.44653947030247,176.38911454674155,182.4468273370529,160.73107350217037,185.83259667478765,150.1415266009466,170.21282844330085,182.08080386959526
4834,126.65061327149147,149.50283263948384,139.47415365938986,176.41942504163995,182.48446993508014,160.76542664176233,185.86858219314533,150.1704912287163,170.24898884714761,182.11720079139533
4835,126.6766287815274,149.53176812806194,139.50176826409142,176.44974059336423,182.52212234086042,160.79978402949396,185.90456881211585,150.19945565606548,170.28514103927375,182.15359394968334
4836,126.70263237780252,149.5607035080948,139.5293839924127,176.48002758372377,182.55977592553538,160.83412105117415,185.94055548764356,150.22841961936183,170.32130478010257,182.1899872471497
4837,126.72862416931503,149.58963850239056,139.5570014830603,176.51029711320433,182.59742287931851,160.8684450037677,185.9765397344184,150.2573839378272,170.35747205114012,182.226375583062
4838,126.75462098938596,149.61857397532108,139.58462115993018,176.54056795922904,182.6350698237769,160.90275789772912,186.0125232717127,150.2863483374359,170.39363828467845,182.26275988541678
4839,126.7805972672848,149.6475098982788,139.61224261741987,176.5708466475165,182.6727096728934,160.93708514342717,186.04850804736793,150.31531224081772,170.42978905696293,182.29913947478968
4840,126.80656759146105,149.67644599940897,139.6398651819388,176.60111112106284,182.71034811702984,160.971420922753,186.08449370035657,150.344276781664,170.46592702069745,182.33552044674474
4841,126.83254609749108,149.70538240852196,139.6674833134393,176.6313592173038,182.74798517119137,161.00575910665717,186.12047986114263,150.37324190534454,170.5020642640938,182.37190187188
4842,126.8585287840301,149.7343188182659,139.69510221488545,176.66161355862442,182.78563587819505,161.0401030213907,186.15646653887833,150.40220797356133,170.53819818638823,182.40828409498766
4843,126.88451039646712,149.76325527382807,139.72272080191934,176.6918331783648,182.8232935958253,161.07445015915758,186.19245389414664,150.4311743877171,170.57433106668395,182.44466832649803
4844,126.91047459238214,149.79219177153416,139.75033706754294,176.722058843535,182.86095126585957,161.10881725570326,186.2284414307902,150.460140552943,170.61045555663935,182.48105408169894
4845,126.93644068393333,149.82112831974402,139.77796272737376,176.75229124704975,182.8986006399258,161.14319038198082,186.26442890379607,150.48910678917883,170.64658227313632,182.5174397380967
4846,126.9624098222404,149.8500636983907,139.80559735666552,176.78250909713094,182.93624654637864,161.17756066385152,186.30041557327155,150.51807392267466,170.68269911254092,182.5538207721133
4847,126.9883859858136,149.87899823609075,139.8332367702182,176.81271175947015,182.97388038176211,161.21193086993395,186.33640212903717,150.54704140892116,170.71880773879502,182.59019994839772
4848,127.01435317573434,149.90793287324306,139.86087734014706,176.84291983856534,183.01150903205885,161.24628727104292,186.37238847154106,150.57600959331765,170.75491742017766,182.62658162406004
4849,127.04667751605044,149.94131282580813,139.8938034415121,176.87673945824503,183.04897539529333,161.281465225379,186.40834695422424,150.60940134232922,170.79099187271962,182.66290779182103
4850,127.16420929453875,150.05928796144102,140.01158795964096,176.99489925406604,183.16813179725725,161.40019552175573,186.527292252911,150.72738143246963,170.90995340718658,182.78190456641866
4851,127.16749839576056,150.06467050595197,140.01589721063183,177.00107161302827,183.18020758644857,161.40970257872874,186.53838061183643,150.7327925591413,170.92117634262158,182.7929566198313
4852,127.19137226855386,150.0912615493635,140.04110087968473,177.02868470699784,183.2151152581758,161.44146118271868,186.57208597626467,150.7594198049443,170.9550484696655,182.8266174622546
4853,127.21732672787161,150.11997337536081,140.0683910058196,177.0584410838072,183.25230356064955,161.47545900198088,186.608053037202,150.78816774957886,170.9912064083022,182.86253829466014
4854,127.24350941411154,150.14889822069455,140.09588943849968,177.08841269160777,183.28971642228294,161.5096958387701,186.6442462388222,150.81712674324865,171.02759690664084,182.8986821970393
4855,127.269716453999,150.1778452281745,140.12340633278373,177.11840427645367,183.32714480230848,161.54397397449063,186.68046204063884,150.8461059303595,171.06401726776076,182.93484502491415
4856,127.29591331347534,150.20679521444978,140.1509240001186,177.14840209638504,183.36456620168022,161.5782582730858,186.71668008781654,150.87508696757544,171.1004413210745,182.9710084141106
4857,127.32211900493482,150.23574637156247,140.17844282647795,177.1784186909707,183.4019819557266,161.6125303838226,186.75289834048277,150.90406827754316,171.1368742584004,183.00717019562978
4858,127.34833139085352,150.26469858729897,140.2059633219569,177.20844230894102,183.43940257103216,161.64679042040552,186.78911661705038,150.93304980493556,171.1733201421187,183.04333268217457
4859,127.37452393328924,150.29365115750352,140.23348244871548,177.23847344726693,183.47682417470085,161.68104547412705,186.82533489711992,150.96203145251127,171.20976823044575,183.07949502619599
4860,127.40071703788924,150.32260475495326,140.26100206514175,177.26851259761517,183.51424312510227,161.71529764899077,186.86155318255027,150.99101267804798,171.24620785767198,183.1156570036347
4861,127.42691076942421,150.3515591123279,140.2885210340341,177.2985553780951,183.55165715469863,161.7495309524466,186.8977714697059,151.0199940537772,171.28264554134586,183.15181946788354
4862,127.45310695696598,150.38051354441185,140.31603641347525,177.32860105626247,183.5890722751398,161.78375571658998,186.9339897583428,151.04897480239543,171.31908359343643,183.18798227337487
4863,127.4792954024664,150.40946811281134,140.3435516298022,177.35864046265053,183.6264875318736,161.8179868871408,186.97020805569002,151.07795517683235,171.3555014843625,183.22414629376158
4864,127.50545927036902,150.43842174893226,140.37106650243047,177.38866868733416,183.6639062117181,161.85222224587437,187.00642636415975,151.10693518822015,171.39190566373816,183.26031197003647
4865,127.53161898182829,150.4673761383766,140.39857804134533,177.41869668255168,183.70132559035372,161.8864562591377,187.04264467421288,151.13591535908284,171.4282913544579,183.29647821101443
4866,127.55778495938698,150.4963309166289,140.42609059224225,177.44870819903855,183.73873933728316,161.9206798241481,187.07886297209708,151.16489491039445,171.4646731992431,183.3326441409043
4867,127.58395280408774,150.52528624435377,140.45360771174282,177.47871943838223,183.7761515671485,161.95487913108607,187.11508126784574,151.19387356411866,171.50106584528925,183.36880598660838
4868,127.61011782784256,150.55424243890062,140.4811284393415,177.5087134337934,183.8135778556828,161.98905745675393,187.1512995464538,151.22285245501763,171.53746078232027,183.40496569926123
4869,127.63629603988507,150.58319924043636,140.50865038106954,177.53873338504732,183.85101672383587,162.02321241008957,187.1875178188295,151.25183177501185,171.5738469194503,183.44112374965493
4870,127.66247952370594,150.61215637437806,140.53617092311092,177.5687691317091,183.8884588712043,162.05736270036854,187.22373608990384,151.28081125932206,171.6102098075562,183.47728138684897
4871,127.68865973854453,150.64111083665375,140.56369093293665,177.5988303197182,183.92590092715523,162.09151416364261,187.25995433453886,151.3097906551691,171.64658942590475,183.51343745328532
4872,127.71485310218199,150.67006494207175,140.59120321737166,177.6289023704089,183.9633392663583,162.1256660412163,187.2961725698875,151.33877014532146,171.68299731515668,183.54959619274393
4873,127.74105213847831,150.69901915164527,140.61871648712534,177.6589350352898,184.0007707872933,162.15982326829263,187.33239081337825,151.36775009776906,171.71941161367909,183.58575756484356
4874,127.76724501155878,150.72797350285566,140.64622755111924,177.6889690245746,184.03820196098704,162.1939768661641,187.3686090637248,151.39673162146474,171.75582329794597,183.62191932183111
4875,127.79344018709472,150.75692768521432,140.67374094987971,177.71902344267104,184.07562701101497,162.22811750804922,187.40482731503926,151.425713708156,171.79223624659616,183.65807794899732
4876,127.81963994505986,150.78588199312233,140.70125482817463,177.74908759692843,184.11304785423204,162.26225641252464,187.4410455617072,151.4546961145293,171.82867792679292,183.69423910231515
4877,127.84584633926075,150.81483634787747,140.7287679359074,177.77915066861584,184.15045147897482,162.2963923876313,187.47726380317505,151.48367920320183,171.8651388561569,183.73040115825256
4878,127.87203726448813,150.84379102108113,140.75628182056977,177.80917060361136,184.1878558074649,162.3305186280808,187.51348204403988,151.512662495231,171.9016028940235,183.76656164541194
4879,127.89822628404565,150.8727460037848,140.78379650892614,177.83919952727834,184.22526062225242,162.36465801725402,187.549700285702,151.54164591637056,171.9380756946656,183.8027268764366
4880,127.92441808799107,150.90170168170806,140.8113074558682,177.86924683184097,184.26266549222058,162.3988001971268,187.58591850520662,151.57062968979554,171.97454974977524,183.83889377318283
4881,127.95061363521062,150.93065765795518,140.8388186648087,177.8992984520756,184.30007637560354,162.43293645933437,187.62213670203542,151.59961358629695,172.01100080680382,183.87505958507842
4882,127.97682564455917,150.95961421213133,140.8663322759251,177.92933775860243,184.3374894803613,162.4670782712387,187.6583548920851,151.62859748191278,172.0474420094118,183.91122574678832
4883,128.00304476163674,150.9885712656194,140.89383724757914,177.95936187890723,184.37490567002976,162.5012321300519,187.69457306779972,151.65758036380552,172.08388591801042,183.9473897521545
4884,128.02926198612488,151.01752759828292,140.92134675232407,177.98938872257477,184.41232398165903,162.53538894973403,187.73079125265764,151.68656217526882,172.1203271125393,183.98354996701346
4885,128.05547452732668,151.0464836765285,140.94885967694384,178.01939238514623,184.4497440087795,162.56953687881136,187.76700944170977,151.71554310366884,172.1567609679671,184.01970999267658
4886,128.08169296657402,151.0754381855558,140.97637602362045,178.04940976808422,184.48716641639334,162.60369790422743,187.80322762844477,151.74452423395522,172.19320137610947,184.05586978155213
4887,128.1079087045543,151.1043927002248,141.00389525454688,178.07944376222795,184.52458890271078,162.63786359909167,187.8394458152407,151.77350614142802,172.22964843038682,184.09202547472535
4888,128.13412649617695,151.13334798628878,141.03141873355733,178.10948301422133,184.56201329600052,162.67202781114463,187.8756639968785,151.80248833782903,172.2660976542619,184.12817959836406
4889,128.16033909591317,151.1623035149962,141.05894400663064,178.13951835837284,184.59943781270795,162.70619244366785,187.91188215659434,151.8314712540595,172.30256302019973,184.16433423834076
4890,128.18653061262228,151.19125839622282,141.08646997859736,178.16955982370683,184.6368484655496,162.74035443482722,187.9481003187,151.8604545109036,172.33903172056515,184.2004876493705
4891,128.21271561569108,151.22021345236317,141.11399080877433,178.19960825763508,184.6742590300243,162.7745131998753,187.98431849273362,151.88943728449053,172.3754816899913,184.23663896360878
4892,128.23890553557905,151.2491679634421,141.14151287606015,178.2296597628876,184.7116695080561,162.8086600350998,188.02053667789508,151.9184181861021,172.41189808158214,184.27278604460605
4893,128.26509118412807,151.2781202113678,141.1690385449694,178.25970553213094,184.74908145442882,162.8428121215923,188.05675487197638,151.94739816980444,172.44831593943417,184.30893205012234
4894,128.29127570880775,151.3070730154751,141.19656540980512,178.2897552216496,184.7864933956255,162.87698042600564,188.0929730776249,151.97637778096504,172.48473288455511,184.34508020321962
4895,128.31747063734574,151.3360266550127,141.22409395704892,178.31980874442516,184.8239015086836,162.91115292912957,188.12919128945296,152.00535583370282,172.52114901901183,184.3812329389952
4896,128.3436717619339,151.36498056449463,141.25162523485963,178.34986655432445,184.86129651997638,162.9453089424059,188.1654095021397,152.03433378077222,172.55755380635696,184.41739033356342
4897,128.3698742588371,151.39393278464763,141.27915769289606,178.37987645189003,184.89868766403796,162.97945126829674,188.20162771528334,152.06331186625337,172.59396743562309,184.45355307388434
4898,128.3960746727879,151.42288657691296,141.30668345427657,178.4098562481064,184.93607630440295,163.01359894307035,188.23784592785285,152.09228981390822,172.63038602423705,184.48971694569357
4899,128.4222660467413,151.4518410606265,141.33421365466623,178.43980430352897,184.97345526615757,163.0477562992248,188.27406413649527,152.1212681702387,172.66680457994877,184.5258788473835
4900,128.44846302362157,151.4807956025916,141.36175106735732,178.46975577012773,185.01083126090958,163.0819147491669,188.31028234733316,152.1502469453264,172.70323712983256,184.56204030192382
4901,128.47463387842302,151.509750446717,141.38929102915938,178.4997098725641,185.0482124687209,163.1160704848577,188.34650055381726,152.17922619071248,172.7396746514579,184.5981978568951
4902,128.50078974397127,151.53870552294802,141.4168315137863,178.52966887287823,185.0855951641454,163.15023020045493,188.38271876014215,152.20820559591382,172.77608919922432,184.63435529036857
4903,128.52695138139003,151.5676599582816,141.44436868595798,178.55964003753493,185.12297771454158,163.18437462557617,188.418936959006,152.23718492091078,172.8125146110783,184.6705130913721
4904,128.55311708967986,151.59661630213623,141.47189879560952,178.5896317518203,185.16035932105453,163.21851369258152,188.455155156272,152.26616274334282,172.84894838116506,184.70666585471287
4905,128.57926847358672,151.62557343006992,141.49943109696775,178.6196313465397,185.1977482694333,163.25265278623607,188.4913733566669,152.2951396421062,172.88538122398813,184.74282179005064
4906,128.6054249810478,151.6545299119765,141.5269670444978,178.64963235719472,185.23513942389025,163.28677506605928,188.52759156087726,152.32411742222476,172.9218009287911,184.7789818801675
4907,128.6315853921892,151.6834867116606,141.55450435122162,178.67961180723506,185.27252844263103,163.32090344447556,188.5638097756574,152.3530964223005,172.9582183167979,184.81514279421904
4908,128.65773023839677,151.71244399652807,141.58204030725994,178.70958440932708,185.30991855046494,163.35505629511056,188.60002800428157,152.3820758240579,172.99463935509172,184.85130187847474
4909,128.68388434008784,151.74140210231727,141.6095747122454,178.73956978273645,185.3473073583039,163.38921634657214,188.63624623927228,152.41105437505783,173.0310683318709,184.88745930021796
4910,128.71004474621174,151.7703604867897,141.63710641490596,178.7695778431409,185.38469750203964,163.4233718960309,188.6724644828199,152.44003340870577,173.06749813590883,184.92361430183595
4911,128.73620264719435,151.79931881961377,141.66463849333172,178.79959556087468,185.42208889094678,163.45753309537955,188.7086827283447,152.46901272392302,173.10392410850866,184.95976757996598
4912,128.762341280121,151.82827634921065,141.69217037220972,178.82961494058824,185.4594800324689,163.49170022721154,188.7449009698925,152.497991181597,173.14035018495676,184.99592047251755
4913,128.78848071857888,151.8572338966932,141.71970316112015,178.85962592926515,185.49687151442478,163.52587685630786,188.78111921313368,152.52696972511774,173.17675769032522,185.03207020728814
4914,128.8146129229626,151.88618937366448,141.74723617048056,178.8896180277284,185.5342638323731,163.56005793233206,188.81733745807935,152.55594810139584,173.21316508579463,185.0682200186514
4915,128.84074159970174,151.91514598280202,141.77476603076127,178.91960139413789,185.5716501873769,163.59425316331817,188.85355571319508,152.58492611679222,173.24955778125607,185.10436797723725
4916,128.86687156499374,151.94410324379015,141.8022985110995,178.94955424039935,185.60903150230845,163.62846685735454,188.8897739701365,152.613903150438,173.2859471680478,185.1405176661421
4917,128.8930015147212,151.97306039269523,141.82983463919678,178.97949974372102,185.64641226949217,163.66268666094177,188.9259922087456,152.64287954343882,173.32233335990554,185.1766695767225
4918,128.91912782277745,152.00201804704116,141.85737720908713,179.00944790937595,185.6837886430014,163.6969069376467,188.9622104309963,152.67185563005899,173.3587184715908,185.21282362799315
4919,128.9452410555637,152.0309762063207,141.88492590725028,179.03936659015474,185.72116523443918,163.73112643314687,188.9984286533132,152.700830626301,173.39508899373254,185.24898026863337
4920,128.97134353669998,152.05993460264068,141.91247633553047,179.06927771064693,185.75853403765305,163.7653488834296,189.03464688197778,152.72980574247174,173.43146808626946,185.28513882517927
4921,128.99743210214243,152.08889308862027,141.94002684138917,179.09914865643867,185.7958995950052,163.79958043787357,189.07086511507327,152.7587797898475,173.46784876558513,185.3212984023209
4922,129.023523473383,152.11785112413645,141.96757978083,179.12900620107052,185.8332586596607,163.83382324846966,189.10708336862265,152.78775255391602,173.504219041488,185.3574604027992
4923,129.04962279838153,152.14680946570778,141.99513422751275,179.15888224670795,185.87061634291297,163.86808241386578,189.14330162926024,152.81672527912838,173.54060597606434,185.39362290849945
4924,129.0757241202716,152.17576804974257,142.02268563564553,179.18879192565333,185.90796595765008,163.9023459067482,189.17951989196106,152.84569668269648,173.57699831078634,185.42978359398023
4925,129.10181846655277,152.20472717028963,142.05023860387757,179.218729757433,185.94532643142168,163.93663612573434,189.21573816286198,152.87466854613507,173.6133921318804,185.46594401688725
4926,129.12791136734342,152.2336864877738,142.07779394215356,179.24867456423095,185.98269044888508,163.97093951992755,189.25195643913003,152.90364065459903,173.64979001540777,185.50210094133385
4927,129.15400694363706,152.26264579936998,142.1053576768862,179.27860878645748,186.0200516986836,164.00524399425038,189.2881747168803,152.93261243573616,173.68619064320478,185.53825592171816
4928,129.1801058396153,152.29160388165417,142.13292414138073,179.30854459356408,186.05742641380326,164.03954116699137,189.3243930221159,152.96158290565,173.722590749281,185.57440665713327
4929,129.20621430499014,152.3205614676247,142.16049037931583,179.3384736561866,186.09481161039008,164.07381462983062,189.36061134927397,152.99055372456175,173.75898046303092,185.61055372206917
4930,129.23232712512487,152.34952004387728,142.1880502827951,179.36840686737102,186.1321975481004,164.10808447021628,189.3968296802199,153.01952465467429,173.79536962120642,185.64670110061866
4931,129.25843860529832,152.37847898415117,142.2156065345332,179.39833284298984,186.16957444243542,164.14232158421484,189.43304801938064,153.04849559339132,173.83175768026007,185.68284949305476
4932,129.2845522695351,152.40743747743957,142.24316250989716,179.42826297696715,186.20693383885057,164.17655666281428,189.4692663616766,153.07746646857242,173.86816490764497,185.71899796921494
4933,129.31066121055423,152.43639455370592,142.2707204672889,179.4581954742204,186.24429483433786,164.21077475564442,189.5054847103503,153.10643703398,173.90457512677352,185.75514268598275
4934,129.3367457390564,152.46535103680193,142.29828104396944,179.48811827310035,186.28165822775978,164.24499136841536,189.5417030623318,153.13540759218216,173.940969422397,185.7912816231235
4935,129.36282975309368,152.49430852576492,142.32584797034406,179.51805212378792,186.3190218575997,164.2792196125471,189.57792140907802,153.16437866015963,173.9773653773173,185.82741846039394
4936,129.38891880508677,152.5232669706788,142.35341757388832,179.54799029305698,186.35638925629218,164.31346219551818,189.61413973311565,153.1933507086675,174.01375871622142,185.8635564028343
4937,129.41501185456616,152.55222646869842,142.38098737868737,179.57789881750446,186.39375742198587,164.3477182460179,189.65035806316703,153.22232309159668,174.05014501138982,185.8996977115068
4938,129.4411134317587,152.5811863490298,142.40855704644517,179.6077652103475,186.4311268569426,164.38199357257028,189.68657639663334,153.2512959703899,174.08653230454587,185.9358417159579
4939,129.4672183861809,152.61014638806498,142.43612434309495,179.63760941041875,186.46849908010546,164.41628022789743,189.72279472337937,153.2802691462128,174.1229011023235,185.9719861738279
4940,129.49333000899043,152.63910703349322,142.4636892217515,179.66748899139566,186.50587595289127,164.45057096761664,189.75901304492314,153.30924264399516,174.15925138464155,186.00812965261383
4941,129.51945606897263,152.6680686490178,142.49125686654563,179.69739992618793,186.54325701502378,164.4848674603077,189.79523136829596,153.33821645688735,174.1955848832481,186.04427414636606
4942,129.54559340378177,152.69703255061074,142.51882564678655,179.72732697068759,186.5806382787685,164.51916521569694,189.8314496884318,153.36719037984938,174.2318927196305,186.08041908895893
4943,129.57173577623703,152.72599730419142,142.54639294268839,179.75725852388507,186.6180136788299,164.55345454468997,189.8676680092486,153.39616395640357,174.26819546045795,186.1165654123543
4944,129.59786815892596,152.75496130925262,142.5739595540942,179.78719361771786,186.6553875751354,164.58774810713032,189.90388631791492,153.4251376209914,174.30451089715856,186.1527153640802
4945,129.62399446287563,152.78392567420687,142.60152434657152,179.8171433288302,186.6927566021104,164.62204555607784,189.94010463527235,153.4541104540684,174.34083701353023,186.1888685767274
4946,129.65013225903613,152.8128902684589,142.6290893836005,179.84710055516004,186.73012232397053,164.6563426731091,189.97632295401317,153.48308347026125,174.3771647100367,186.22502541197457
4947,129.6762748615234,152.84185373879131,142.65665102018107,179.87702856739787,186.76749537003974,164.69062791919282,190.0125412640488,153.51205660431526,174.41350410457352,186.261184545034
4948,129.7086632345667,152.8752431312559,142.68954899361452,179.91075201245312,186.80473479447747,164.7257828944077,190.0487152839347,153.5454499715119,174.44979577987752,186.29730397146272
4949,129.8262219068004,152.99322223164657,142.80732169801212,180.02887141493187,186.92385942500985,164.8445035395535,190.16769075782983,153.66343074129006,174.5687877255312,186.41627180227385
4950,129.82937234121042,152.99863388993137,142.81173928964242,180.0347580408112,186.93603622463473,164.85396993365822,190.17855293579166,153.66916848010047,174.5803740439389,186.42762454524694
4951,129.85305709311876,153.02526185922278,142.83707988045893,180.06201345882863,186.97106229063766,164.88568845127165,190.21198085990792,153.69621943380423,174.61468251137677,186.4616554038636
4952,129.87880386036346,153.05401118820228,142.86451297176362,180.09141596104612,187.0083698141489,164.9196187193324,190.24766583410923,153.72540470204115,174.65125655745874,186.4979558322534
4953,129.90475777753352,153.0829727316645,142.89216028854764,180.1210393768282,187.04590059747142,164.95375212046534,190.28357650593452,153.75480250788522,174.68805205910363,186.53448678753008
4954,129.93073071849136,153.11195364952533,142.9198353073944,180.15068215132578,187.08345789578777,164.98790546994604,190.31950967914344,153.78422276846143,174.72488311362713,186.57103794329396
4955,129.95670765466653,153.14093640153288,142.94751646988541,180.1803229793894,187.1210181256297,165.02206131003402,190.35544488966272,153.8136460860815,174.76173316524154,186.60759012912482
4956,129.98266689422255,153.16991968483364,142.97520229659824,180.20995174669687,187.15857569110798,165.05622433454587,190.39138020146592,153.84307009252208,174.79858619597996,186.64414423044465
4957,130.00862698169445,153.19890060185114,143.0028906009314,180.23958748346953,187.19612183503673,165.0903892635727,190.42731543067035,153.87248829108935,174.83542909325973,186.68069860864085
4958,130.0345908755867,153.22788157874572,143.03058437726426,180.2691950228456,187.233665952575,165.12453322626615,190.46325148017115,153.901909496658,174.87225890142162,186.7172567499948
4959,130.0605589548399,153.25686277754107,143.05828182742138,180.2987882621961,187.27120957048578,165.158671726314,190.49918844106412,153.93133203021816,174.90908692674097,186.7538165450175
4960,130.08652936045235,153.285845370428,143.08596560717424,180.32838920459466,187.3087572222497,165.19279187855923,190.53512548116967,153.96075763129122,174.94590953153926,186.79037369387217
4961,130.1124955740382,153.3148286149232,143.11363743374966,180.3579990129152,187.34630475832986,165.22689401926988,190.57106175108893,153.99018446808802,174.98273972625367,186.82693022635848
4962,130.1384826373299,153.34381017730215,143.14130604796935,180.3876162843372,187.38385193009378,165.26097873207556,190.60699872279292,154.01961024234544,175.01957115543826,186.8634797012918
4963,130.16447912632506,153.3727907848294,143.16897939598675,180.41721482082644,187.4214054643874,165.29506018595973,190.64293599867764,154.04903398209476,175.0564023786938,186.90002713848637
4964,130.19047663472355,153.40177157397272,143.19666011247938,180.44680325868794,187.45895908798659,165.3291438129931,190.67887338683934,154.07845547179986,175.0932417231479,186.9365772561759
4965,130.2164779201049,153.43075409347682,143.2243442586654,180.47639665060893,187.49650461432512,165.36322175312154,190.7148110622032,154.10788164651362,175.1300850857291,186.9731284215163
4966,130.24247435421486,153.4597378400929,143.2520222732064,180.50600124971564,187.53405008105878,165.3973008454684,190.75074918673766,154.13730972052224,175.16692612983087,187.00967995671408
4967,130.26846059684195,153.48872201545672,143.2797095670793,180.53563041394852,187.57159826394283,165.4313823435982,190.7866883072539,154.16673589065792,175.2037407180421,187.04623100786085
4968,130.29443427284806,153.51770437499658,143.30740100123802,180.5652837103202,187.60914759164467,165.46546468557145,190.82262933567998,154.19616269151106,175.2405533014704,187.08277831450914
4969,130.32040958612967,153.54668637861843,143.3350936820601,180.59495031672665,187.6466914525205,165.49954729588225,190.85857175909868,154.22558520258775,175.27736629584237,187.1193297059199
4970,130.34639111318384,153.57566888942225,143.36278920893267,180.62462228270167,187.68422983444054,165.53362592713552,190.89451522237997,154.2550078524744,175.31417923055537,187.15588182747314
4971,130.37237567422903,153.60465159410563,143.39048978701072,180.654264671947,187.72176920003406,165.5677162448539,190.93045940147803,154.28442957020326,175.35097057104508,187.1924304821842
4972,130.39836060525047,153.6336347662538,143.418188891087,180.6839141153896,187.75930148736776,165.60180892854237,190.96640361946046,154.3138516411841,175.38773018060746,187.22897376512967
4973,130.42433104717196,153.6626184675429,143.44588902830301,180.7135607780883,187.7968315065906,165.63588940327378,191.00234649358242,154.34327499785195,175.4244926149191,187.26551236851634
4974,130.4502973596545,153.69160193245722,143.47358774235826,180.743215727024,187.83435807715938,165.66996523027592,191.03828881066852,154.37270298324728,175.46125900182517,187.30204889894213
4975,130.47626593085357,153.72058725040998,143.5012939712763,180.7728717431964,187.87188227267285,165.70405302325176,191.07423180273415,154.40213248881471,175.49802255136905,187.3385850117676
4976,130.5022384120826,153.74957492763428,143.52900363451587,180.8025425487031,187.90938674509792,165.73814400407352,191.1101758725313,154.43156206608404,175.534787103875,187.3751145185691
4977,130.5281997626824,153.77856327723651,143.5567141147184,180.83224072734458,187.9468794897473,165.77223352644398,191.14612036635643,154.46099084025377,175.57155947691012,187.41163875498148
4978,130.55413837500305,153.80755229175492,143.58443341365552,180.8619475309973,187.98437424467028,165.8063232836005,191.182064850005,154.49042022683773,175.60833999447863,187.4481632944603
4979,130.5800790568068,153.836543104973,143.61215947172713,180.8916500514797,188.02186967793494,165.84041320771425,191.2180101614592,154.51984434007886,175.64513026206225,187.484688153884
4980,130.60601125386967,153.86553460419958,143.63989038106382,180.92132600769668,188.05936394245865,165.8745070185652,191.2539559378176,154.54926703248606,175.68192285545214,187.52121253415194
4981,130.63193938944605,153.89452587399106,143.66762801209916,180.95100425046283,188.0968504793664,165.90860721287012,191.28990282219178,154.5786900767382,175.71872871330342,187.5577362824278
4982,130.65786919460848,153.92351917686887,143.69536804841016,180.98065796834743,188.13433629350794,165.94270932674723,191.32585074477228,154.60811074686853,175.755541903369,187.59425145986714
4983,130.68380002922413,153.95251424029627,143.72310676003073,181.01030744415894,188.17180817145325,165.97681031440843,191.3618005345117,154.63753054642203,175.79235854360485,187.6307666293183
4984,130.70973949172088,153.98151094947602,143.75084421732373,181.0399533818031,188.20927390873433,166.0109119000831,191.3977508083471,154.66695104016287,175.82918495601044,187.66728154300296
4985,130.7356908494607,154.01050827603743,143.77858236163473,181.06963480760712,188.24674041684838,166.04502181549168,191.4337008035888,154.69637091834588,175.86602574843542,187.7037938192819
4986,130.76164652037568,154.0395057785282,143.80632610464463,181.09933393998375,188.28420710666921,166.0791337757796,191.46965032901807,154.72579117705132,175.90288102733308,187.74030648278855
4987,130.78760341946014,154.06850166000063,143.8340754455609,181.12904418748278,188.32167347671543,166.1132539304566,191.50559944967378,154.75520956892194,175.93973902583562,187.7768199162632
4988,130.81355574199188,154.09749771547064,143.8618273843846,181.1587581393635,188.35914608058752,166.14738395523207,191.5415485746805,154.78462844435754,175.97659112744134,187.81333556511217
4989,130.83949359205357,154.1264944954249,143.8895705934099,181.18847027424985,188.3966194854603,166.18152940676924,191.57749778616198,154.81404793561512,176.01343919059215,187.84985876977646
4990,130.8654481408821,154.15549212472982,143.91730933395758,181.21817951762404,188.43408390444577,166.2156841648179,191.6134480382402,154.843468225799,176.0502880442748,187.88638882119304
4991,130.89141898325596,154.18449015091355,143.945043782451,181.24789752566707,188.47154574925509,166.24984013194046,191.64939884109663,154.87288882652228,176.08713498966614,187.9229197804752
4992,130.9173961315275,154.21348711306186,143.9727678903012,181.277618850265,188.50901043146644,166.28398815517002,191.68534984295215,154.90230818776985,176.12397743718887,187.95945154768626
4993,130.9433762149798,154.2424817908828,144.00048959812463,181.307338753733,188.54647477411163,166.31814039875826,191.72130087290944,154.93172608436413,176.16081979410146,187.99598764851692
4994,130.96934515624872,154.27147355653872,144.02821212997588,181.3370616857878,188.58393256119882,166.3522936731158,191.75725184503858,154.96114319803024,176.19766409317387,188.0325241798436
4995,130.99529860065772,154.30046554683784,144.05593987802416,181.36678311851924,188.62138894640538,166.38644386966615,191.79320239680845,154.99056046164816,176.23451082662126,188.06905730918507
4996,131.02125014177597,154.32945580286548,144.08366986377618,181.39649451008893,188.65883870512442,166.42059464149142,191.82915240594645,155.01997626196328,176.27134204168837,188.105589509408
4997,131.04715535785593,154.35844758430937,144.11139518499027,181.4262077438462,188.69629309534878,166.45475433166845,191.86510241750074,155.04939643340148,176.30816846797245,188.14211659176405
4998,131.07306882306415,154.38744019009354,144.13912100225892,181.45590930560374,188.73374802324028,166.4889155671906,191.90105228673536,155.0788186062143,176.3450000777868,188.17864366955595
4999,131.09898750232577,154.41643389341306,144.16684592331112,181.48561446985326,188.77120030130402,166.5230726587552,191.93700115675136,155.1082358496189,176.38184919911038,188.2151732984441
5000,131.12490738857355,154.4454279849218,144.19457711869725,181.5153219694243,188.80866234654073,166.55723393906305,191.97295041962417,155.1376531730733,176.41870394858236,188.25170300189475
5001,131.1508321562723,154.47442225290752,144.22231143514253,181.54500899739773,188.84612731059948,166.59140226375484,192.00889973790115,155.16707223130302,176.45555876092052,188.28823198559257
5002,131.17676159762183,154.50341417790725,144.25003872563138,181.57469064069664,188.8835944219634,166.625572090344,192.04484895188915,155.1964934980251,176.4924291070813,188.32476800545837
5003,131.20268813523018,154.53240578220962,144.2777674121991,181.6043754825679,188.92106622464146,166.65972643707596,192.08079808150777,155.22591597313865,176.5293059759772,188.36130575213292
5004,131.22861272086746,154.56139751295072,144.3054980029038,181.63405189168668,188.95854486370516,166.69387560345533,192.11674625475996,155.25533964796577,176.56618258953569,188.3978424561232
5005,131.2545403203045,154.59039006062483,144.3332219755804,181.6637310123589,188.9960352631675,166.7280306201242,192.15269487963923,155.2847649791341,176.6030533422642,188.4343794479592
5006,131.28046921537623,154.61938317499792,144.36094917667947,181.69342292065878,189.03353613798285,166.76219905283213,192.18864433525232,155.3141915564389,176.6399365156032,188.4709160767673
5007,131.30639547828656,154.64837648027938,144.38868689731856,181.72312501415428,189.07105026003208,166.79637920348344,192.2245939286859,155.34361844014697,176.67682688242138,188.50744862296327
5008,131.33232490997798,154.6773694609671,144.41643317475288,181.7528298901297,189.10857303738968,166.8305613812342,192.2605425289045,155.3730453969646,176.71372882535417,188.54397592103325
5009,131.35825894819683,154.70636142870646,144.4441849875567,181.7825411706716,189.1461005954347,166.8647355225713,192.29649078099027,155.4024716505309,176.7506331594926,188.58050419595781
5010,131.38419839840722,154.73535350211364,144.4719450335391,181.8122585393843,189.18362877317048,166.89892478867637,192.33243886152428,155.43189964476875,176.7875418849,188.6170303312089
5011,131.41013272142558,154.76434620902089,144.49970798823918,181.84197117022984,189.22115819539,166.93311857672578,192.36838581853675,155.46132841949265,176.8244562469502,188.65355600196074
5012,131.43606015039106,154.7933393991647,144.52747481068366,181.8716759203251,189.25868717542969,166.96731816544224,192.40433365734162,155.49075655036683,176.8613705134061,188.69007936165906
5013,131.461980605185,154.82233237801702,144.55524366246158,181.9013721787826,189.29620715342568,167.00152434022655,192.44028176778906,155.52018540779443,176.8982762550674,188.7265975241044
5014,131.48791087947345,154.8513243424663,144.58301479856112,181.93105477691768,189.33372682816062,167.03573520263387,192.47622996312964,155.54961447842987,176.93516369855953,188.76311270087768
5015,131.51384851915753,154.88031683967444,144.61078784200944,181.96075848841596,189.37123333266382,167.06996646285185,192.5121792200187,155.57903989134985,176.97200487419096,188.79961997460182
5016,131.53979314307094,154.90930973995683,144.6385614279416,181.9904739798584,189.4087329257056,167.10420292581375,192.5481287861144,155.6084602395441,177.00884421406462,188.83612308223607
5017,131.56574945885964,154.93830207079992,144.66633397729413,182.02018290822068,189.4462305133077,167.13841524524534,192.58407849334498,155.63787786210122,177.04568216645168,188.8726221276337
5018,131.5917100352863,154.96729437224923,144.69409993060248,182.04987495372853,189.48371965195165,167.17261122223792,192.62002883668856,155.667291994593,177.08249543467596,188.90912111684347
5019,131.6176766462098,154.99628477319132,144.7218656929296,182.07954303638596,189.521198926564,167.20679350707786,192.65597954820186,155.69670569488423,177.11931232673336,188.94561307831677
5020,131.64364633591654,155.0252751877933,144.74963189428064,182.10921945714009,189.5586868208002,167.24097338088424,192.69193030648967,155.72611908639473,177.15613050695177,188.98210369497977
5021,131.6696298510975,155.05426516965716,144.77739834971288,182.13887394368527,189.59617593952245,167.27514345818426,192.7278808448801,155.7555329970044,177.19292517458095,189.01858801209724
5022,131.69562316395144,155.083254637333,144.80516500350302,182.16853065265795,189.63366056102439,167.30930956296245,192.7638303084218,155.78494688707363,177.22972189767154,189.0550742449224
5023,131.72161881800307,155.1122441821672,144.8329326030752,182.19820390699255,189.6711605463213,167.34347604713182,192.79977910710116,155.81436157515884,177.26652167662706,189.0915625618324
5024,131.74760792196253,155.14123375449148,144.86070449031627,182.2278948967628,189.7086740617958,167.3776260420774,192.83572715017317,155.84377827327106,177.30333163151727,189.1280511410402
5025,131.77359838081793,155.17022587025198,144.88848162529624,182.25759054043823,189.74618959734374,167.4117604326768,192.87167559339113,155.87318960416317,177.34014335240812,189.16453898455316
5026,131.79958225943386,155.1992201574371,144.91626068906706,182.28729037749383,189.78370398088305,167.44589054168753,192.90762413325658,155.90260035105825,177.3769543970365,189.2010280203282
5027,131.82554725733826,155.22821648425656,144.94404021106135,182.31701782854165,189.82122824644574,167.48003439003452,192.94357240369797,155.93201329580765,177.41379550083155,189.2375176282463
5028,131.8515142427061,155.25721505348815,144.9718229092035,182.34675539609725,189.85875816045808,167.51418966836434,192.97951951839508,155.96142745564754,177.45064288466904,189.27400504363334
5029,131.87748646720837,155.28621427546017,144.99960833460798,182.37648369797685,189.8962888533635,167.5483516923434,193.0154675087364,155.9908430180104,177.48748286941122,189.31048616304034
5030,131.90346217507627,155.31521341959564,145.0273939654036,182.40621494231195,189.93381672332598,167.58251688080526,193.0514158569289,156.0202618538264,177.52431239134748,189.34696113615323
5031,131.92942954371875,155.34421208405897,145.05517734189033,182.4359470231212,189.9713299363268,167.61668120253518,193.0873645761532,156.0496815756654,177.5611415098238,189.38343905560404
5032,131.95538682339364,155.37320860845327,145.08295560578105,182.46568509549408,190.0088351033558,167.65081297658065,193.12331369424487,156.0791019448885,177.5979778256118,189.4199183875673
5033,131.98133853963546,155.40220368677637,145.1107327444438,182.49542401721442,190.04633785677737,167.68492744110722,193.1592628733221,156.10852430326395,177.63482873298918,189.45640085697192
5034,132.00729485963734,155.43119827086156,145.13851020867864,182.5251613746577,190.0838319785847,167.71902193752769,193.19521164847166,156.13794859865558,177.6716815758728,189.49288683336732
5035,132.0332635076356,155.46019297508062,145.16628523958863,182.55490502674192,190.12133092899757,167.75310542387854,193.2311601329347,156.16737348247082,177.70854738815186,189.52937849636297
5036,132.05923514137092,155.4891879581129,145.1940602695838,182.58464943697476,190.1588312530076,167.78719185708815,193.26710867118737,156.19679802175267,177.7454182626845,189.56587142490554
5037,132.08520145264583,155.51818311769838,145.2218277029024,182.61441283435016,190.1963331004507,167.82128167154823,193.30305814277617,156.22622348087273,177.78228357375087,189.6023634328523
5038,132.11117752965202,155.54717681022052,145.24959087071974,182.64418370149448,190.2338381500579,167.85537181413105,193.3390078965238,156.25564974070699,177.8191500118731,189.6388556008233
5039,132.13716305243602,155.57617139100557,145.27734632429184,182.67394269889405,190.27134308697305,167.88944990905728,193.37495780200928,156.2850762155646,177.85602262731916,189.67534474230732
5040,132.1631579378236,155.60516656273236,145.305104919396,182.70365028217455,190.3088444227728,167.92353223617843,193.41090826592364,156.31450344252346,177.89289789333387,189.71183044637036
5041,132.1891598521796,155.63416166062794,145.3328653669589,182.73336125329564,190.34635594323703,167.95761670325513,193.44685876299243,156.34392719434683,177.9297801208695,189.74831578772583
5042,132.21516611729118,155.6631555918911,145.36062336331153,182.7630504856001,190.383869436089,167.9917120808945,193.4828077259166,156.3733576665669,177.9666649278627,189.78480583394733
5043,132.2411557179212,155.69214935418165,145.38837607483472,182.79274005223377,190.42138176983923,168.02581056405094,193.5187556685002,156.4027940536341,178.0035430372059,189.82129647870332
5044,132.26714041974643,155.72114325544743,145.41612327629377,182.822426939145,190.45889510347988,168.05990096213463,193.55470473488418,156.43223392199022,178.04042477048088,189.85778153802346
5045,132.29312839394717,155.75013675129807,145.4438723641245,182.85210696142826,190.49640666615505,168.09398651054906,193.59065515217213,156.46167485022522,178.07732205840026,189.89426334282373
5046,132.31911612574854,155.77912969968233,145.4716226350918,182.88180449535636,190.53391574131172,168.12806356576274,193.62660648521316,156.4911122805207,178.11422485350306,189.93074107950375
5047,132.34510840427734,155.8081231494315,145.49937781974407,182.9115091728773,190.57142150101052,168.16215395099246,193.66255907670399,156.52054637292278,178.15112650264763,189.9672162685657
5048,132.37744248541313,155.84152367703393,145.5323457071216,182.94515087482367,190.60877690233184,168.19724804155766,193.69848612625236,156.55409781473907,178.1879189542386,190.0036247450679
5049,132.4949783550457,155.9595074541825,145.65014777537573,183.0632359451967,190.72791776962794,168.3159431151506,193.81742702430023,156.67214497585746,178.30698100857242,190.1226330428893
5050,132.49833541760583,155.96517983954007,145.6552284730531,183.06908016770836,190.74018289408235,168.32522554610952,193.82819803154499,156.67772763001074,178.3184162964531,190.13367718326646
5051,132.52228312678525,155.99214062380418,145.68144424737727,183.0962668707533,190.77531450438784,168.3567090725924,193.86151595818336,156.70457624062564,178.35254664902382,190.1673294311113
5052,132.54828857141055,156.02123151712357,145.70977896751927,183.1255830532651,190.81274356410083,168.3904223214054,193.89708694448782,156.73355166323248,178.38894325574512,190.2032441883943
5053,132.5744940809053,156.05053616236978,145.73832251095791,183.15508530709116,190.8504024142585,168.42434550833266,193.93288238799042,156.76274000120608,178.425586485384,190.2393856566665
5054,132.6007136471109,156.07986160871056,145.76689006871652,183.18459680459705,190.888077627223,168.45829042356186,193.96870111225363,156.79195094067265,178.46226288025093,190.27554920355823
5055,132.62693358387278,156.10918932891002,145.79546833720607,183.21407913298535,190.92575167320211,168.49224209687452,194.0045226930298,156.8211641945312,178.49895208653783,190.31171693626717
5056,132.65313626117904,156.1385176071098,145.82404969245994,183.24356296841972,190.96341926655376,168.52620739173778,194.04034453244438,156.85037750279471,178.53564470843978,190.34788646153288
5057,132.67933108525264,156.16784217592377,145.85263552720312,183.27304365433912,191.0010728378841,168.5601765658142,194.0761661687826,156.87959217226873,178.57234701910386,190.3840604392837
5058,132.70553940539332,156.19716369799795,145.88123659112233,183.30252565020461,191.03871891264825,168.59414034611447,194.11198710321378,156.90880740661143,178.60905866926083,190.42023616377526
5059,132.73175515793045,156.2264853512296,145.90985205699965,183.3320023656672,191.07636066928924,168.62810100893765,194.14780724936833,156.93802298883656,178.645785584493,190.45641275062158
5060,132.75795894992487,156.25580647917056,145.93848242170725,183.36146155813955,191.11400725732528,168.66206032073762,194.1836253347343,156.96723663202252,178.6825162509607,190.49259089526805
5061,132.784167470775,156.28512140104482,145.96711797643147,183.3909195557293,191.1516548748571,168.69601710249452,194.21944322036885,156.99645116798058,178.71924374494697,190.52876990030305
5062,132.81038617616036,156.31443371130462,145.99574636532313,183.42038090237588,191.18931053227226,168.7299683244178,194.2552603882256,157.0256660320323,178.7559694399941,190.5649515728658
5063,132.8366192499327,156.34374838798627,146.02436295914805,183.44982651584874,191.22696665010182,168.763902107812,194.29107616384508,157.05487916705303,178.7926973648328,190.6011350750206
5064,132.86285895706797,156.37306436025602,146.05296345911256,183.47929458941763,191.26460170837348,168.7978321702711,194.32689360505918,157.08409047176312,178.8294184006865,190.6373192316978
5065,132.88908513232363,156.40238085069086,146.08156687823742,183.5087687905901,191.3022231733308,168.8317624703909,194.36271362684082,157.11330207985313,178.86613311221598,190.67350309509135
5066,132.91531967857964,156.4316975710283,146.11016304784354,183.53824131195972,191.33985035397902,168.86569396622602,194.39853410807228,157.14251227529977,178.90283745218005,190.70968571515957
5067,132.94156350010422,156.4610132511431,146.1387497177953,183.56769501101698,191.37748450655812,168.8996238321267,194.43435283226077,157.17172021184305,178.93954561736706,190.74587085232227
5068,132.96782104280547,156.49033022668192,146.16732260311136,183.59714996447764,191.4151300779824,168.93353775378853,194.47016952584187,157.2009283321733,178.9762544021129,190.78205645705455
5069,132.9940944576695,156.519647825391,146.19589207350054,183.6266167340531,191.4527846465121,168.96744070463504,194.50598640577667,157.23013648990477,179.01294678867592,190.81824266879093
5070,133.0203925988796,156.5489648493221,146.22445658592846,183.65609924917433,191.4904402877861,169.00134486957774,194.54180578794518,157.25934458636306,179.04963283522025,190.85442901142795
5071,133.04670420947605,156.5782829673129,146.25302249692461,183.6855865555433,191.52808863784006,169.03524959576544,194.577626393426,157.28855043443718,179.0863206981349,190.89061729850835
5072,133.07298335987238,156.6075963632141,146.28157743068314,183.71506710695706,191.56572398189013,169.06914247515425,194.6134485413995,157.3177560001957,179.12300071985769,190.92680846838005
5073,133.0992548646081,156.6369092149734,146.3101285425617,183.74453396274035,191.60336004646362,169.10303649362805,194.64927107853208,157.34696102132284,179.15967437005824,190.96300019158232
5074,133.12552311940001,156.66622463426538,146.33869138972952,183.77400151234423,191.6409966520747,169.13691978975925,194.6850943831836,157.37616482890326,179.19635032750443,190.9991932759218
5075,133.1517721510891,156.69554138353294,146.36726870941305,183.80346899937152,191.67863058125667,169.1707994835192,194.72091805030905,157.405368916552,179.2330300932426,191.03538699716512
5076,133.1780220601218,156.7248642745406,146.39585019364682,183.83292238962431,191.7162497662178,169.20466097807173,194.75674167178178,157.43457456156116,179.26970956976083,191.071580763378
5077,133.20427792073696,156.75418986034447,146.42444053443825,183.86235542008612,191.75387704710118,169.2384963417789,194.79256522634202,157.463781867451,179.30637691260773,191.10777652441294
5078,133.23054187983635,156.78351562893215,146.45304361206635,183.89178408452335,191.79150500667217,169.27233835089777,194.828389671714,157.4929914915044,179.34303349751605,191.1439774827717
5079,133.25682294830324,156.81284389833814,146.48165071232847,183.92122077803626,191.8291171689353,169.30619435329152,194.86421507251427,157.5222020013528,179.37968676174555,191.18017967243597
5080,133.28311049787476,156.8421744529512,146.51025030162955,183.9506841091359,191.86672904337803,169.34005326276218,194.9000412592545,157.55141186186583,179.41634350236768,191.21637972966184
5081,133.30939665637166,156.87150522807968,146.5388427599662,183.98015696489404,191.90434144584057,169.37388949491987,194.9358676187258,157.58062232073723,179.45300082433383,191.2525780329594
5082,133.33567899907823,156.90083555868256,146.5674413279629,184.0096317168555,191.9419442134771,169.40772869393012,194.97169399608921,157.60983516067742,179.48965308316977,191.28877558670254
5083,133.36194298618818,156.93016619449102,146.5960440800232,184.03909069668782,191.979547259911,169.44156966315583,195.00752148058768,157.63904867984172,179.52630504496491,191.32497604143455
5084,133.38820220724864,156.95949407939816,146.62465445757968,184.06851053774733,192.01714805791667,169.47540834085723,195.04334927241834,157.6682631912447,179.5629406430104,191.3611770821052
5085,133.41445120817855,156.9888173116609,146.65326870440953,184.09793328912235,192.05476045820367,169.50924895397628,195.0791775675099,157.6974784375179,179.59957411234785,191.39737349325495
5086,133.44069617670456,157.0181381027217,146.68189809933725,184.1273464796328,192.0923819444549,169.54307148740855,195.11500725126933,157.726690301983,179.63617730249896,191.43356872901072
5087,133.46693856725963,157.0474612464879,146.71054714293032,184.1567583653642,192.13000506845924,169.57688375361795,195.15083916462882,157.75590270694593,179.67275974103856,191.46976095322972
5088,133.49317253058658,157.07678807670146,146.73920324084304,184.18614826736805,192.16763035810087,169.6106837131361,195.18667349872865,157.7851154826042,179.709340254036,191.50594876682663
5089,133.51939056679495,157.10611728481356,146.7678449144794,184.2155343511872,192.20525609465108,169.6444760972625,195.2225091153731,157.81432831383768,179.74593220916958,191.54213736150152
5090,133.54560151805552,157.13544964704002,146.79648906415426,184.24487766233,192.24287937639863,169.67826744103664,195.25834491384978,157.84354078057237,179.78253747473727,191.5783285850725
5091,133.57181312221218,157.16478884153588,146.82512970128434,184.2741958699434,192.28050234363266,169.71205514239102,195.294180160914,157.8727504391407,179.81915427323528,191.61452052271565
5092,133.59801395966366,157.19413229506858,146.8537522895229,184.30351750719583,192.3181249932507,169.74583700904518,195.33001479487814,157.90196053256173,179.85577699943966,191.65071483667865
5093,133.62421586214862,157.22347880030014,146.88237326408293,184.33284799848514,192.35574390918106,169.77962087412152,195.36584945572187,157.9311717038912,179.8924009751847,191.68690989141606
5094,133.6504162086073,157.25282623869435,146.91099786385732,184.36218202546632,192.39336813485963,169.81341028171937,195.40168306270832,157.96038305080705,179.92902348172717,191.7231035312104
5095,133.67661898487268,157.28217561288457,146.93962770966175,184.39151796635772,192.43099864537902,169.84720203345373,195.4375165701388,157.98959437252003,179.96563617364905,191.75929647650497
5096,133.70284322666302,157.31152619685497,146.9682645886139,184.4208382930752,192.46863010299597,169.88099053412955,195.4733484297816,158.01880482766393,180.00228090063388,191.79548692837992
5097,133.7290841165291,157.34087363491557,146.99690709761,184.45016431281977,192.50625745511067,169.9147734482034,195.50918019169768,158.04801752810275,180.03893894262035,191.83167438568242
5098,133.7553344056252,157.37021989251528,147.02555252513136,184.47947055547075,192.5438745931889,169.94855635245614,195.5450105434874,158.0772313533381,180.0756142674334,191.8678648625352
5099,133.7815875316907,157.39956342000173,147.05418459607728,184.50876614729515,192.5814863857723,169.9823283151238,195.58083989708769,158.10644715908384,180.1122937173288,191.904056205238
5100,133.8078415346331,157.42890901336716,147.08280419995745,184.53806659744237,192.61908987807752,170.01609538807182,195.61666809151515,158.13566386021859,180.14896521486415,191.94024791645705
5101,133.8341002972473,157.45825622487988,147.11141967010096,184.5673504000145,192.65669513348152,170.04985874533253,195.6524959467582,158.16487829959684,180.18563780978562,191.97643979354024
5102,133.86036203539103,157.48760349632886,147.14003191632216,184.59661559974026,192.69430413821195,170.08362125490333,195.68832421957973,158.19409166480233,180.22232134437294,192.0126285749176
5103,133.88661938801962,157.51695155447933,147.16864939893236,184.62584048635196,192.73191182444373,170.11738357193036,195.72415266242115,158.22330589331335,180.25902076276165,192.04881910555127
5104,133.91285720299814,157.5463004963277,147.19727065691617,184.65508865192336,192.76950374661078,170.15114927517251,195.75998080734885,158.25252032647572,180.2957278562643,192.0850111451988
5105,133.93909714069886,157.5756494158961,147.22588874131804,184.6843623854841,192.80708501098778,170.18492133960967,195.7958070710873,158.2817340007208,180.33245570185437,192.12120338090114
5106,133.96532970760015,157.60499985984077,147.25450946061792,184.71364352649655,192.8446690219707,170.21869730884922,195.83163500749268,158.31094734151048,180.36918926144784,192.1573944917098
5107,133.99156480513778,157.6343509685963,147.28311944868318,184.74291600239863,192.88225692005005,170.25247355649162,195.86746322682959,158.3401591565805,180.40591852190724,192.19358481820524
5108,134.01779115526662,157.66369958185265,147.3117166422483,184.77216568387595,192.91985601038118,170.28624530766018,195.9032908065576,158.3693690369749,180.44261976828264,192.22977100186515
5109,134.04400205941042,157.6930508592932,147.34032807819764,184.80138778316126,192.95745775351264,170.32002811431278,195.93911797927353,158.39858147620356,180.47932126955504,192.26595512923143
5110,134.07019277600355,157.7224044372481,147.3689530276835,184.83061732803606,192.99505685949032,170.35381265393252,195.97494511775176,158.42779529857305,180.51602800482237,192.30213924915077
5111,134.0963987555641,157.75176034563202,147.3975829674386,184.85982529337383,193.03265312902258,170.38759506953028,196.01077047121643,158.45701348082002,180.55274484662317,192.33832079079787
5112,134.12261428100575,157.78112005810908,147.42619134987444,184.88901542882795,193.07024178472753,170.42136032272725,196.04659464271518,158.48623378330308,180.58946827499145,192.3745010587621
5113,134.1488348901947,157.81048252564526,147.45479079408588,184.91820865044062,193.10781980507085,170.45511336366144,196.08241753745446,158.51545448847372,180.62620080683863,192.41068123130137
5114,134.17505844184754,157.8398460559344,147.48338176087103,184.94740601335204,193.14539189884465,170.48885985862213,196.1182393020808,158.54467204103966,180.6629401033445,192.44686334927653
5115,134.20128416863247,157.86921264129896,147.51196628933445,184.97655566174433,193.18297025939205,170.5225987082244,196.154061244848,158.57388879042796,180.69967977069086,192.48304571937624
5116,134.22752917503203,157.89858059752737,147.5405550941518,185.00570881826064,193.22054990802786,170.55633014265726,196.18988325367616,158.60310608108185,180.73642865254013,192.51922424266263
5117,134.25378362869768,157.92794725342065,147.5691456643462,185.0348540741842,193.25812529105914,170.59006188263785,196.22570539494177,158.63232347044115,180.7731857605827,192.55539836085205
5118,134.28003062688302,157.95731528374245,147.59772031868386,185.06400987002536,193.2956935418566,170.62376710261398,196.2615274742577,158.66154089600397,180.8099566793583,192.59156433784813
5119,134.30627550931345,157.986677035479,147.62629564856445,185.0931718344249,193.33326108181535,170.6574613990679,196.29734941864,158.69075835093108,180.84673038618587,192.62772955604407
5120,134.33251527265912,158.01603413328786,147.6548688398853,185.1222940256812,193.37081412430024,170.69115315758174,196.33317188570248,158.71997674130967,180.88349966418158,192.66388944892572
5121,134.35875937424504,158.0453894095797,147.68343320596273,185.151410398943,193.4083599129436,170.7248366086104,196.36899440127652,158.74919558208873,180.92028511453398,192.70004763995817
5122,134.3850050773591,158.07474458046605,147.71199939367858,185.18052924736392,193.44589476280532,170.7585225840344,196.40481610795936,158.77841349534577,180.9570894490582,192.73620597159515
5123,134.41125155264533,158.10409577334855,147.74055620762562,185.20965363526904,193.4834231216215,170.79221135106846,196.44063880799328,158.80763212410565,180.99390341922924,192.77236703180293
5124,134.43750219448583,158.13344748909475,147.76911239969758,185.23879085027846,193.52095882557646,170.82590081067463,196.4764618446836,158.83684856203752,181.0307160937748,192.80852858484056
5125,134.46373977198883,158.16279939816147,147.79766214871648,185.2679570939921,193.55850336028183,170.85958091733113,196.51228435182813,158.8660631339168,181.06750060008414,192.8446867695528
5126,134.4899783603388,158.19214806246362,147.8261930289481,185.29713184699503,193.59604935758264,170.89324892417193,196.5481080652089,158.89527782367247,181.1042872650658,192.88084500919263
5127,134.51622980954954,158.22149280779115,147.8547160214556,185.32631207938633,193.63359298388,170.92692691689035,196.58393212236405,158.92449132858326,181.14107247536174,192.91700322039037
5128,134.5424920289782,158.25083429806844,147.88323868492125,185.35549671496656,193.6711351936757,170.96060719916034,196.61975572161734,158.9537014054801,181.17783622975577,192.95315666852107
5129,134.5687570683231,158.28017286493198,147.91176708356622,185.38467029391828,193.70866708135569,170.99428331754982,196.65557628413836,158.9829101845082,181.21460431823715,192.98931025274536
5130,134.59502481102757,158.30951076923577,147.9402977660674,185.41384913165223,193.74619706115797,171.02796192187225,196.69139654986435,159.01211982282283,181.25137165394958,193.02546494471997
5131,134.62127701608784,158.33884857310863,147.96882487107425,185.44300628084096,193.78372660864582,171.0616503550859,196.72721812681186,159.04132923472943,181.28811994215755,193.06162132755858
5132,134.64751023098017,158.3681845625177,147.99735275003715,185.4721726476361,193.8212508922015,171.09535650230924,196.76303998835422,159.07053927409655,181.3248477983358,193.09778232533722
5133,134.67374607517414,158.3975202538378,148.02587702258484,185.50134826558252,193.85877623344786,171.12907185536562,196.7988624573935,159.09974429833795,181.36156646595916,193.13394738549786
5134,134.69997324084386,158.42685414047202,148.05440271459923,185.53052874064693,193.89630163886704,171.16278861899568,196.83468500235014,159.12894949958454,181.3982884780952,193.17011604586293
5135,134.7261974577514,158.45619139605682,148.0829166183972,185.55967289663337,193.9338238823165,171.19650624765399,196.87050607912673,159.1581532934139,181.43500822026837,193.2062883471606
5136,134.75240959777196,158.4855320933277,148.11143174115088,185.58879817625998,193.97135894232724,171.23023348224152,196.9063261777919,159.1873532153332,181.4717001177951,193.24246201624607
5137,134.7786234209463,158.51487369960813,148.1399461930347,185.61789810243673,194.008896867818,171.26396340761218,196.94214388934938,159.21655346366347,181.50837686932456,193.2786357319934
5138,134.8048514209045,158.5442146074069,148.16846365189576,185.64696551152437,194.0464330455166,171.29770471382267,196.97796106816588,159.24575554477045,181.54506894527896,193.31480840428694
5139,134.8311009181959,158.5735556444072,148.1969840526366,185.67598356152558,194.08396956076393,171.3314492218918,197.01377746003843,159.27495833860996,181.58176430285212,193.35098113539706
5140,134.8573670629279,158.60289632226562,148.22549755715877,185.7049697222598,194.12150588985259,171.36517944523345,197.04959508423477,159.30415844137954,181.61845592543767,193.38715364207647
5141,134.88364692793388,158.63223569990456,148.2540137824736,185.7339471231411,194.1590400087662,171.39891013790688,197.0854142793001,159.33335493622036,181.65514782898728,193.42332389240417
5142,134.90993299733645,158.66157624740725,148.2825208633134,185.7629281877432,194.1965660929835,171.43263463919965,197.121234036117,159.36255030856734,181.69184254016085,193.45949390847053
5143,134.93621326857593,158.69091777763796,148.31102868682126,185.79190045656952,194.23409194235663,171.46636242323328,197.15705609769367,159.39174140985955,181.7285379853569,193.49566452569536
5144,134.9624991873552,158.7202582653581,148.3395347383188,185.8208820292813,194.2716235046652,171.50010183135348,197.19287919304216,159.42093099241845,181.76522927795213,193.53183553697468
5145,134.98877645680216,158.74960022277045,148.3680397541241,185.849848259002,194.3091557423547,171.53384433576787,197.22870263357478,159.4501189315921,181.80191092360928,193.5680002866477
5146,135.0150539299689,158.77894290544123,148.39655365482926,185.8787820583458,194.3466824640307,171.56758309808086,197.2645266448148,159.47930785170178,181.83858966994768,193.60416511618175
5147,135.04134657494058,158.80828287156706,148.42507478902667,185.9077168559567,194.38421237839364,171.6013227312194,197.30035154162107,159.50849706857485,181.87526804130047,193.64033009494895
5148,135.06764246690207,158.83761911040818,148.4535994443931,185.93667086065378,194.42175130963915,171.63505887587448,197.3361770883118,159.53768739362965,181.91194297661548,193.67649511070195
5149,135.1000833569899,158.87113795260467,148.4868371945742,185.9700599726166,194.45914318347994,171.67003834539895,197.37198540349087,159.57115601237678,181.94853842262594,193.71261945270848
5150,135.21766408638234,158.98917142188276,148.60475260520582,186.08803895519654,194.57828915692875,171.7886852781548,197.49090967872704,159.68916838780612,182.06757289617852,193.8315879717005
5151,135.22169426692236,158.99451592647867,148.61016833887513,186.09343989858556,194.59062709523351,171.79793732977478,197.5016418323486,159.69486528866975,182.07887883590874,193.84260466252098
5152,135.24653275627585,159.02105662338255,148.63681566603006,186.12006225278407,194.62584164712285,171.82940274711626,197.53491276654196,159.72186248668834,182.11285694966062,193.87621967363648
5153,135.273455399418,159.04971686748942,148.66558969264244,186.14879466552895,194.6633404659957,171.86308660567178,197.57043661088645,159.75099210125907,182.1491170360851,193.91209501288796
5154,135.3005887416361,159.0785887743808,148.69457432717695,186.17774627758706,194.70106402407183,171.8969869922264,197.6061841661906,159.78033885074512,182.1855960258532,193.94819435229894
5155,135.3277419834549,159.10748151237215,148.723579252068,186.20672796729698,194.73881574910524,171.93090666811395,197.64195429460443,159.80970734525198,182.2221046463397,193.9843130269477
5156,135.3548719080722,159.1363758549868,148.7525876462098,186.2357143745712,194.77657266153867,171.96484200016008,197.67772745524155,159.83907744762018,182.25862044483185,194.02043293548041
5157,135.38199016310094,159.1652713291091,148.78159692151615,186.26468689717734,194.81434269308085,171.9987818068537,197.7135009335055,159.86844785666088,182.29515710659032,194.05655289292187
5158,135.40910363930573,159.19416746291952,148.81061055353317,186.29367103365686,194.85212032307362,172.03271410568166,197.749276489763,159.89781543481774,182.33169850061668,194.09267474602717
5159,135.43622071020644,159.22306210168333,148.8396269741166,186.32266093359777,194.8898989198322,172.06664072468425,197.78505284737156,159.9271804106937,182.36822560082183,194.12879720117277
5160,135.4633071658886,159.25195676940285,148.86864031041296,186.35162106211678,194.9276811999209,172.1005677986993,197.8208301618347,159.95654636302714,182.40474232343954,194.16491798917775
5161,135.4904099787203,159.28085151431,148.8976409783251,186.3805816601061,194.96546444700016,172.13447424096165,197.8566078317548,159.98590676810142,182.44126566905922,194.20103856660995
5162,135.51752292285036,159.30974530878663,148.926657093389,186.40946613203766,195.00324325558276,172.16838067453713,197.89238514008022,160.01526333139037,182.4778072482931,194.23716070177275
5163,135.54461170708709,159.338639091932,148.95567907338636,186.43834766357492,195.04101757561807,172.20227220064143,197.92816153692917,160.04461987095237,182.51435304168314,194.273284219523
5164,135.57171603612943,159.36753348695603,148.98470398420955,186.4672322187316,195.07878915525635,172.23617205115082,197.9639377888814,160.07397992072177,182.55089556279273,194.30940855827916
5165,135.59883170300955,159.39642821309744,149.0137320542468,186.49610269127757,195.11655016137175,172.27007485848426,197.99971418084414,160.1033429857376,182.58745223236974,194.34553340312843
5166,135.6259560268168,159.42532329492875,149.04275885474397,186.52495568021627,195.15430598555034,172.30397752022307,198.0354923415704,160.13270668446168,182.6240193686997,194.3816616618641
5167,135.65308411394093,159.45421942001855,149.07178886331045,186.5537964343071,195.19205338865876,172.33788128253332,198.07127101187143,160.16207046198326,182.660610325277,194.41779088680696
5168,135.68020439465008,159.48311595548154,149.10082068703042,186.5826308197944,195.22979349240933,172.37177974827233,198.10704951889744,160.1914339485202,182.69720640624098,194.45391965578906
5169,135.70732213878617,159.512012539605,149.12985056483424,186.6114568478241,195.26752750139775,172.40565921216918,198.14282851863481,160.22079747832626,182.733800923128,194.49004863121505
5170,135.73441862749925,159.54090878156828,149.15888270733228,186.64027129906628,195.30524866828623,172.43952133753635,198.17860835838025,160.25016140775256,182.77040935876616,194.5261776137223
5171,135.7615111783081,159.56980424992554,149.18790847776393,186.6690668475687,195.34296479072938,172.47337076487227,198.214390481052,160.2795225745779,182.80703948267637,194.56230352767278
5172,135.78859410291304,159.59869988608867,149.21693068172561,186.6978466557121,195.38069010895296,172.5071992324445,198.25017316137226,160.30888278015374,182.84369442168173,194.59842437408867
5173,135.81567770931437,159.62759589526135,149.24596932880502,186.7265885052545,195.41842796981797,172.54100542998705,198.28595559528367,160.33824155909355,182.88037567024924,194.63454078322346
5174,135.84276760851552,159.6564922969841,149.27501614537383,186.75533584512684,195.45616852886974,172.5748216389282,198.3217394410173,160.36759786426475,182.9170676673106,194.67065785427533
5175,135.86986315996197,159.68538874943525,149.30406458383925,186.78409373227694,195.49390808508008,172.60864074095636,198.35752525080932,160.39695127736795,182.95376753543817,194.7067770477379
5176,135.89696563138756,159.7142851558433,149.3331106762223,186.8128568402056,195.53165358268046,172.642456767294,198.39331220072114,160.42630485920645,182.9904684562369,194.74289676419266
5177,135.92407203247333,159.7431811622293,149.36216069519557,186.8416452181423,195.5694036091523,172.67627345747732,198.42909916105472,160.45566100024777,183.02715936467544,194.77901595885828
5178,135.9511643706217,159.77207681382967,149.39121742604124,186.8704507470901,195.60715330249155,172.71008234308837,198.46488370541192,160.48501813363393,183.06383758667997,194.8151349961188
5179,135.97822402781722,159.8009717076215,149.42027719322633,186.89926079214456,195.644894335336,172.74390261118387,198.5006681125291,160.51437394626424,183.10051408328667,194.8512512402923
5180,136.00525471439886,159.8298667179488,149.4493330775993,186.9280594829911,195.6826313873243,172.77772952427154,198.53645228538767,160.5437307177836,183.13718246834642,194.88736334390416
5181,136.0322863647277,159.85876176098344,149.47838474890992,186.95686437030474,195.72036434942964,172.81156219594195,198.5722382369486,160.57309147062657,183.1738496297022,194.92347214937718
5182,136.05931924944701,159.8876570191623,149.50742813804624,186.98563425910478,195.7580864388639,172.84540368313608,198.60802484087296,160.60245406811407,183.2104872443489,194.9595815990678
5183,136.08635601130533,159.91655114284853,149.53647829127246,187.0144176636053,195.79581539659074,172.8792471646869,198.64381134128828,160.6318169027253,183.24711909426873,194.99569174598093
5184,136.11338935550205,159.9454453546909,149.56553121351362,187.0432122574052,195.83355326628282,172.9130783835564,198.67959680123437,160.66117877925547,183.28375021557784,195.03180126735543
5185,136.14039845756005,159.97433899217518,149.5945708284547,187.07199763457044,195.87130118669737,172.94689326619215,198.715383114039,160.69053945113475,183.32039531260762,195.06790754877338
5186,136.16741699502077,160.00323141976926,149.62360388280933,187.10078469091536,195.90905284222254,172.98070156632394,198.75116955238147,160.71990103034648,183.35705733291633,195.10401384721345
5187,136.1944437661061,160.03212384642958,149.65263915152767,187.1295709664722,195.94680511053693,173.01450530636615,198.78695519223655,160.74926290676,183.3937272037044,195.1401205335264
5188,136.2214724370373,160.0610169305975,149.6816681958269,187.1583648760806,195.98456455519926,173.04830967215898,198.82273906607452,160.77862232116195,183.43039674843985,195.1762279673091
5189,136.248498593518,160.0899109014781,149.7107006420901,187.18714035163478,196.02232581895558,173.0821123485196,198.8585231773973,160.80798259568812,183.4670506847922,195.21233562906022
5190,136.2755286983947,160.11880515391042,149.73971727633435,187.21591144848406,196.06008720005957,173.115903023865,198.89430778228498,160.83734129991706,183.50369043922657,195.24844249678722
5191,136.3025747103373,160.1476992854242,149.7687365004449,187.24468913426037,196.0978484205502,173.14968906883158,198.93009179636155,160.86670023673102,183.54032619666438,195.2845493054293
5192,136.32962606573275,160.17659414148093,149.79775065330142,187.27347171930413,196.13560220665485,173.1834888868942,198.9658757144818,160.89605833128311,183.57694311078083,195.3206567630119
5193,136.35667369607438,160.205489595178,149.82676728656102,187.302242451565,196.17334056011347,173.21729713802807,199.00165922768716,160.9254165369136,183.61355898905376,195.35676538885912
5194,136.38369862197655,160.23438490024137,149.85578793473422,187.33102934727722,196.211073981723,173.25110700558403,199.03744398378765,160.9547727763556,183.65017391591925,195.39287488664678
5195,136.4107062688517,160.26327986653908,149.88480062229905,187.3598207015769,196.2488139448762,173.28491832563688,199.07322908011014,160.9841260754829,183.68678407270534,195.42898517684662
5196,136.43771699266716,160.29217497326073,149.91380984647446,187.38861538177423,196.28655719970735,173.31872925637015,199.10901374439658,161.01347743286476,183.72339718952128,195.4650977298014
5197,136.46470949601684,160.32106934939983,149.94282448688097,187.41736942073211,196.3242997155198,173.35251605393546,199.14479896448864,161.04282722959545,183.76000988543927,195.50121045350986
5198,136.49169308705197,160.3499632445373,149.97183403211588,187.4461421346937,196.362036984115,173.3862945634975,199.18058424821345,161.0721779884905,183.7966188712847,195.53731786958193
5199,136.51867431512252,160.3788559674984,150.0008509268953,187.47493101775788,196.39977590676074,173.42007202424372,199.2163685783753,161.10152812868668,183.83322867133728,195.57342710640168
5200,136.5456446115602,160.40774849543547,150.02987321848326,187.50372518084538,196.43751437608304,173.45386497381932,199.25215402284357,161.13087793959554,183.8698369606006,195.60953779810743
5201,136.57260296493118,160.43664031032137,150.05890084305804,187.53250151754378,196.47524745662597,173.48766278780127,199.2879399241106,161.16022881911712,183.90644437579098,195.64564919717847
5202,136.59955670501066,160.46553229207646,150.08793057635532,187.5612832896448,196.5129741804754,173.52145157196836,199.32372695134893,161.18958086835468,183.94305675138924,195.68176294322757
5203,136.6265026868072,160.49442435629825,150.11696108905906,187.59008365700984,196.55069236730975,173.55524309093104,199.35951506469723,161.21893452650838,183.979671704276,195.71788013399947
5204,136.65342979241527,160.52331593956492,150.14600226776733,187.61889293048304,196.58841489604316,173.5890344221744,199.39530431885245,161.24828870458327,184.01628279001363,195.7539981293218
5205,136.68036115872204,160.5522072320154,150.17505036509806,187.64765497000187,196.62614087441435,173.62281040560592,199.43109381491124,161.27763787724376,184.05288073473827,195.79011606072848
5206,136.7072864096608,160.58109813987144,150.20410183401978,187.67639367500527,196.66387207708758,173.6565938115793,199.46688274975753,161.30698411294716,184.08947837981063,195.82623626001796
5207,136.73421626966132,160.60998910556316,150.23312848287767,187.7051251731615,196.70160572352125,173.69037874806534,199.50267111363527,161.33632672341702,184.12606037559326,195.86236026279093
5208,136.76114186900548,160.63887971515933,150.2621449672887,187.7338589670297,196.7393402893085,173.7241535083377,199.53845743318712,161.3656698243941,184.16261674429887,195.8984891019771
5209,136.78807342026585,160.66777041165693,150.29116360469888,187.76259105180944,196.77707471175594,173.75794166082235,199.5742434524361,161.39501329562464,184.1991804999832,195.93462100350516
5210,136.8150138309333,160.69666076186007,150.3201963363334,187.79132735457833,196.8148167344072,173.79173394293178,199.61002857334393,161.42435379608844,184.23574783834513,195.97075450614048
5211,136.84195658021133,160.72555121697215,150.34923323065345,187.82004397502183,196.8525608001065,173.82552971469832,199.64581361643909,161.45369083123495,184.2723178725854,196.00688849439638
5212,136.86889418626575,160.75444170949234,150.37827956044816,187.84877333932363,196.89030031474078,173.85933619566293,199.68159712208808,161.48303081176073,184.3088974082394,196.0430223983582
5213,136.89581776882403,160.7833307140966,150.40733412708033,187.87754376910536,196.9280486583547,173.8931449692032,199.71737959709245,161.51237237369187,184.34547869113453,196.07915466755475
5214,136.9227333595936,160.81222017074703,150.43639590806893,187.9063298206408,196.96580528221253,173.9269382037792,199.75316219627769,161.54171035090224,184.3820665531807,196.11528731807127
5215,136.94965869820592,160.84111046478776,150.4654620808256,187.93509019226957,197.0035706255216,173.96073355534486,199.7889448612272,161.571044305333,184.41866207636298,196.1514201884768
5216,136.97658860792873,160.87000120300368,150.49450085527351,187.96384539852707,197.04133827520778,173.99454664498697,199.82472613584636,161.60037665845363,184.45525874641868,196.18755127238026
5217,137.0035199559637,160.8988927493894,150.52352964163208,187.9926045110426,197.0791054910187,174.028364257358,199.86050797543783,161.6297085918041,184.49184881255186,196.22368246791538
5218,137.0304448471461,160.92778500535303,150.55254811028593,188.02136647222594,197.1168684250811,174.06216703370842,199.8962905029085,161.65904067305686,184.5284255841046,196.25981436008433
5219,137.0573774229885,160.95667849952653,150.58156680208677,188.0501286141558,197.15463791718355,174.09596812865027,199.93207344103322,161.6883710748367,184.5650228699779,196.29594644395672
5220,137.08431370473517,160.98557266706717,150.61058766331908,188.07890164658716,197.19241469790234,174.12976952252035,199.96785820848393,161.71769740094726,184.60163383434545,196.33207847748324
5221,137.11125710813698,161.01446719849142,150.63960985685935,188.1076804904784,197.23019254648273,174.16357358729195,200.00364343938472,161.74702196303826,184.63825085371303,196.36821069184
5222,137.1382071292729,161.04336208413108,150.66863336714133,188.13645018786116,197.26796502603568,174.1973828067933,200.03942917908918,161.77634322513444,184.67486894815104,196.40434358707844
5223,137.16516097825644,161.07225737530382,150.69766992167985,188.16518826166384,197.30572140694346,174.2312042999071,200.07521600452628,161.80566207040437,184.71150006384664,196.44047632141522
5224,137.1921288934859,161.1011532383756,150.72671449970954,188.1939319715777,197.34348912081217,174.26502940886465,200.11100290935042,161.834978679297,184.74813564750244,196.47660803802404
5225,137.21910247182024,161.13004986337899,150.75577245820008,188.2226770471481,197.38126634565228,174.29885541538863,200.14678813055846,161.864295949547,184.7847714252304,196.51273840581976
5226,137.24607678803406,161.15894677047072,150.78483507367795,188.2514274951056,197.4190573091544,174.33268357493543,200.18257077251508,161.8936116168781,184.82140916585354,196.54887121901416
5227,137.27305748619443,161.18784310201417,150.81389594993243,188.28021060085047,197.45685786869566,174.36650942486781,200.21835325392937,161.92292681322385,184.85805509006036,196.5850046894313
5228,137.30004542335755,161.2167389974074,150.84296954921876,188.30901988102113,197.49465880418262,174.40033002868785,200.25413567326888,161.9522416745693,184.89470203244207,196.62113892336606
5229,137.32700369887323,161.24563568001707,150.87206128297098,188.33784110084636,197.53244805666924,174.4341508978512,200.28991795684223,161.98155748141716,184.93134096399294,196.65727384198004
5230,137.3539587784096,161.27453262324988,150.90115941165107,188.36666539540676,197.57023435030774,174.4679723446378,200.3257002165267,162.01087368865927,184.96798054438693,196.69341058613182
5231,137.3809171587428,161.3034290211375,150.93025648331314,188.39551477283447,197.60802032448822,174.50179416194445,200.36148084768263,162.04018871293096,185.00461969163325,196.72954768076
5232,137.40787877418248,161.33232625658462,150.95936497185863,188.42437951115755,197.6458002787623,174.53560868127218,200.39725977262236,162.0695020383086,185.04126065467906,196.76568316544285
5233,137.43482834454505,161.36122391653547,150.988475715108,188.45325143225676,197.68357883818794,174.5694321672051,200.43303737282127,162.098814576076,185.077899546266,196.80182059587344
5234,137.46175768499754,161.39012096342603,151.01758068569484,188.4821399972105,197.72134981654165,174.6032591627603,200.46881538117174,162.12812797298542,185.11453915567967,196.83795883576067
5235,137.48864194811702,161.4190181355701,151.0466822614863,188.51103705391952,197.7591297243984,174.6370794017068,200.5045944627045,162.15744331090383,185.15117851234834,196.87409723160155
5236,137.51553771327414,161.44791430673484,151.07577724848397,188.53994824897543,197.7969111209212,174.67090484922738,200.54037415379415,162.18675943613056,185.1878102290111,196.9102361501204
5237,137.54243887570902,161.47681064824886,151.10487207724276,188.56888603544203,197.83468681381012,174.70474928095385,200.5761545587833,162.2160754210264,185.22442007617354,196.94637520323667
5238,137.56935678548436,161.50570706210664,151.13398748697978,188.59783435458678,197.87246683799046,174.73861769667403,200.6119351308132,162.24539010094068,185.26104429781597,196.98251392503315
5239,137.5962857222257,161.53460383861628,151.16312261559932,188.62675844621188,197.91024798589106,174.7724917732465,200.64771535524525,162.2747016133781,185.29767079860036,197.0186521775546
5240,137.62320978736597,161.56350080452808,151.19226940927098,188.65567853323518,197.94802892114996,174.80637243661118,200.68349452749433,162.30401167873353,185.33428205728436,197.05479236326295
5241,137.650111237015,161.59239834318288,151.22142699679856,188.68457452405076,197.9858073742079,174.8402575808702,200.71927191544273,162.3333254203194,185.37089291901958,197.0909333050466
5242,137.67700748440208,161.62129673815076,151.25058855878635,188.71345639984614,198.02357974245027,174.8741390857192,200.75504944590196,162.36264433866663,185.40749662142758,197.12707456729453
5243,137.70391028560977,161.6501953886518,151.27975334931898,188.7423691567264,198.0613496097117,174.90801189257007,200.79082737413307,162.39196569111022,185.44411749796853,197.16321575832396
5244,137.73081731225253,161.679094058324,151.3089400053534,188.77130030245542,198.09911585968013,174.94186978548143,200.8266051770109,162.4212875001153,185.48074459934946,197.1993585512408
5245,137.7577265290703,161.70799290445524,151.33813425956743,188.80024894968852,198.13688124481064,174.97571893581573,200.86237977022247,162.4506080737264,185.51737142070684,197.23550207955765
5246,137.784625889694,161.7368923080877,151.36731323960856,188.82920491115615,198.17463363775107,175.0095605297471,200.89815281036542,162.4799300742517,185.55400160617984,197.27164515938134
5247,137.81149974495276,161.76579260491562,151.39649374777403,188.85814573091494,198.21238341596643,175.04340207838456,200.9339257031743,162.5092529962483,185.5906367497505,197.30778890051445
5248,137.8383635351999,161.79469365931996,151.425679705755,188.88709477785966,198.25013629170877,175.07724497177097,200.96969721233032,162.53857187455233,185.62727169432674,197.34393182075328
5249,137.86520837223048,161.82359497373687,151.45486602233996,188.91604694871742,198.28788641567755,175.11108798992635,201.00546927040278,162.56789112059485,185.6638983392139,197.38007097577616
5250,137.89205568137984,161.85249636538066,151.48405028258597,188.94501140352958,198.32563521787813,175.14492672366302,201.04124146543344,162.5972101292106,185.7005116948143,197.41621045867984
5251,137.92469854610553,161.88586463962386,151.51750572183198,188.9784038589518,198.3632144216087,175.17993941393587,201.07699915812282,162.63072280410753,185.73705050919312,197.452311473811
5252,138.0423641048459,162.00383487036154,151.63551256187085,189.09638424578466,198.48238662124206,175.29860029940602,201.19591634621042,162.74875368311982,185.85607705431727,197.57127672704047
5253,138.04647384733195,162.0086323037279,151.64123040482298,189.10195832255664,198.49435968994254,175.30775776202992,201.20707342019406,162.75411385071996,185.86720376875766,197.58211036065327
5254,138.07143790393621,162.034465310725,151.66823956908215,189.12878382080623,198.52913399537368,175.33909541303456,201.24086348692032,162.78067462112566,185.90095371081011,197.6155060015955
5255,138.0984950446967,162.06240147020478,151.69737859902241,189.15773382202354,198.56619155505007,175.3726524453889,201.27691623371658,162.80935574613926,185.93697213387034,197.65115933807843
5256,138.1257637183174,162.09054599524936,151.72676051920186,189.18689218083236,198.60348221901958,175.40643053377,201.3131947968953,162.83824883747155,185.97322095192933,197.68703812846547
5257,138.1530512498511,162.11871398098594,151.75617213814004,189.21607792881522,198.6407926577404,175.44022802944153,201.34949680729943,162.8671629620367,186.00950133290618,197.72293898473703
5258,138.18033494267982,162.14688623076535,151.78558445548123,189.2452705633216,198.67811131312487,175.47403897923158,201.38580177579627,162.89607875876993,186.04578486065878,197.75884282798987
5259,138.20762137961287,162.1750631631512,151.81499992653627,189.2744412908656,198.7154350846598,175.50787422557855,201.42210698105802,162.92499441461146,186.0820565501343,197.7947470857482
5260,138.2349100644084,162.20324189102692,151.84441757841478,189.30361809383868,198.75276517379896,175.5417202346404,201.45841145968208,162.9539103673998,186.11832279762527,197.8306513193463
5261,138.26220031334057,162.23141988519657,151.87383011984943,189.3327462297594,198.79009768131544,175.57557179336737,201.494715137418,162.98282663187493,186.15458514828356,197.86655539905703
5262,138.289490447458,162.2595977570326,151.90324532522064,189.3618763401322,198.8274334931368,175.60943005837646,201.5310188806356,163.0117432752204,186.19084669078157,197.9024578270579
5263,138.31678830181244,162.2877752738287,151.93266135762286,189.391007302409,198.86476923735552,175.64328902493847,201.5673226385632,163.040660164609,186.22709098503202,197.93836195613596
5264,138.34404175580565,162.31595692235814,151.9620690180286,189.42013061393737,198.90210284243216,175.67712133561685,201.6036266180088,163.06957712120897,186.2633353130962,197.97426809068187
5265,138.37130394236144,162.34414038267548,151.99148161755537,189.44923815271179,198.93943691586946,175.71096250845497,201.63993151950794,163.0984939470011,186.29957492743358,198.01017464168694
5266,138.39857119573253,162.3723223963711,152.02089762917512,189.4783779288903,198.97675802150255,175.74481075826924,201.6762366241966,163.12741107092077,186.3358166274019,198.04608071860906
5267,138.42584168500866,162.40050491230394,152.05030134997293,189.50753244378924,199.01406864770834,175.7786654419559,201.71254232008786,163.15632837103774,186.3720576115516,198.0819868407134
5268,138.45311588518055,162.4286872636324,152.07970601385253,189.53665198973204,199.05137810449366,175.81252317918788,201.74884850847303,163.18524571385672,186.40828658177,198.1178926619577
5269,138.48037999802173,162.4568667370349,152.10911172988966,189.56575461883588,199.08868235742275,175.84638578774818,201.7851547832712,163.21416286498277,186.44451507622173,198.1537963069526
5270,138.50764569597735,162.4850455451114,152.13851700194712,189.5948663334787,199.12599095171737,175.8802496889351,201.82146094234918,163.24308023001623,186.48073762862666,198.1896984227967
5271,138.53491162013677,162.51322561093193,152.16792784719954,189.62400017181915,199.16330540762354,175.9141090647479,201.8577669553821,163.27199776422665,186.5169510304915,198.22560143409032
5272,138.56218846420242,162.54140640248824,152.1973281091635,189.65314182961143,199.20062385380055,175.94796045005893,201.89407299251016,163.30091532209946,186.55315468079007,198.26150457374072
5273,138.58948347590902,162.5695876659573,152.22673157537795,189.6822837649888,199.23794695145617,175.98180326033483,201.93037820453014,163.32983287954116,186.5893434100942,198.29740895134373
5274,138.61678572765467,162.59776624477965,152.25612306503507,189.71142653740995,199.2752756845985,176.01563962980188,201.96668249548986,163.35874986104906,186.62552100814887,198.33331612961575
5275,138.64408841504687,162.6259422536493,152.28552065641136,189.7405719026616,199.31261039458107,176.04947847625766,202.00298666234764,163.38766627247765,186.6616919548263,198.36922406661463
5276,138.67139206697982,162.6541212294721,152.31492611279756,189.7697454046263,199.34995083883754,176.08331801112007,202.0392909542508,163.41658262749064,186.69785742715806,198.40513280859318
5277,138.69871320097405,162.6823011284669,152.3443347516734,189.7989294426269,199.38729776154696,176.11715805926607,202.07559562670153,163.44549845866294,186.7340166045997,198.44104230837155
5278,138.7260460278636,162.7104809102238,152.37371763842896,189.8281060093121,199.42465009933306,176.15099940013718,202.11190037489467,163.47441353852608,186.77017694566968,198.47695188327492
5279,138.75334034295093,162.7386606903883,152.40308686308296,189.85728440607198,199.46200739063383,176.18484307938016,202.1482047438197,163.5033278632763,186.8063461154898,198.51286078733207
5280,138.78061033820688,162.7668418106905,152.43244240855094,189.88645733651543,199.49936705356885,176.2186815021803,202.18450876027782,163.53224173606208,186.84251757919242,198.54877029022796
5281,138.8079072385219,162.79502662577397,152.46178609334265,189.91563061138766,199.53672728485444,176.25251785322578,202.2208121240578,163.56115575102518,186.87869405275913,198.58468030158966
5282,138.83521372152575,162.823213027147,152.49113308565788,189.94479669469075,199.5740879583131,176.28635609311237,202.2571151151265,163.59007029275577,186.9148717259291,198.62059171585267
5283,138.86253385189755,162.851399943274,152.52048213937022,189.97395775655252,199.6114486112227,176.32018898346215,202.2934177025712,163.61898533941314,186.95104082653634,198.65650458105202
5284,138.8898861443069,162.87958326134762,152.5498429581601,190.00312638183476,199.64881997281594,176.3540281595449,202.3297204826914,163.64790054706066,186.98721130867386,198.6924177221991
5285,138.91725370413073,162.90776421727574,152.57921993052295,190.03226230586253,199.68620919567152,176.38787341917444,202.366023335856,163.6768152338807,187.02337418560072,198.72833183197923
5286,138.94462402215993,162.93594593010837,152.60860022701715,190.06141540488886,199.72360231723167,176.42171868731725,202.40232619483177,163.70572993539696,187.05953175858147,198.7642467307563
5287,138.9719867362825,162.96413023290964,152.63795423813792,190.09057871193,199.76099677614692,176.45556575908665,202.4386290509624,163.73464491163568,187.0956827563286,198.80016198205567
5288,138.9993394903774,162.9923157066523,152.66730335756057,190.11971577156237,199.7983920156271,176.48940837038842,202.47493193042152,163.7635600165002,187.13182758783535,198.83607718652794
5289,139.02669367329423,163.02049896292615,152.6966439845367,190.14883137920066,199.835784421187,176.52325547555134,202.51123466462514,163.7924751266863,187.1679733160771,198.87199084225526
5290,139.05405168045516,163.04867936004248,152.72597276929713,190.17793801487437,199.87317949476227,176.55710318069552,202.5475365062584,163.82138991397363,187.20411893862314,198.90790536454801
5291,139.08142965763838,163.07685991477365,152.75529907011216,190.2070452990578,199.9105797829648,176.59094085531544,202.58383793601385,163.8503048470923,187.24025640354316,198.94382021630796
5292,139.1088177987903,163.1050393132669,152.7846342621162,190.23616582681726,199.94798845455867,176.6247594767844,202.6201389891268,163.87921915053704,187.27639005070668,198.9797339255112
5293,139.13620386876644,163.13321795627184,152.8139714603317,190.26530567218836,199.98539804912778,176.65858708357214,202.65644010218872,163.90813355867024,187.3125261953174,199.0156476000921
5294,139.163580025441,163.16139403740317,152.84330887356398,190.29445184115875,200.0227962631036,176.69241590516484,202.69274164668767,163.9370477852654,187.34867645208266,199.0515612732354
5295,139.19096085622104,163.18956778955672,152.87264467381874,190.32357889777282,200.06018766937456,176.7262357784972,202.72904330195902,163.96596241268333,187.38482982751862,199.08747499370534
5296,139.2183478512885,163.2177437731872,152.90198095148835,190.35271368915707,200.09758051351832,176.76004169892062,202.76534509522244,163.99487718761247,187.42097670504845,199.1233877022696
5297,139.24574131163726,163.2459203490348,152.93131223422785,190.38185816340268,200.1349761078839,176.79384350325142,202.80164721974634,164.0237917957329,187.45713726935716,199.15930004615
5298,139.27309627645138,163.27409957693112,152.9606299141645,190.4110046726446,200.17238131836964,176.8276286618064,202.8379500366085,164.05270649001147,187.4933019323108,199.19521207180082
5299,139.30044750827548,163.30228066650866,152.98991980536468,190.44015296691828,200.2097888596684,176.86139105637596,202.8742529991659,164.0816213527944,187.52947613197549,199.23112410777472
5300,139.32776327160005,163.33046231149174,153.01920930662078,190.46929450399978,200.24719449417844,176.89514590586154,202.91055546419383,164.11053662038316,187.56565296012934,199.26703545139748
5301,139.35508600878418,163.35864282439704,153.04849346342894,190.49843124038213,200.2845967592277,176.9288973577316,202.94685715341618,164.13945203168987,187.60181732630937,199.3029462618061
5302,139.38242592197338,163.38682818639083,153.07776478239435,190.527562674713,200.32199758016264,176.96264195794,202.98315831298615,164.16836760919958,187.63796954875244,199.3388573934509
5303,139.40978116624942,163.4150177354167,153.10703421123668,190.55666474909478,200.359404243956,176.99638201622903,203.0194595333405,164.19728362047636,187.67411864545622,199.37476887101926
5304,139.43714640413594,163.44320833126463,153.1363053003947,190.58577505231722,200.3968126811511,177.0301076962984,203.05576115254505,164.22619979903408,187.71026728036418,199.4106817689618
5305,139.46452315975006,163.47139979461642,153.16558310010703,190.61486590262103,200.4342152235265,177.06381276511857,203.09206312127927,164.2551160439825,187.74641960765177,199.44659505709052
5306,139.49190382424615,163.49959209512264,153.19486969159914,190.6439264039788,200.47161088763582,177.09751801410582,203.12836515702543,164.2840317799582,187.78257141564,199.48250822224884
5307,139.5192840998198,163.52778256207128,153.22416655779406,190.67300682473996,200.5090066918075,177.13122583782928,203.16466703936212,164.31294782510682,187.81870560255024,199.51842059589455
5308,139.5466737639381,163.55597345271968,153.2534689763747,190.7021132140016,200.54640188048057,177.16495327407742,203.20096892561355,164.3418640056462,187.85484652625289,199.55433413740644
5309,139.57408137570954,163.58416481472887,153.28277305599832,190.73122714417477,200.58379305168685,177.19868700371768,203.23727113628993,164.37077959448504,187.89098785569757,199.59024976326657
5310,139.60149546741366,163.61235679403376,153.3120859759353,190.7603483305166,200.62119105211815,177.23242094382542,203.2735734511166,164.39969545123944,187.92712151983108,199.62616839767648
5311,139.62890570610477,163.64055003396936,153.3414244089384,190.78947751170872,200.65859129479554,177.26615868165243,203.3098752256261,164.42861144566456,187.9632577848621,199.66208994293498
5312,139.6562857015859,163.66874495579071,153.37077084764383,190.8186017915078,200.69600018781358,177.299904594609,203.34617670959574,164.45752700664397,187.9993910359481,199.69801194594118
5313,139.68362251444188,163.69693542974565,153.40010309451588,190.84772160340984,200.73341135724522,177.3336524579387,203.38247786506145,164.4864417692797,188.03553203027656,199.73393141005076
5314,139.71092645646988,163.72512619012846,153.42943728453267,190.87683572531833,200.7708277960235,177.3673950710478,203.41877920060853,164.51535651762657,188.07168618069187,199.76984782594982
5315,139.73821083502446,163.75331983584448,153.45875519120415,190.90591094727924,200.80824745633203,177.40112259837178,203.45508056474938,164.5442710208482,188.10784924775214,199.80576295271723
5316,139.76549813812932,163.78151487777905,153.48807812954712,190.93498415826645,200.84567512484887,177.4348509532848,203.49138185538263,164.57318511976632,188.14401698081863,199.84167554558954
5317,139.79277142990594,163.80971014603662,153.51740250966665,190.96403978864538,200.88310870401412,177.4685740186825,203.52768280876808,164.6020985037441,188.180195414738,199.87758767588645
5318,139.82004419074647,163.8379077857176,153.54671594791563,190.99309551933555,200.9205525942572,177.5023018345541,203.56398383841662,164.6310120935868,188.2163761984762,199.9135007252106
5319,139.84732122408622,163.86610651876043,153.57598939939666,191.02208212656942,200.95799911875213,177.53603695778378,203.60028549611098,164.65992578067016,188.25255098246362,199.94941507618185
5320,139.87457500559933,163.8943043335812,153.60524426624323,191.05104632530498,200.99544817129797,177.5697744464341,203.63658729500656,164.68883919581802,188.28872457400533,199.9853296728822
5321,139.90181197404323,163.92249627609664,153.63450731543165,191.08003095137016,201.0329030382504,177.60351160083235,203.67288907790814,164.71775273676135,188.3248799895771,200.0212430908519
5322,139.92903475694564,163.95068393809035,153.66375318955255,191.10902362362197,201.07036266958013,177.63724371488593,203.70919125393203,164.74666761381891,188.36101704670327,200.05715282781256
5323,139.9562420253845,163.9788714693466,153.69300177180114,191.13799809780733,201.10782217277117,177.67097821896544,203.745493667627,164.77558345271208,188.39713002409331,200.09306148353426
5324,139.98344645626983,164.007057287835,153.72224361876096,191.16692825146447,201.14527170507924,177.70471297759616,203.78179603086582,164.80449948657264,188.4332356781267,200.1289677650688
5325,140.01065506923536,164.03524234356118,153.75149674140084,191.19583995045215,201.18272122490137,177.73843836250055,203.81809749514937,164.83341554425846,188.4693351465263,200.16487392934346
5326,140.0378615959535,164.06342992588316,153.78076049092283,191.2247650078455,201.2201714202253,177.77216465095992,203.85439905750133,164.86233163456424,188.50543206594241,200.20077909302262
5327,140.0650747940418,164.09162128512082,153.81003788686144,191.25369881319483,201.25761079393953,177.80588629101905,203.89070058177455,164.89124765821424,188.54152055722162,200.23668306589545
5328,140.0922916214832,164.1198142598763,153.8393239510644,191.2826227720256,201.29502662043848,177.83960501173368,203.92700179162122,164.92016351697168,188.57760823832555,200.272585345459
5329,140.11951965955052,164.14800770597583,153.8686120944443,191.31154846949642,201.3324398003836,177.8733251396084,203.96330299072926,164.9490796164627,188.6136944307849,200.3084867621508
5330,140.14677626404338,164.1761994133472,153.89791311299967,191.34047288869593,201.36985368487862,177.9070441941888,203.99960315168616,164.97799585121987,188.64978157122474,200.34438690088183
5331,140.1740614821729,164.20438984735682,153.9272339895699,191.36940270508725,201.40726607720018,177.94073049903818,204.03590324011643,165.00691154647708,188.68587101909765,200.3802857039483
5332,140.2013575139998,164.23258450941438,153.9565608582015,191.3983427119866,201.44468045070377,177.9744093623007,204.07220263538395,165.0358269086439,188.72195600115,200.41618459494862
5333,140.22863062307837,164.2607840437975,153.9858725563992,191.4273065477111,201.48209694856564,178.0081015607524,204.10850216112487,165.06474177104178,188.75802381996488,200.45208470130737
5334,140.25590786231277,164.2889851969652,154.01517220210195,191.45628093974233,201.51951513903603,178.04179771993194,204.14480168024593,165.09365696418214,188.7941018478234,200.48798515326772
5335,140.2831667925965,164.3171828676957,154.04447813952694,191.48524623520075,201.55693233360498,178.0755045740948,204.18110081197668,165.12257232467815,188.8301842724658,200.52388564403543
5336,140.31038962497166,164.34537973104588,154.07378835864503,191.51421672693513,201.59433735997993,178.10921459910327,204.21740010979295,165.15148733805927,188.8662671663533,200.5597862860488
5337,140.3375910646384,164.37357700667377,154.1031019645942,191.54320253828328,201.63173515474355,178.1429156069401,204.25369943312074,165.18040246055716,188.90234979832923,200.59568770939345
5338,140.36475357138372,164.4017753178121,154.1324170493135,191.5722002276407,201.6691277595792,178.1766051367253,204.28999886012585,165.2093168876396,188.93841028030886,200.6315906535542
5339,140.39190387036524,164.4299657067957,154.1617257060363,191.6012123572162,201.70652277259796,178.21029034966926,204.32629834364144,165.23823138778954,188.9744610539373,200.66749386909714
5340,140.419060348967,164.45815672071515,154.19105423970066,191.63022949990014,201.74392129102742,178.24397732743807,204.36259772841308,165.26714501602316,189.01051261321044,200.7033954526407
5341,140.4462374861583,164.48634801342803,154.2203903942825,191.6592547820929,201.78131970467373,178.2776622817237,204.39889715792035,165.29605863237688,189.0465516620446,200.7392943206661
5342,140.47343311780725,164.51453805706376,154.24972775186646,191.68829573466942,201.81871531446373,178.3113391606863,204.43519661909343,165.32497202251784,189.0825885206188,200.7751933130692
5343,140.50064260371408,164.54272386457058,154.2790497996963,191.7173429028546,201.85611488434805,178.34500433178016,204.47149610729946,165.353885114547,189.11862930532521,200.81109490954998
5344,140.5278570452533,164.57090986682135,154.30834114664833,191.74638193796912,201.8935213655323,178.37864858373817,204.50779575721026,165.38279809098336,189.15467716566621,200.84699762298055
5345,140.55507052427217,164.59909315782895,154.33763546220442,191.77542511213016,201.9309312940833,178.41227816382704,204.54409553810473,165.4117107790904,189.19072622658825,200.8829015235163
5346,140.5822797975095,164.62727313944345,154.36693320103856,191.80446228459547,201.96834120733706,178.44590666633655,204.58039551927777,165.44062282091312,189.22677024596686,200.91880568513096
5347,140.60947415731962,164.6554544177575,154.39623266013086,191.8335229793953,202.0057566204859,178.47952866066382,204.61669591290922,165.46953482611784,189.26282796831174,200.95470907677677
5348,140.6366716815348,164.68363692616487,154.42553357472823,191.862593176055,202.04319080313084,178.51314480833938,204.6529965905751,165.498446889425,189.29888819477344,200.99061186776567
5349,140.66384454031063,164.71181735103806,154.45482511909125,191.8916638489179,202.08062878056384,178.54677316064127,204.6892980904894,165.52735853520633,189.33493102475214,201.02651685691657
5350,140.69100156203376,164.73999763255844,154.4841403883488,191.92072117515733,202.11806132094472,178.5804048947294,204.72560015996078,165.55626954138216,189.3709729683509,201.06242238136005
5351,140.71813747353303,164.7681743364195,154.5134681686851,191.94977178636196,202.1554941523671,178.6140319038085,204.7619022202532,165.58518007805378,189.40701960667207,201.09832826605242
5352,140.74528897668063,164.7963516951147,154.5428020083749,191.97882625964996,202.19292656275962,178.64765935152104,204.79820351754796,165.61408987679715,189.4430665780324,201.13423587326787
5353,140.77247139571378,164.8245300757749,154.5721389961852,192.00788126858163,202.23036134898547,178.68128743640617,204.83450502117495,165.64299972123285,189.47910755954413,201.1701439069599
5354,140.80523868719226,164.85764653376938,154.60565812275243,192.04130154697458,202.26765654715646,178.71623247134374,204.87075629268597,165.6763711615154,189.51510845020758,201.2060288143959
5355,140.92295650516877,164.9755110016826,154.72369171146622,192.15929361945518,202.3867889860115,178.83486494157307,204.9897425818086,165.7943427219896,189.63405968601157,201.32496381254802
5356,140.92724727389052,164.98092779812237,154.72971974325782,192.1644370829482,202.39886058250664,178.8436069914411,205.00126524170744,165.79997248865055,189.64498167396584,201.33602226666886
5357,140.9524182665174,165.00756819524815,154.75714643905138,192.19069675621782,202.43375573588273,178.87443575731925,205.03549831368633,165.82688325683242,189.67848253842317,201.3696955860193
5358,140.979674037914,165.03633191682218,154.78671421712457,192.21908115193597,202.47092493567567,178.9074823658778,205.07200117046295,165.85592132519253,189.71424262151132,201.4056323277651
5359,141.007132552728,165.06530865258125,154.81649641032595,192.24769645046757,202.50832052716143,178.94075034231136,205.10873022846724,165.8851748053818,189.7502077458329,201.4417953859229
5360,141.03460873814012,165.09430712367808,154.84629678087038,192.2763410278193,202.54573839038991,178.97405266220963,205.14548148558342,165.91444912276663,189.78618891065975,201.4779802102136
5361,141.06209514293317,165.12330891816057,154.87608998240097,192.3050049925642,202.58315747394542,179.00736075828178,205.18223415464917,165.94372531438532,189.82217808285048,201.5141663569344
5362,141.0895871316292,165.152312922774,154.9058889977441,192.33367584629482,202.6205761547742,179.04066146238677,205.21898488778584,165.9730019862673,189.85816804964657,201.55035323631952
5363,141.1170625211701,165.181317591305,154.93568950328705,192.36234555800166,202.6580014367711,179.07397512316143,205.2557350923446,166.00227680153804,189.8941431899169,201.58654134134406
5364,141.14453596851268,165.21032202919102,154.96548238659946,192.39098936531474,202.6954282680192,179.1072925180728,205.29248639999892,166.031544614686,189.93009998852455,201.62272958354788
5365,141.1719772802882,165.2393260214202,154.9952552720698,192.41963547478645,202.7328532574327,179.14060472431657,205.32923882479028,166.0608125596625,189.9660317585703,201.65892235538973
5366,141.19941737718224,165.2683326574953,155.02503093595138,192.448283833759,202.77027634636303,179.1739097401619,205.3659917527104,166.09007693780444,190.00196403520476,201.69511816547652
5367,141.22686525398888,165.29734021505232,155.0548134387275,192.47693742021517,202.8076946555988,179.20721775041272,205.4027450552146,166.11934115400248,190.03789915868708,201.73131442839818
5368,141.25428328719542,165.32634785987494,155.0846015958004,192.505588277669,202.84511623497232,179.24052558818724,205.43949944242578,166.14860555896271,190.0738343099893,201.76750998336846
5369,141.28170492874528,165.3553546673138,155.11440825490698,192.53424738112153,202.88253958138503,179.27382296871872,205.4762537942848,166.17786948129464,190.10976336944566,201.80370471781268
5370,141.30910136063468,165.38436167268426,155.14422174738712,192.56290795273094,202.91996752317613,179.30712359549605,205.5130052285449,166.20713077433265,190.14570855917793,201.83990325139249
5371,141.33649893312764,165.41336744682005,155.17403237662364,192.59156097494318,202.9573970278731,179.3404268362409,205.54975804271982,166.23639062020283,190.181657403522,201.87610246358147
5372,141.36388816534875,165.44237254572562,155.20383709754284,192.62019032946907,202.99483160593712,179.37372920937426,205.58651450901382,166.26565187733715,190.21759304527527,201.91230065357078
5373,141.39127388826907,165.47137788890478,155.23365868423733,192.64883352490457,203.03227294502315,179.4070318458715,205.6232717794328,166.29491388574735,190.25352812200342,201.9484967264474
5374,141.4186309930313,165.50038351105627,155.26348687112713,192.67749205700787,203.0697248211819,179.44033858946264,205.6600284327354,166.3241742282939,190.28948002272486,201.9846898203041
5375,141.44596835033866,165.5293893785671,155.29331291533725,192.70615566136715,203.10717972172128,179.47364830245863,205.69678704574724,166.35343464766046,190.32545317057154,202.02087922103814
5376,141.47329935643492,165.5583951311202,155.32314211700128,192.7348100390656,203.14463410243172,179.50696307853875,205.73354614598358,166.38269575233218,190.36144147648253,202.05706765874132
5377,141.50063064492528,165.58740148408424,155.35297248930172,192.7634217339127,203.18208187612095,179.5402956671158,205.77030507590624,166.41195769610908,190.39743288106806,202.09325457516815
5378,141.52795904322207,165.61640853841905,155.3828019982528,192.79204147061952,203.21951967005637,179.5736369921954,205.80706239254158,166.44121847092336,190.43343694527223,202.1294420464047
5379,141.55528812481404,165.64541700630994,155.41263044758617,192.82067299568624,203.2569560628322,179.60698265468574,205.84381635736264,166.47047973862064,190.4694443628696,202.16562913782317
5380,141.5826232362705,165.67442692642376,155.44244826348037,192.84931205947098,203.29439468115254,179.64034391111895,205.88057011619532,166.49973700501278,190.50544492093934,202.20181859418972
5381,141.60995782369926,165.70343738784265,155.47225211065955,192.87795838208837,203.33183278982838,179.67371317291915,205.91732420012772,166.52899614764613,190.54143584700097,202.23801038866745
5382,141.63727915731639,165.73244737314454,155.50204765804997,192.9066074997204,203.36926893898195,179.70708328060127,205.95407968859678,166.55825644925224,190.57742004158445,202.2742023935621
5383,141.66458498488464,165.76145812348014,155.53184643348058,192.93525442347297,203.40670557241344,179.74044487133378,205.99083524565458,166.58751834540502,190.61339366333306,202.31039047263783
5384,141.69189658608374,165.79046749742625,155.5616482502166,192.96385983921212,203.4441309282489,179.7737932957795,206.0275890156221,166.61678090505617,190.64935111547132,202.34657637417843
5385,141.71921305307595,165.81947489028897,155.59144443142682,192.99246346235978,203.48156902333935,179.80714282931086,206.0643428492863,166.64604388129538,190.68529022073142,202.38276390517774
5386,141.74653135386032,165.84848265407544,155.62124687750773,193.0210488534058,203.51901213402707,179.84048486531995,206.10109583512906,166.6753081943035,190.72122793223835,202.4189528178584
5387,141.77385628350615,165.87748960963464,155.6510478559118,193.04960546299276,203.55646212410778,179.8738170464241,206.13784685684413,166.70457298914803,190.7571722621152,202.45514369447707
5388,141.8011836067327,165.90649375174206,155.68085923981593,193.07813970365123,203.5939155506141,179.90713965927634,206.17459541559697,166.73383790832685,190.7931233469446,202.49133477428938
5389,141.82850228195272,165.93549929465752,155.71067600642746,193.10663261142963,203.6313689854049,179.9404639540774,206.21134364656444,166.76310420458057,190.82907941259788,202.5275228905884
5390,141.8558048966762,165.9645065710573,155.74049549691344,193.13512946017556,203.66881830817348,179.97378869416062,206.24809103467123,166.79237182377878,190.86503574216584,202.5637105428846
5391,141.8831079809473,165.9935150435428,155.7703178371773,193.16363586311806,203.70626457304007,180.0071161225112,206.28483884707103,166.82163969922752,190.90098212449908,202.59989214877814
5392,141.91041038113664,166.02252393084575,155.80013234726383,193.19213340382987,203.7437140968827,180.04044460040953,206.32158671115047,166.85090765971353,190.93691647813205,202.63607049734065
5393,141.93769745943692,166.05153148125734,155.82991996580563,193.22064255947595,203.7811643492655,180.07376476323861,206.3583311028965,166.88017564713124,190.9728564265234,202.67225145759642
5394,141.96497232101825,166.0805385348769,155.8597074404734,193.24915734444548,203.8186048738106,180.10708372303588,206.39507231995833,166.90944376783096,191.0087996173804,202.70843323349982
5395,141.99225471814762,166.10954727480473,155.88949923010364,193.2776763626372,203.85604196437387,180.14040089784646,206.43181202494628,166.93870988845111,191.0447428966392,202.74461739504687
5396,142.0195401523521,166.13855778298088,155.91929602649816,193.30616998680702,203.89348324128952,180.17371628377046,206.4685522102959,166.96797527794178,191.0806939809589,202.78080294566718
5397,142.04682840004128,166.16756945156615,155.9490793111622,193.33466802320805,203.93092915198653,180.20701754628507,206.5052923003058,166.99724002571958,191.11665255140065,202.81698889942484
5398,142.07412081927683,166.19658148882831,155.97886628492694,193.36315774215075,203.9683753726179,180.2403412346148,206.54203043858936,167.0265052278851,191.15261193004906,202.85317478898676
5399,142.101407928688,166.22559216218227,156.00865308984723,193.39161739796745,204.0058150336258,180.2736720202908,206.5787691958656,167.05576919031847,191.18857372384676,202.88935903855887
5400,142.1287044485917,166.25460361309035,156.03844983711298,193.42008898670056,204.04325320569725,180.30699233160857,206.61550883515477,167.08503157592497,191.2245380191236,202.92554027451382
5401,142.15600741692612,166.2836170400269,156.06825272642598,193.44856466480607,204.08068121207285,180.34031026043428,206.65224938707536,167.11429142619053,191.2605011232634,202.961718535764
5402,142.18330626089949,166.31263162279092,156.09805756428935,193.47704025011376,204.11811201669533,180.37361290465174,206.68898979577904,167.1435502394409,191.29644595814077,202.99790083887123
5403,142.2105703073473,166.341646601365,156.12786337010937,193.5055286664909,204.15554601120562,180.40691640011104,206.72572622242527,167.17280914553427,191.3323824201278,203.0340843344484
5404,142.23780815285158,166.3706620199318,156.15766293698525,193.53402269212077,204.19297981532858,180.4402293200627,206.762461706632,167.20206741085883,191.36831893592083,203.0702675039957
5405,142.26504690807215,166.39967763175733,156.18746855529523,193.56250822588237,204.2304082565725,180.47355189950014,206.79919656512,167.23132665618337,191.40424132979675,203.10644924766473
5406,142.2923101963015,166.42869342954936,156.2172911433342,193.59098398047277,204.2678353548656,180.50687641044695,206.83593054247942,167.26058772805794,191.44015973144016,203.14262865729881
5407,142.3195883010228,166.45770987474742,156.2471200223925,193.61943473840978,204.3052599208901,180.5401930246241,206.87266629486606,167.2898506033971,191.47609222852608,203.17880488323692
5408,142.3468461231555,166.48672696396406,156.2769549720853,193.64784814120225,204.34268569900405,180.5735069118136,206.90940252795997,167.3191159084792,191.51203890292868,203.2149807387713
5409,142.37409686913105,166.51574426759277,156.306819596023,193.67626212659945,204.38011530519842,180.60681757380928,206.94613859026958,167.34838211784952,191.5479885464506,203.2511582585208
5410,142.40134960778857,166.54476177691947,156.3366941890529,193.7046772203339,204.4175444041726,180.64013197221107,206.9828732810511,167.37764638375364,191.58393971374403,203.28733638008688
5411,142.42858706302962,166.57377947779517,156.36656608679837,193.7331167013763,204.45497082755662,180.67344983580412,207.0196080445542,167.40690976904884,191.61989843027396,203.32351405189027
5412,142.45583715500553,166.60279788248198,156.39643000166112,193.7615862846309,204.49239886189423,180.70676071228365,207.05634301283175,167.43617356150514,191.65585905242781,203.35969322483618
5413,142.48310800465836,166.63181692016244,156.42629165902912,193.79007426987351,204.52982365831642,180.74007264352906,207.09307605852376,167.46543878606272,191.69182952438092,203.3958736372815
5414,142.51039494260758,166.66083651029396,156.45615189303618,193.81856747388989,204.56724688309424,180.77339115482312,207.1298095918572,167.49470442215085,191.7278092275279,203.43205578622226
5415,142.53769259363963,166.68985658734738,156.48600570160974,193.84704311621323,204.60466801923192,180.80671128982172,207.1665433584338,167.523971172541,191.76378990610328,203.46823836019757
5416,142.56493078963751,166.71887466748103,156.5158615146609,193.87549393168658,204.64208470774975,180.84003970941396,207.20327667245303,167.5532384596268,191.79976958299224,203.50442139168757
5417,142.59214661015127,166.74789310275065,156.54571943925333,193.90392212119738,204.67951260834423,180.87337739691816,207.240007519816,167.58250580284601,191.83577030096484,203.54060452973215
5418,142.6193646786874,166.77691174477093,156.5755788487038,193.93230579958745,204.71694306823218,180.90671708602912,207.2767384243377,167.61177427617702,191.8717760022841,203.57678684223356
5419,142.64656978317052,166.80593066722898,156.60546196100287,193.96070784561584,204.75437659011232,180.94005140355947,207.3134690168151,167.64104298731561,191.90777466678864,203.61297110626168
5420,142.67377578116395,166.83494972893678,156.63536815925679,193.98915714792832,204.7918150340136,180.97337958999566,207.35020121879623,167.67031093590577,191.94377805267402,203.64915782088173
5421,142.7009813195447,166.8639691037705,156.66528714530088,194.01762293653337,204.82925404099677,181.00671334505327,207.38693389938285,167.69958139797953,191.97978328697408,203.68534615968863
5422,142.72817660326663,166.89298785095633,156.69521625085764,194.04608916980706,204.86669287479424,181.0400489487902,207.42366374014026,167.72885443461192,192.01579790588144,203.72153484039652
5423,142.7553762077407,166.92200601711912,156.72514855805767,194.0745453825832,204.9041314866789,181.07337984177073,207.46039102763268,167.7581279265422,192.05181435961055,203.75772312635607
5424,142.78259012286802,166.9510228631545,156.75507602192505,194.10300107994559,204.9415605583724,181.1067067112987,207.49711591543502,167.78740065385696,192.08781844859087,203.7939090398787
5425,142.80981090419198,166.9800376217955,156.7850065965694,194.1314623203996,204.97898610168667,181.14003416774935,207.5338411177225,167.81667390416285,192.1238146295628,203.83009682167827
5426,142.8370188200988,167.0090536233848,156.81493908025874,194.15990162661262,205.0164085418267,181.17335867567104,207.57056585248992,167.84594605528656,192.1598111700419,203.86628538299126
5427,142.8642163601542,167.03807036249734,156.84489089979795,194.18835141848822,205.05382277569552,181.2066830785007,207.6072905907903,167.87521911582198,192.1958020526128,203.9024730461878
5428,142.89140721589337,167.06708728151824,156.87484878695557,194.21674101266467,205.09123633419867,181.24000114364094,207.64401745357205,167.90449256813227,192.23179367902367,203.93865889006003
5429,142.91861831135586,167.09610341315988,156.90477477296974,194.24512344609695,205.12864740253963,181.27331343135336,207.6807454826994,167.9337635402529,192.26778348211266,203.97484695900653
5430,142.94584923148082,167.125117887155,156.93470184454952,194.27350934719496,205.16605105932874,181.306623454826,207.71747347359474,167.9630336195316,192.30376119101075,204.01103752179102
5431,142.97310072122193,167.1541324056167,156.96462839464093,194.30186908477688,205.20344961964466,181.33993297319023,207.7541989146679,167.99230415454292,192.33972763845932,204.04722865932703
5432,143.00036248049113,167.1831478568678,156.9945576809021,194.3302274413885,205.24084400677492,181.3732536846974,207.79091838638675,168.02157454933283,192.37568981332524,204.08342253538686
5433,143.0276274325598,167.2121635297687,157.02449520309318,194.35855675751134,205.27824481798888,181.40657774895752,207.8276378773543,168.05084786681084,192.41165337354917,204.11961968003786
5434,143.0548841658307,167.24117779083588,157.05443634552682,194.38685829392213,205.31565158296536,181.43990178774058,207.86435749968132,168.08012403178165,192.4476032035963,204.1558175116451
5435,143.0821622371566,167.27019035766102,157.0843784586471,194.4151683638536,205.35306594003393,181.4732217859506,207.90107767495536,168.10940137056144,192.48354252171816,204.1920155060655
5436,143.1094552919691,167.29920170575957,157.11430620719509,194.4434614990806,205.39048865494107,181.50654277107418,207.93779899482837,168.1386790921656,192.51948480635656,204.22821365852548
5437,143.13676166532855,167.32821458335138,157.14424344365543,194.4717478185024,205.4279126278549,181.5398625125957,207.9745209171537,168.16795431389815,192.555434231645,204.26441395188724
5438,143.16407542570536,167.35722849045078,157.17418497643007,194.5000296991776,205.4653303583577,181.57317625286865,208.0112432678334,168.19723076811906,192.59138749889604,204.3006149236646
5439,143.19136681788342,167.38624262611265,157.20412665387786,194.5283241962204,205.50274057201253,181.6064928356917,208.04796628015876,168.22650765387735,192.62734107044182,204.33681566685001
5440,143.21866028034918,167.4152550714588,157.23406092266333,194.55659448366475,205.5401611311817,181.63981109332008,208.08469106215384,168.25578446146682,192.66329366476387,204.37301531298382
5441,143.24595624034848,167.44426640746008,157.2639966228883,194.58485486368454,205.57759330518653,181.67312835430207,208.12141665909198,168.2850617551943,192.69925783514012,204.40920989007094
5442,143.27326849477163,167.47327741560522,157.29391788177531,194.61310037875046,205.61503099583422,181.70645429784935,208.15814321419643,168.31433918107203,192.73523138050015,204.44540352163264
5443,143.3005878593075,167.50229100258608,157.32383079457273,194.6413605290222,205.65247845515103,181.73978266568025,208.19487079318833,168.34361476624534,192.7712152901982,204.4815959625472
5444,143.32791271919672,167.53130716958063,157.3537351722824,194.66962244832717,205.68992962550706,181.77310792087798,208.23159831389427,168.37288604184695,192.80721082504482,204.51778838980485
5445,143.3552458588701,167.56032404850387,157.38365738823484,194.6978852957818,205.72738086937196,181.8064216684864,208.26832270989382,168.40215844759183,192.84321829619623,204.55398369678514
5446,143.38256406597066,167.5893419003027,157.41361710225314,194.72614731308934,205.76482963142402,181.83974465042024,208.30504429175195,168.43143149474412,192.87922721215548,204.59018202043293
5447,143.40988341646312,167.61836032147795,157.44358787646036,194.75434590598326,205.80227831673074,181.87307730090146,208.34176559040063,168.4607012403457,192.9152196014973,204.62638085760184
5448,143.4372154478726,167.64737879041454,157.47354430365132,194.7825304910577,205.8397313863666,181.9064117781046,208.3784866409368,168.4899692558025,192.95121037504575,204.66257998592187
5449,143.4645529387019,167.67639721799475,157.5034997347532,194.81068134225123,205.87718538188085,181.93973452554206,208.41520755521245,168.51923772942067,192.98720264090167,204.69877938978823
5450,143.49188767759688,167.70541406717916,157.53346464313887,194.83885816350968,205.91463766743624,181.97305873575354,208.45192820747684,168.54850503066186,193.02319432108965,204.73498115100878
5451,143.51921843041256,167.73443049614005,157.56346377043945,194.86705133072445,205.95208984655807,182.00637436566322,208.48864981567766,168.57777115459038,193.0591852730867,204.7711840348507
5452,143.54656004125135,167.76344577243526,157.59347643230265,194.8952612785246,205.98954206955813,182.03969044392198,208.5253735096738,168.60703745302325,193.09517706783743,204.8073895180183
5453,143.57390751093808,167.79246068022735,157.62349122924405,194.9234842136038,206.02699095248295,182.07299852415358,208.56209985843185,168.63630494405223,193.1311676531023,204.8435956679122
5454,143.6012217562121,167.8214746696229,157.65349147542233,194.95171140344092,206.0644320503236,182.106294160132,208.5988275595877,168.6655741683999,193.16717369457874,204.87980067866044
5455,143.62853977747582,167.85048826355825,157.68349942036357,194.9799251195252,206.10187369768127,182.13958746566843,208.63555583070325,168.69484401192997,193.2031877460626,204.9160054966022
5456,143.6558333151626,167.8794998782195,157.7135206726285,195.0081510393508,206.13933502546453,182.17287086406637,208.67228419324013,168.72411279275465,193.2392027418612,204.95220995107832
5457,143.68314473432417,167.9085117699228,157.74354617380604,195.03638591963994,206.1768011633141,182.206132413569,208.70901296421206,168.75338291697298,193.27521466153723,204.9884100368349
5458,143.7159566763983,167.94191792502355,157.77729303173126,195.06951018765474,206.21412057835974,182.24095350572063,208.7456596357304,168.78687897742705,193.31117697038943,205.0245658227239
5459,143.83369324762498,168.0599040657214,157.8954222676154,195.1873779357765,206.33325640757724,182.35953391997987,208.86470128085406,168.90490287837332,193.43012280473982,205.14353874385947
5460,143.83752360267755,168.0656090594677,157.90139359459013,195.19207757804134,206.34517122067788,182.36780855857734,208.87650761249992,168.91078213630755,193.44089366884202,205.15416069621077
5461,143.8620978066451,168.0926112080382,157.92872911558743,195.2178044958717,206.3798732596384,182.39805987337238,208.91108580494247,168.9380034294548,193.47419528981217,205.18729582373976
5462,143.8887374970226,168.12174116541428,157.95819141490904,195.24562446780942,206.41685513329065,182.43051315794702,208.94794399793346,168.96735588544863,193.50974053649904,205.222682678454
5463,143.91556828932715,168.15108573088537,157.9878471943398,195.27362760069846,206.45405896516044,182.46318039414223,208.98503110900802,168.99692188458624,193.54551960393553,205.25829420272441
5464,143.94241259237458,168.1804563240498,158.01751920782309,195.30164006988403,206.4912889464465,182.4958624003334,209.02214090012978,169.02651224209734,193.58133179144718,205.29392793014267
5465,143.9692393786381,168.20983223133382,158.0471978165107,195.3296430216288,206.52852793927858,182.52854845678186,209.05925367773975,169.0561057513746,193.61714750929505,205.32956472232564
5466,143.9960672711068,168.23920919916554,158.076890085094,195.35764803354687,206.5657726415264,182.5612360875396,209.09636820056488,169.08569335169463,193.6529574882816,205.3652019441735
5467,144.0228962682806,168.26858232096717,158.10658924881332,195.3856441141318,206.60301851476964,182.5939268777701,209.13348307521764,169.115278139605,193.6887680041005,205.40083905413886
5468,144.0497281683736,168.29795677613347,158.13624968531568,195.41359832585533,206.64026765172864,182.62661918469615,209.17059749747682,169.14486080240087,193.7245827869744,205.43647541918745
5469,144.07656014741966,168.32733357439352,158.16591831411807,195.44152827626192,206.67752054475156,182.65930375162034,209.20771317411797,169.17444211025617,193.76039970039028,205.47211188997264
5470,144.10339161371596,168.35671103875995,158.1955954026536,195.4694609940388,206.71477731675753,182.69198747145316,209.24483068841903,169.20402354093238,193.79621641855235,205.50774835714932
5471,144.13019814463152,168.38608707339432,158.22527341607986,195.4974121030322,206.75203371355002,182.72467241341894,209.28195124372655,169.2336062793963,193.83202742134955,205.5433845170349
5472,144.15698998172232,168.41546535811042,158.25494854865107,195.52538294369342,206.789279732639,182.7573601446644,209.3190760458202,169.26319135381212,193.86783787715362,205.57902075548014
5473,144.18378216271626,168.44484452344972,158.2846211731411,195.55336212003252,206.82653430836652,182.7900491296965,209.35620196173784,169.292777299325,193.9036361256752,205.61465615640782
5474,144.21057806749923,168.4742229048158,158.3142910463228,195.58134288196598,206.86379122139957,182.8227383299364,209.39332786304675,169.32236166988307,193.93943286052706,205.65029176883561
5475,144.23738185394586,168.50359890210507,158.3439626642274,195.60931833667598,206.90104677913655,182.85542838487999,209.4304530696498,169.3519469082257,193.97523766252905,205.68592739687406
5476,144.26416038444827,168.5329729622588,158.37363567852285,195.63728100154788,206.93829931865082,182.8881172866518,209.46757753048843,169.3815290095759,194.01104401694843,205.72156324859358
5477,144.2909334197748,168.56234863023303,158.40329806039975,195.66522086670707,206.9755522617346,182.92080517008407,209.50470690486125,169.41111233089637,194.0468495503479,205.7571997979298
5478,144.31770796396094,168.59172486936694,158.43296538997254,195.69315357807204,207.01280445981303,182.95349491112478,209.54183950420273,169.44069301534407,194.08266038030067,205.79283649176904
5479,144.34447141803363,168.62110002480398,158.46263850656337,195.72105101786423,207.0500567941749,182.9861845524488,209.5789760830424,169.47027316930016,194.11847144827874,205.82847291687983
5480,144.37124926095868,168.65047003620748,158.49231431989517,195.7489674766908,207.08730255121364,183.0188595961944,209.61611356750998,169.49985196882128,194.15426715522116,205.86410955567516
5481,144.3980351362131,168.6798399747997,158.5219859989589,195.77692651603402,207.12454655615852,183.0515244799258,209.6532501867956,169.5294297971051,194.19006923990722,205.89974623974504
5482,144.42480822192388,168.7092091756686,158.55166246142872,195.8048993401547,207.16178945292305,183.08419237677313,209.69038593319755,169.55901036331278,194.22587484238306,205.93538282037215
5483,144.45157695921606,168.73858160968732,158.58133658026742,195.83285773291504,207.1990275830963,183.11686090284434,209.72751918733758,169.5885916365468,194.26169452422516,205.9710195201641
5484,144.47832845312786,168.76795630126264,158.61102765711902,195.8607865677785,207.2362669055216,183.14952754558917,209.76465298420527,169.61817196301385,194.29751818796802,206.0066564440872
5485,144.50508417821516,168.7973315552711,158.64073387119075,195.88872006865427,207.27351399724097,183.18218300953433,209.80178568891893,169.64775602340686,194.33333971212224,206.0422933725237
5486,144.53182441654826,168.82670881997169,158.67044505719258,195.91662668069182,207.31076291488765,183.21483496742658,209.83891612162876,169.67734279429342,194.3691603619611,206.07792988445436
5487,144.5585611979066,168.8560879941499,158.70013034224024,195.9445512510296,207.34800742191538,183.24748122281764,209.87604535593033,169.70693329163768,194.40497267800015,206.1135661541469
5488,144.58531096659564,168.88546573268871,158.7298150851865,195.97248518342371,207.38524160935276,183.28012459834486,209.91317351739164,169.7365257709242,194.44078396280034,206.14920365004502
5489,144.61206554272988,168.91484281642954,158.75950073896823,196.00043104461872,207.42247569823928,183.31276548288523,209.950303483412,169.76611865885954,194.4766095942451,206.1848414894615
5490,144.63881789967547,168.94422062267083,158.78918734103735,196.02838853146605,207.45971301099453,183.34540250094906,209.98743602272734,169.79570965907126,194.5124386064667,206.22047904753333
5491,144.66557486954366,168.97359407234345,158.81886184499504,196.05636175671467,207.49695371221515,183.37803608644316,210.02456881315229,169.82529653261756,194.5482641752343,206.25611640462603
5492,144.69232309054712,169.00296753925457,158.84853806767816,196.08434219486165,207.53419979132383,183.41066566051649,210.0617001929366,169.8548810289629,194.58409140721426,206.29175427586497
5493,144.71908717189004,169.0323454792565,158.87821020502045,196.11230241342665,207.57145018096438,183.4432897104032,210.09883080002393,169.8844666687545,194.619923163144,206.32739224802341
5494,144.74587955791273,169.0617285029724,158.90788883519548,196.140292769822,207.6087026431195,183.4759137325974,210.13595881892707,169.91405601758194,194.65575947824655,206.36302954808468
5495,144.7726817777793,169.09111404492722,158.93757157649,196.16829785242683,207.64595829640893,183.5085322443777,210.17308494835103,169.94364684337046,194.69159633458946,206.3986668153886
5496,144.7994805450945,169.1205002914225,158.9672487380697,196.1962934779897,207.68322278032846,183.54114247956204,210.2102081517301,169.97323522794903,194.7274329082729,206.43430473557407
5497,144.8262868262279,169.1498840065348,158.99691742963665,196.22428085141487,207.72048921339,183.57374884211038,210.24733180680965,170.0028218062965,194.7632677661225,206.46994348839786
5498,144.85310303772977,169.17926816011433,159.02657567242008,196.25222577798942,207.75775166254942,183.60634330124512,210.28445477192423,170.0324067851907,194.7990809649185,206.50558267878972
5499,144.87992226873476,169.20865138238494,159.05623473634768,196.28016662888402,207.7950083900871,183.63894049541514,210.32157829701566,170.06199357703647,194.8348909785012,206.54122218608055
5500,144.90673893192442,169.23803315089728,159.0858916663161,196.30811417575077,207.83226805599105,183.67153828446243,210.35870754628135,170.0915837035796,194.87069744961718,206.57686208577815
5501,144.9335531405598,169.26740904476623,159.11551655241735,196.33603689552902,207.86953498486633,183.70412833254358,210.3958389219583,170.12117574026792,194.90650490623162,206.61250202382647
5502,144.96035910348056,169.29677693611862,159.1451308304382,196.3639715300796,207.90680301118493,183.73671123216545,210.4329701572835,170.1507682991622,194.94231304788292,206.64814125594492
5503,144.98713053823104,169.32614593510155,159.17474641842898,196.39191802683493,207.94406614793087,183.76929810862416,210.47009856951988,170.18036639444702,194.97811858660626,206.68378048664772
5504,145.01389789644875,169.35551540464303,159.20436072392366,196.41987939537677,207.98133674977242,183.80188588312865,210.50722426103925,170.20996661882714,195.0139242233479,206.71941978070123
5505,145.04064735431325,169.3848851294971,159.23399702790144,196.44784634920887,208.0186241665554,183.83446529741036,210.54434840596852,170.23956693384656,195.04973920034615,206.75505915660406
5506,145.06741207824163,169.41425621941113,159.26364329902967,196.4758047274322,208.05591504696315,183.86703565000855,210.58147241398999,170.26916581433022,195.08555695285676,206.79069809920745
5507,145.09418810568718,169.44362792370865,159.29327184221614,196.50378678916988,208.0932112427438,183.89961121728595,210.61859374439774,170.29876706899697,195.1213618660918,206.8263362085317
5508,145.1209783152661,169.47299548187496,159.32290194343963,196.53178169415887,208.1305140676129,183.93218824064687,210.65571370222094,170.3283692317303,195.15716544326725,206.86197397051941
5509,145.14777617563314,169.50236086990427,159.35251321214466,196.55978048335717,208.16782028353285,183.96476411900764,210.69284047972056,170.35796988433157,195.19296058675585,206.89761188700464
5510,145.1745694258139,169.53172839486004,159.38210729750188,196.58778453080126,208.20512659222987,183.9973450050045,210.7299688584897,170.38756819228115,195.22875825878782,206.93324961806152
5511,145.20137001097055,169.56109646189418,159.41169964026872,196.61579547867618,208.24242917456874,184.02992882675395,210.7670950625597,170.4171663219071,195.2645564388797,206.96888703274016
5512,145.2281479398233,169.59046390767517,159.4412742428253,196.6438098910766,208.27973159454146,184.06251301640188,210.80422168385954,170.44676113717262,195.3003601014909,207.004525055851
5513,145.2549206875063,169.61982820038884,159.47085057454953,196.67181899158422,208.31703331830826,184.09508126133042,210.84134816775574,170.4763581580055,195.33617063999395,207.0401633211258
5514,145.2816995686377,169.64919320522316,159.50043548716403,196.69982448304123,208.35433995160457,184.12764859941552,210.87847400976776,170.50595816850839,195.3719916911761,207.0758020536846
5515,145.30848098522472,169.67855881898328,159.53003975782585,196.72783545804,208.39164860083227,184.16021560506613,210.91560175983832,170.53555913220856,195.40781464758928,207.11144159218057
5516,145.3352629319232,169.70792014960978,159.55965075718225,196.7558351010533,208.4289645697737,184.19278229119328,210.95273008161598,170.56515671369144,195.44362686412967,207.14708166058165
5517,145.36203083650176,169.73728243700134,159.58926435320137,196.78384169688738,208.46628219159845,184.22533746001747,210.98985745093665,170.59475259711925,195.47944272586406,207.1827225869162
5518,145.38878048464585,169.76664561252343,159.61888167690455,196.811852756319,208.50359550955298,184.25788949331994,211.02698225068002,170.62434729311644,195.51526258045115,207.21836368888046
5519,145.41551924340382,169.79600935713998,159.64848873819778,196.83986658357517,208.54090125448565,184.29044477027458,211.06410630176845,170.65394246176356,195.55108237729294,207.2540039378201
5520,145.44224285212803,169.82537223542568,159.6780985750027,196.86785777449202,208.57820365910254,184.32300256897489,211.1012342459154,170.68353832014708,195.58689345320582,207.2896429235453
5521,145.46895790654096,169.854738572797,159.7077085615197,196.89583073116106,208.61549970095618,184.35556734548106,211.13836674844694,170.71313409108166,195.62269430211938,207.32528160701352
5522,145.4956673136202,169.88410591199042,159.73731708557986,196.92381349634798,208.65279507394942,184.38813428369784,211.1754998159105,170.74273032900922,195.65849534114497,207.36091950548933
5523,145.52238384663963,169.91347094511795,159.7669220171553,196.95180124395827,208.6900925023767,184.42069323969454,211.21263110938443,170.77232590066376,195.69428867677115,207.39655731953343
5524,145.5491041152764,169.94283522415006,159.7965303831089,196.97976765317898,208.72739469863356,184.45325415370684,211.24976227569857,170.80192499037506,195.73007365621453,207.43219534393984
5525,145.57582695811882,169.97219820034857,159.82614231343598,197.00773754926067,208.76469782842705,184.48581637370566,211.28688692515755,170.83152619343002,195.76583259836673,207.46783340061967
5526,145.60253905220097,170.0015633241562,159.8557485186379,197.0356934202457,208.80199778499704,184.5183617487708,211.32401189433625,170.8611268306339,195.80158389194256,207.50347101627295
5527,145.62925433802678,170.03093017079604,159.88536144712944,197.0636580917219,208.8392931803339,184.55090756313848,211.36113639774084,170.8907291853565,195.83734041671622,207.53910807832168
5528,145.65597244079817,170.06029855400612,159.91497651509735,197.09161223303212,208.87659292247025,184.58345393225935,211.39825546379643,170.9203336401478,195.87309727903346,207.57474506555158
5529,145.682679470258,170.08966868554108,159.94458891124998,197.1195584788324,208.9138935868945,184.61600370823874,211.4353730271571,170.9499394207287,195.90886734705643,207.61038224343463
5530,145.70937152395987,170.11903954115255,159.9741795303956,197.14748284806927,208.95119163983563,184.6485546275384,211.47249102333873,170.9795476608031,195.9446425445277,207.64601916926392
5531,145.7360392637094,170.14840840411046,160.00378801139124,197.17539354487536,208.9884966272282,184.6811018336409,211.50960729077195,171.00915717501252,195.98040925579886,207.6816560202231
5532,145.76271106056944,170.17777796424178,160.033408934347,197.20328924266502,209.02580338365797,184.71365205540442,211.54672099347817,171.03876795635992,196.0161764613421,207.7172926410019
5533,145.78936924736172,170.20714606139026,160.06303275135835,197.23119279977118,209.06310524702178,184.74620506856024,211.58383027872176,171.0683793507483,196.0519501951813,207.7529293992827
5534,145.8160265446422,170.23651483767424,160.0926452120966,197.25905895424114,209.1004071471255,184.77875347574087,211.6209356623938,171.09798950798094,196.08772509982373,207.78856620518394
5535,145.84268449168715,170.26588240660453,160.1222418540946,197.28691575050803,209.13770484756057,184.81129807732265,211.65804228250437,171.12760080970105,196.12349794486872,207.82420209625366
5536,145.8693438264813,170.29525197803912,160.15183595521353,197.314756248484,209.17500090651382,184.84384370249168,211.69514885662016,171.1572124826244,196.15928207460752,207.85983736932835
5537,145.89599446438461,170.32462386306273,160.18144298397348,197.3426037398747,209.21229823163233,184.87638957685883,211.73225206047994,171.18682154347835,196.19506935822525,207.89547154148815
5538,145.92264120978342,170.3539966034397,160.21105420737265,197.37041930517856,209.24959921563195,184.90893883357654,211.7693533488042,171.21643119343324,196.2308528247863,207.93110549927744
5539,145.94929343990734,170.38336901812434,160.24067218364775,197.3982539329916,209.28690114116014,184.94149148327992,211.80645525779767,171.24604017582922,196.2666346738047,207.96673869473977
5540,145.97595225417854,170.41274220446437,160.27031340079205,197.42609949821733,209.32420190700043,184.97404779452984,211.84355697068224,171.27565314854309,196.30240671695663,208.0023716068057
5541,146.00259689752053,170.44211326066147,160.2999651507946,197.45396226068274,209.3614970423283,185.00660696132877,211.88065600336964,171.3052673670629,196.33817277098214,208.0380040298198
5542,146.02924505082083,170.47148295075078,160.32962283302285,197.4818593092289,209.39878827265514,185.03916676954822,211.91775428985983,171.3348807014617,196.37393950834434,208.07363684617343
5543,146.05590095586345,170.50085268422146,160.35930228954498,197.50976943766437,209.43607872117465,185.0717264003199,211.95485012643712,171.3644920414656,196.40971148126633,208.1092700510834
5544,146.08256053775577,170.53022575506236,160.38899096901523,197.5376815407008,209.4733691701543,185.1042783073531,211.99194411247188,171.39410449346178,196.44549400158047,208.1449032550582
5545,146.10921063679336,170.55959999435464,160.41865373219903,197.56561182388538,209.5106558050495,185.13682653796877,212.02903682575987,171.42371748509603,196.48127904783348,208.1805356216919
5546,146.1358678054969,170.58897395387402,160.44832406626566,197.59355870799675,209.54794882314567,185.1693738605596,212.06612749436272,171.45332961294602,196.51706291569172,208.21616805775383
5547,146.1624893665789,170.61834785259074,160.4780040026167,197.62147164839436,209.5852429175773,185.20192336153443,212.10322114550056,171.48294320502927,196.5528535557611,208.25180030285122
5548,146.1891119913833,170.64772213704686,160.50769480204497,197.64936350637933,209.622530066894,185.23447320693393,212.14031523622978,171.5125509864442,196.58864559098163,208.28743222913647
5549,146.21574496458868,170.6770973821346,160.5373902138621,197.67723959297186,209.6598135166096,185.26702225600886,212.17740789845925,171.5421589889269,196.6244293798988,208.32306418667633
5550,146.24238697156116,170.70647647939782,160.56708398737996,197.7051143457852,209.69709246629992,185.29957623995915,212.21450106921446,171.57176841342687,196.66020717474814,208.35869619512934
5551,146.26903207324776,170.73585898649543,160.5967958451943,197.73292923538432,209.7343639543199,185.3321366339129,212.25159391196257,171.60138082438996,196.69598200910133,208.39432824428278
5552,146.2956772633769,170.76524249952996,160.6265237101994,197.76074145240193,209.77163095057963,185.36469890290914,212.2886850391946,171.6309986361375,196.73175235946994,208.4299603546695
5553,146.32232182227068,170.79462517255317,160.65625627089386,197.78855117738192,209.80890175747368,185.39725911782637,212.32577611588837,171.6606219407484,196.76752918532094,208.4655924770277
5554,146.34898822877759,170.82400269125372,160.68598454824811,197.81636007175308,209.84617469704816,185.42981831014717,212.36286487394574,171.69024681533008,196.80330704367793,208.501224811347
5555,146.3756634289076,170.85337755330653,160.71571356241535,197.8441693166605,209.88344764949494,185.4623785388046,212.39995359934593,171.7198697122494,196.83908996792627,208.5368571460141
5556,146.40234938056977,170.88275282361568,160.74545633734382,197.8719799414442,209.92072082387523,185.49493754939945,212.43704556420965,171.74949258094497,196.87487516265656,208.57248850621608
5557,146.42904130256684,170.91212667435062,160.77520555189915,197.89980507201747,209.9579959757299,185.52749657753714,212.47413787773152,171.77911626176817,196.91065466365484,208.6081198913187
5558,146.45572799129744,170.94150087966486,160.80493927719186,197.9276420841973,209.99527832841844,185.56005318836637,212.51122567565065,171.80873794469628,196.9464375936432,208.64375156785673
5559,146.48241231954432,170.97087327493352,160.83467142779273,197.95548102222406,210.032561972774,185.59260502398186,212.54831178570743,171.83835998416714,196.98223009033063,208.6793833202302
5560,146.5091002967131,171.0002458264062,160.8643785465615,197.9833381276954,210.06984125812053,185.62516159839308,212.58540321237354,171.86797733483772,197.0180277923451,208.71501461797143
5561,146.5357828440196,171.0296186583117,160.89409192305675,198.0112057607688,210.10712336783695,185.65771946753463,212.62249565042035,171.8975967224757,197.0538257324973,208.75064553174107
5562,146.56247130734516,171.05899215822137,160.92380804240784,198.03907579393527,210.14440586929302,185.69027579984208,212.6595899906929,171.92721698492934,197.08961338960125,208.78627619042823
5563,146.5950492588261,171.09252181414604,160.95745417758462,198.0720844050608,210.1815585804319,185.72487246303487,212.69657400469038,171.9608315916458,197.12538621261308,208.8219022143356
5564,146.71268755400365,171.21055982518996,161.0755411099144,198.18990357728904,210.30067107110244,185.8433586171314,212.81566287776113,172.07890528202228,197.24430551894582,208.94080096879375
5565,146.71628965894234,171.21617914802212,161.08164329696766,198.19431425483543,210.31211186542978,185.85171417894895,212.82698893621847,172.0851416993284,197.25429154547686,208.95114050166856
5566,146.74058099608675,171.24307721261144,161.10914540812863,198.21965411887254,210.34624186086282,185.882052644408,212.86098059141221,172.11282724558131,197.28664647410943,208.98393057890405
5567,146.76694731849156,171.27210468501633,161.13877793111564,198.24709523641806,210.38263953759719,185.91458078035728,212.89723994755565,172.14266010839572,197.32124032967388,209.01896589058364
5568,146.79352901599327,171.3013472336261,161.1686140631842,198.27474830584524,210.41926959620181,185.94732010970236,212.93372578934063,172.1727084878809,197.35606418746764,209.05422629471792
5569,146.8201372491063,171.33061152581266,161.1984731160416,198.30241831565962,210.45592340312697,185.98007912499776,212.97023544759375,172.2027806047647,197.3909147676049,209.08950916267608
5570,146.84675413528873,171.3598796452684,161.22833571528545,198.3300911138839,210.4925847735079,186.01283961796221,213.0067479034233,172.23285558058257,197.42576772070956,209.12479483988596
5571,146.87337522599347,171.38914975612133,161.2582062653104,198.35779300893932,210.52925144484794,186.04558459527723,213.04326162946057,172.26293224169677,197.46061769984266,209.16008083902773
5572,146.89998406982696,171.41842042981526,161.2880807597636,198.3855084868156,210.5659210256799,186.07832004796418,213.07977562486425,172.29300961988935,197.49545785384979,209.1953662412983
5573,146.9265912714988,171.44769120558792,161.31795401627826,198.41323067170745,210.6025908551629,186.11106055223883,213.1162889245515,172.3230845238334,197.53029642962468,209.23065157973247
5574,146.95319027423287,171.47696220439158,161.3478285975103,198.4409679395617,210.63925985038546,186.1438061882208,213.15280074311232,172.35315793919182,197.56513246714258,209.2659370193607
5575,146.97980276932626,171.5062337498181,161.37770484347092,198.46871154759572,210.67593367110436,186.17655485380064,213.18931459467504,172.3832293643513,197.59996281879742,209.30122160469278
5576,147.00642534674014,171.5355030472438,161.4075789785883,198.49645747594732,210.71260888131653,186.2093048878338,213.2258289739582,172.41330324233644,197.63479597345332,209.33650559865242
5577,147.0330316526716,171.56477121648433,161.43744719525088,198.52420695020425,210.74928386894922,186.2420551469923,213.26234421155047,172.44338088409978,197.66963028188374,209.37178954575
5578,147.059636927987,171.59404140237058,161.46732515780838,198.5519616709977,210.7859567070706,186.2748069794667,213.2988597200822,172.47346435038483,197.7044577930976,209.40707229649905
5579,147.08623976172544,171.6233133236932,161.4972094534324,198.57972452868722,210.8226305697875,186.30755944359962,213.33537524107277,172.50355317201868,197.73928606077217,209.44235494089259
5580,147.1128582046172,171.65258577392848,161.52709591861083,198.60749638168977,210.85931063940166,186.34030465540982,213.37189078031324,172.53365489014396,197.77410842988846,209.47763801959545
5581,147.1394917169161,171.68185733972908,161.55695078491806,198.6352966170959,210.89599202596926,186.37304205516168,213.40840525607715,172.56376216667468,197.80892679586591,209.51292117672648
5582,147.16613006462424,171.71112912330693,161.58678478184058,198.6631077918747,210.93266871246584,186.40577620574015,213.44491883252002,172.59387004793254,197.84374822406014,209.54820396160784
5583,147.19276304858798,171.7403971425858,161.61663236624634,198.69091957187848,210.96934612106432,186.4385110531822,213.4814311452687,172.6239747828223,197.8785698999221,209.58348647573527
5584,147.2193807003974,171.76966169647636,161.64648741034196,198.7187320574598,211.0060260744655,186.47124701800453,213.51794350406388,172.65407447061807,197.91338246160254,209.6187693422378
5585,147.24600236885888,171.79892663452284,161.6763102688372,198.74655271437481,211.04270726587183,186.50398377202865,213.5544545719433,172.68416967362333,197.94819476165145,209.654053132356
5586,147.27261251308818,171.8281888030659,161.7061160080365,198.77434530198585,211.0793931629281,186.5367202666801,213.5909656544793,172.71425775795876,197.98300728767464,209.68933729211923
5587,147.299214093888,171.85745127680704,161.7358913674764,198.80214346421272,211.11608024025642,186.56945422973607,213.6274762774111,172.74434160825038,198.01781355601702,209.72462140970816
5588,147.32581950369556,171.88670966035573,161.7656632193812,198.82990970252564,211.15276693790503,186.60218827143706,213.6639872609356,172.77442409689095,198.0526171624256,209.75990467096594
5589,147.35241550730944,171.91596661531858,161.79543822720512,198.85772151174388,211.18945395314205,186.63492199910405,213.7005003386003,172.80450773305776,198.08741870421517,209.79518796236377
5590,147.3790180377067,171.94522173079105,161.8252179865304,198.88556953944163,211.22614257085326,186.66765010184187,213.7370157180502,172.834589275289,198.12222305443854,209.83047071667747
5591,147.40562172229465,171.97447727868786,161.85497259426683,198.91345476882995,211.2628314306805,186.70037725471838,213.7735318912982,172.8646743215128,198.15702853889385,209.8657534316027
5592,147.43222812878852,172.00373337536084,161.88473120189354,198.94135274316397,211.2995181327623,186.73310092971968,213.81004963020362,172.89476074177304,198.19183391398582,209.90103452107323
5593,147.4588440772938,172.0329898703794,161.91450626199202,198.96924756037575,211.3362072872222,186.76582085303195,213.84656778568026,172.92484350606682,198.22663404543295,209.9363144703834
5594,147.4854634111342,172.06224361781406,161.9442912229549,198.9971134227415,211.37289750463182,186.7985422025218,213.88308554614335,172.95492651411297,198.26143283549712,209.97159445659975
5595,147.5120885661906,172.09149416536317,161.9740806305347,199.02498208399481,211.4095887966292,186.83125552933214,213.91960190187493,172.98500731769752,198.29622970393632,210.0068735494431
5596,147.53872106345324,172.12074270410065,162.00388154818683,199.05285591849716,211.44628023368875,186.86396901749498,213.9561162383301,173.01508378415434,198.33101907192344,210.0421517055894
5597,147.56536421383478,172.14999313047034,162.03368781265004,199.08073434798573,211.48297228631813,186.8966837515235,213.9926292407669,173.04516229835306,198.36580671209487,210.07743053994986
5598,147.59201416991922,172.17924451126123,162.06349533214814,199.1085901169897,211.51966701166023,186.92940169410176,214.02914199705435,173.07523825354923,198.40058438085148,210.11270952555432
5599,147.61866569001813,172.20849620978797,162.09328941697225,199.1364100979481,211.55636131478644,186.96212157831786,214.06565394969172,173.1053034623359,198.4353562036176,210.1479881281589
5600,147.6453285212427,172.2377461042009,162.12308080294167,199.16423901985596,211.593045030299,186.99484184175083,214.1021659050065,173.13536240186474,198.47012898425007,210.18326759064342
5601,147.67199864826236,172.26699452095338,162.15287085379418,199.19203855268424,211.62972800598095,187.0275621111913,214.1386785779022,173.16542207811807,198.5049046132742,210.21854781305552
5602,147.6986642388623,172.29624458785187,162.18263098601278,199.219836692799,211.6664110719266,187.0602826778362,214.17519204600268,173.19548369088469,198.53968077319865,210.2538281649931
5603,147.72534868897029,172.3254952477023,162.2123700231902,199.24763596099032,211.70309213440396,187.09300819665745,214.21170557128426,173.22554376544377,198.5744520791268,210.2891086648105
5604,147.75204105369662,172.35474589913386,162.24210985715882,199.27539404090916,211.73976944548448,187.1257365836805,214.24821893609902,173.25560489626744,198.60921524318513,210.32438978360662
5605,147.77873477642382,172.38399790959815,162.2718471591494,199.3031581553849,211.77645078426428,187.15846484395033,214.28473236571196,173.28566524401924,198.64397817160892,210.3596710186366
5606,147.80543346776793,172.41324596501917,162.30156640208364,199.33092163613762,211.81313666309478,187.19119435727964,214.32124388822086,173.31572444604626,198.67873730144117,210.3949530613039
5607,147.83213402555768,172.44249536267992,162.3312909925353,199.35870431929152,211.84982497575854,187.22392341913002,214.35775499527827,173.34578532987246,198.71349653719096,210.43023542618738
5608,147.85882985059237,172.47174564653378,162.36102706840887,199.38650203264726,211.8865174900722,187.2566561752629,214.39426592265764,173.3758447998904,198.74825435547308,210.46551735802745
5609,147.88552943016978,172.50099625430917,162.3907694946437,199.41430500535,211.92321255167226,187.28939013613223,214.43077627995,173.40589783527952,198.78301217980777,210.5007994172388
5610,147.91225086779804,172.53024467965267,162.4205201901178,199.44209576563287,211.95990789542023,187.32212380098312,214.46728629415168,173.4359503397992,198.8177740854138,210.53608129856366
5611,147.93899021988415,172.5594932524095,162.45028656204263,199.46986039495485,211.9966013623395,187.3548584409287,214.50379648457363,173.46600294459063,198.85253723232094,210.57136277864794
5612,147.96573393503505,172.58874165643232,162.48005971962309,199.49761203281028,212.0332928961892,187.38759194689413,214.5403066762635,173.49605683361142,198.88729679426933,210.6066443457156
5613,147.9924787265689,172.61799024203853,162.50980960909368,199.52537679065475,212.06998500269623,187.420317243239,214.57681663908335,173.526105367499,198.92205578695126,210.64192690616028
5614,148.01919508458016,172.64723892307114,162.53956381910248,199.55314924464196,212.10667535330367,187.4530427930923,214.61332488425242,173.5561534031223,198.9568138742516,210.67720973812078
5615,148.04591335684586,172.67648802199986,162.5693068108702,199.58086149939564,212.14336557028966,187.48576344803487,214.6498320838836,173.58620108450546,198.9915725162565,210.71249253037865
5616,148.0726338600704,172.70573617986076,162.59905989174283,199.60858338294221,212.1800560861819,187.51848650361453,214.6863382020494,173.61625502363432,199.02633132757725,210.74777536349896
5617,148.09935063010403,172.7349821873682,162.62881724337487,199.63632630672154,212.2167482804658,187.55121523036135,214.72284585347663,173.6463182457999,199.06108563880517,210.78305766593124
5618,148.12607444760246,172.76423058535906,162.65856839522408,199.66407763957025,212.25344596551156,187.58394546746302,214.75935398388626,173.67638891364302,199.0958362837762,210.81834001073645
5619,148.15280494042076,172.7934813853253,162.68832598841502,199.69181336993807,212.2901451525063,187.61666095279864,214.79586201221423,173.7064614078665,199.13058020073586,210.85362204647393
5620,148.17953845784646,172.82273310951018,162.71808580753273,199.7195250866694,212.3268438017471,187.64937675163108,214.83236860474176,173.73653163104566,199.16532890287476,210.88890428322233
5621,148.20626680526257,172.85198138580392,162.74784145162718,199.7472418666141,212.3635394027644,187.6820989834587,214.86887451031023,173.76660292735733,199.20007894769955,210.9241865238004
5622,148.232985447913,172.88123005055158,162.77758933395225,199.7749561625342,212.40023624858853,187.71482360172826,214.9053790782927,173.7966782761331,199.23482699622403,210.95946872086594
5623,148.25969808763728,172.9104773434067,162.8073279654863,199.80268108655184,212.43693482705157,187.74754811091023,214.9418833331086,173.82675561631618,199.26957313850824,210.994750989583
5624,148.28639519108162,172.9397269867109,162.8370718243416,199.83036274516414,212.4736333990266,187.7802740044222,214.97838744424777,173.8568396078117,199.30431601714423,211.0300331103222
5625,148.31308809460566,172.96897931746892,162.86681841999285,199.85802320392693,212.51032769846557,187.81299330984453,215.01489088674694,173.8869291784963,199.33905859179433,211.06531384795727
5626,148.33978712912258,172.99823585064308,162.8965661183261,199.88566575951862,212.54702193426886,187.84570888692127,215.05139544757742,173.9170220221503,199.37380440143778,211.10059316420944
5627,148.3664589253086,173.0274939538877,162.92632451517701,199.91330262059762,212.5837188969234,187.87841739501155,215.08790022387547,173.9471180440615,199.40855048657318,211.13587248016546
5628,148.39310340448554,173.0567492470626,162.95609007125591,199.94094984726118,212.62042041779532,187.9111269146726,215.1244048291076,173.97721915369146,199.44329006959947,211.1711514765179
5629,148.41974720342938,173.0860075859473,162.98583560619448,199.96861101479587,212.6571225132082,187.94383732375564,215.1609094228655,174.0073219172397,199.47803031592534,211.20643167008998
5630,148.44639361132948,173.1152674040705,163.0155686358057,199.99626442003057,212.69382080980571,187.97653771624442,215.19741296852223,174.03742339504353,199.51277049127665,211.24171223645976
5631,148.47303039019795,173.1445274526705,163.04530686563618,200.0239481159247,212.73051669245854,188.00924101885286,215.23391503130892,174.0675250142587,199.54751232547108,211.27699273149196
5632,148.49967891969283,173.17378766071087,163.07502631161182,200.0516451596088,212.76721323624224,188.04195122495068,215.27041495514297,174.09761848374268,199.58225513760053,211.3122721901314
5633,148.52633835330226,173.20304788122755,163.10472376912193,200.07932807059655,212.80391081291904,188.07467085451927,215.30691481649927,174.12771495176005,199.61699562925347,211.34755175719798
5634,148.55300319490323,173.23230950794164,163.13442973266282,200.1070215564376,212.84061096465533,188.10739301450403,215.34341319742893,174.15781746188082,199.6517338416602,211.38283183338592
5635,148.57964892657245,173.26157365065797,163.1641381435662,200.13472761817198,212.87731157815452,188.14011715139787,215.37991151908,174.18792706309426,199.6864663394551,211.41811196447017
5636,148.6062839356231,173.29083884397164,163.1938464454334,200.16243875290533,212.91401234017908,188.17284255194735,215.41640998096895,174.2180399848524,199.72119756253034,211.45339048780667
5637,148.6329065807822,173.32010176116518,163.22354479663707,200.19012618835905,212.9507134638076,188.2055661463408,215.4529089154416,174.24815333014698,199.75593064212393,211.48866692234017
5638,148.65952419106304,173.34936222319672,163.25322866470958,200.2178211318462,212.98741175534872,188.23828992672156,215.48940781334488,174.27826649093657,199.79066613281043,211.52394242986756
5639,148.68613336880475,173.37862290967874,163.28290021907722,200.24554181634832,213.02410975339825,188.27101126913067,215.52590721093446,174.30837869110064,199.82540231860085,211.55921818714083
5640,148.7127441187213,173.4078838975906,163.31257446867582,200.27328171607076,213.0608067331945,188.30373123637688,215.56240733467817,174.33848765014466,199.86014569907,211.59449422314674
5641,148.73936149921738,173.43714291141828,163.34225109321915,200.30102644605716,213.097507503914,188.3364510117325,215.59890761436725,174.36858929889408,199.8948913400811,211.62977039216906
5642,148.76597667363217,173.4664021665144,163.3719213545768,200.32876700527945,213.13421273667234,188.36917242133003,215.63540880800147,174.39869587281487,199.92963989153643,211.66504662158334
5643,148.7925909561036,173.4956629969437,163.40156733067712,200.35651864618828,213.1709242501831,188.40189646446862,215.671910224581,174.42880525875032,199.96438919191456,211.70032281394163
5644,148.81920900352776,173.52492503768508,163.43121161535453,200.3842838479898,213.2076385663653,188.43462107663893,215.70841122052525,174.4589103366752,199.9991346088501,211.73559829881037
5645,148.8458061193031,173.55418772153809,163.46084688877468,200.41205560556895,213.2443527913464,188.46734476692376,215.74491353337444,174.4890173732832,200.03387582508083,211.7708733275849
5646,148.8723877855301,173.58345076162743,163.49048483219312,200.43980294592308,213.28106290666952,188.50006254780817,215.78141724914846,174.51912560557975,200.06861354999657,211.80614767145542
5647,148.8989732576462,173.6127118010911,163.5200919902336,200.46754631842748,213.31777887135735,188.53277855659894,215.81792116056116,174.54922366586223,200.10335213840185,211.84142275917154
5648,148.9255618954702,173.6419685892221,163.54968761859533,200.49527592400156,213.35450338234648,188.56548638805032,215.8544238433013,174.57931997514723,200.13809567290986,211.87669890131363
5649,148.95214296925903,173.67122184844388,163.57928540675226,200.5230135560424,213.3912318967964,188.59818368198572,215.89092629907788,174.6094144056481,200.1728439980865,211.9119757861587
5650,148.97872746786965,173.70047769269507,163.608882322844,200.55070522033049,213.4279643356245,188.6308756073751,215.92742882964362,174.6395096438194,200.20759904192846,211.94725318152
5651,149.0053127656044,173.72973685583392,163.6384924030816,200.5783500489611,213.4646983739552,188.66356057223686,215.96392951448607,174.6696051758539,200.2423573453308,211.98253068613604
5652,149.03189912210038,173.75899713932665,163.6681063350793,200.60599830072005,213.50143224307348,188.69624046937145,216.00042940555883,174.69970123167414,200.27711592421394,212.017808284639
5653,149.05848674243472,173.78825770839015,163.69770958647229,200.63360601596656,213.53816451541465,188.7289192321118,216.03693002331752,174.729796072683,200.31187481940037,212.0530870720077
5654,149.0850700213918,173.8175143558708,163.72731294504,200.66120205287265,213.57489795983523,188.76159325931553,216.0734306746387,174.7598919819654,200.34663881849917,212.08836638457834
5655,149.1116287284249,173.84676782094567,163.75691670795987,200.6888513517476,213.6116313237466,188.794268908437,216.1099296428868,174.7899843747131,200.3814055962599,212.1236463594242
5656,149.13818549914185,173.87601829364772,163.78650134383153,200.71653683998306,213.6483619882956,188.8269418943228,216.14642830677184,174.82006809643198,200.4161726096962,212.15892685490655
5657,149.16472171216498,173.90526290650655,163.81608978777084,200.74423949838655,213.6850932887315,188.85961691446167,216.18292746521007,174.85015484811672,200.45093483101297,212.19420740902234
5658,149.19125434238993,173.93450797170703,163.84569188788103,200.77194729909056,213.72182483974598,188.89229541762455,216.21942650967796,174.8802429083433,200.48569229658239,212.22948739291036
5659,149.21778883399264,173.96375106702502,163.87530922780877,200.79966987910865,213.7585617184859,188.9249746384204,216.25592325903673,174.91032666049827,200.52045058282903,212.26476753343954
5660,149.24432625529056,173.99299460304456,163.90493201105835,200.8274041103501,213.7953005963622,188.95764753489402,216.29241998920733,174.94041149079854,200.5552088922046,212.3000478586936
5661,149.2708471688866,174.02223836745947,163.93453504883328,200.8551255854814,213.83203783684843,188.99032472527912,216.32891690158158,174.97048909722318,200.58996869682576,212.33532874776773
5662,149.2973707544149,174.0514825487052,163.9641505974395,200.88285032814323,213.86877809282635,189.02300353450102,216.36541515104733,175.00056739687184,200.6247362419952,212.3706106134246
5663,149.32387946017633,174.08072830789266,163.99377079470233,200.91057391610028,213.90551959363944,189.0556804412952,216.4019147642561,175.03064930150393,200.6595058199168,212.4058930638004
5664,149.35039293160588,174.1099746226789,164.02338644564477,200.93828010284375,213.94225905139112,189.08835719188872,216.43841550700725,175.0607323542786,200.6942688944773,212.44117583584253
5665,149.37692083104506,174.1392171386511,164.05299290697235,200.9659537598577,213.9789951877595,189.1210347868042,216.4749164675831,175.09081309807587,200.72902290641966,212.4764593241409
5666,149.40345745388413,174.16845954100535,164.0826006864919,200.99362550885573,214.0157345090397,189.15371014817154,216.51141819961322,175.1208906467159,200.76377480654725,212.51174309298338
5667,149.42997402012045,174.19770221341417,164.1122054539554,201.02130593667073,214.05247891704718,189.18637452867898,216.54792043201482,175.15097084413964,200.7985263616087,212.54702688414784
5668,149.4564928595898,174.2269441855724,164.1418037933022,201.04896119572112,214.08922450719388,189.21904956790317,216.58442423397142,175.18104789312312,200.8332713085275,212.58231156856377
5669,149.4890171658263,174.2604304657343,164.17541050583907,201.08189309109,214.12588534906487,189.25368707349247,216.62086334030522,175.21481861783602,200.86857228335407,212.61778240552223
5670,149.60663293000118,174.37845025895783,164.2934808806601,201.19968004270046,214.2449289780379,189.37219038139554,216.73987592630306,175.33295787777098,200.9873542483368,212.73663571260033
5671,149.61015888753144,174.38377775324116,164.29963896949258,201.2041499735541,214.25612127245938,189.38028030718098,216.75111806677512,175.33949017773836,200.9973660105754,212.7471674977479
5672,149.6343377944124,174.4102976468388,164.32723025553028,201.22957362211918,214.28995233104294,189.41030216830174,216.7850088252622,175.3675475562203,201.02975829370143,212.7801946639542
5673,149.6605772465294,174.43893798057158,164.3569679010549,201.2570762320386,214.3260465579279,189.442522863241,216.8211643716939,175.397758765808,201.0643872034642,212.81547153959795
5674,149.68701645999613,174.46779085251288,164.3869285244819,201.2847779089186,214.36236460829252,189.47496077855374,216.85754818021147,175.42819187194192,201.0992339411999,212.85097335157752
5675,149.7134781014034,174.49666583110286,164.41691075464396,201.31249587370306,214.398706126587,189.50741606549454,216.89395430970475,175.45864440613846,201.1340990255598,212.88649741741884
5676,149.73994734769843,174.52554285740226,164.4468810482069,201.34023787858246,214.4350496774975,189.53987185420857,216.9303626803897,175.4890927348294,201.16897541673822,212.92202355256381
5677,149.76642685163412,174.55441953178928,164.47685832591435,201.36800054591362,214.47139191784302,189.5723237722559,216.96677221496805,175.51953911583306,201.20386502821012,212.95754986650306
5678,149.7929134237027,174.5832965114766,164.506824707729,201.39577071457185,214.50773383435526,189.60477316828357,217.00318201396672,175.54997722514761,201.23876088462794,212.99307635942813
5679,149.8194016949632,174.61217381174654,164.5367929503275,201.4235471378051,214.54407472291686,189.63722340681807,217.039591891884,175.5804178467722,201.2736574081848,213.02860289166546
5680,149.84589021151407,174.64105120358278,164.5667567791,201.45133275290326,214.58041436549797,189.6696689998008,217.07600269475657,175.61087035622324,201.30854879675567,213.06412921978426
5681,149.87236519509193,174.66992854983164,164.59672944971362,201.47905189402164,214.6167493795693,189.70211896385564,217.1124139606623,175.64133373837328,201.34344791994863,213.09965502357943
5682,149.89884124214112,174.6988043649132,164.62671013886248,201.50677731132265,214.65308350478716,189.73457031553122,217.14882550418918,175.67180904448583,201.37834943355915,213.13518096413745
5683,149.9253144717107,174.72768012671207,164.65669199987457,201.53446934288394,214.68941959514518,189.76702250409122,217.18523696935935,175.7022936516717,201.4132495930474,213.17070698388213
5684,149.951794623195,174.75655502462376,164.6866736641931,201.5620770891452,214.72575668689305,189.7994765081996,217.22164690161105,175.73278096368531,201.44814280628657,213.20623298891385
5685,149.97827834141918,174.78542975750383,164.71661902312866,201.58968553655694,214.7620965213914,189.8319309907233,217.25805676193377,175.7632544628987,201.48303632152695,213.24175859672062
5686,150.00475749502056,174.81430467586523,164.74655726878572,201.61732595936817,214.798437022502,189.86438697843408,217.29446673660968,175.79372515807358,201.5179223833203,213.2772841727329
5687,150.03123028395953,174.84317941229082,164.77647474413013,201.64497809780957,214.83477696833057,189.89684359464562,217.3308767853074,175.82420110897436,201.55280662594785,213.3128098096989
5688,150.05769987095562,174.87205433136762,164.8063855201204,201.6726384585517,214.87111781405704,189.92930439446903,217.36728652671565,175.85468371342748,201.5876920001234,213.34833544294622
5689,150.0841849533828,174.90092964925185,164.83628157011742,201.700308697316,214.90745880137686,189.96177324607632,217.4036953381413,175.8851683155971,201.6225775753688,213.38386103542874
5690,150.1106778807572,174.92980591192526,164.8661787928615,201.72795168931668,214.94379866018036,189.99425087680714,217.44010410517856,175.91565585500877,201.65746036340389,213.41938649967457
5691,150.13717125252228,174.958682464437,164.8960733755526,201.75560154744738,214.98013424771858,190.0267313045472,217.4765132644147,175.9461447961063,201.692338852077,213.4549117006844
5692,150.16366895434402,174.98755861659512,164.92594745517013,201.78325473222287,215.01646849187506,190.05921512077123,217.5129225187851,175.97662466038847,201.72721388187648,213.4904368694719
5693,150.19017150673216,175.01643600659,164.9558149604291,201.81091257680905,215.0528024791219,190.09170000893607,217.54933153672752,176.00709986919003,201.7620901437835,213.52596204351036
5694,150.21667776776758,175.04531397562718,164.98568371047648,201.83857427458452,215.08913695022628,190.12417873502736,217.58573907861918,176.0375757187541,201.79696898609777,213.56148711036997
5695,150.24318530534745,175.07419022793337,165.01554875251338,201.86621603840703,215.12547394399056,190.15665177649012,217.62214703785324,176.06805340896352,201.83183768079513,213.5970122143095
5696,150.2696864411096,175.10306603346336,165.04540255654416,201.89384291975622,215.1618151916528,190.1891299537128,217.65855515808937,176.09853828696387,201.86670577161482,213.63253741955333
5697,150.29618993384335,175.1319409754439,165.075262342076,201.92149294266684,215.19815706395784,190.2216136792907,217.69496424886688,176.1290255787496,201.9015731018334,213.66806265300323
5698,150.32270640048569,175.1608163853319,165.10512441165494,201.94915784338116,215.234493979073,190.2541007902232,217.73137361984732,176.159514093218,201.9364363501378,213.7035879811495
5699,150.34923537132286,175.18969210638082,165.13497514728414,201.97682869623668,215.27082824750053,190.28658861542715,217.76778269441678,176.19000350330543,201.9712944281562,213.739113323611
5700,150.37576873090418,175.21856790513357,165.16482235099784,202.00446762659084,215.30716106872444,190.31907592149503,217.8041902239561,176.22049609960382,202.00615017348136,213.77463845930225
5701,150.40229809486934,175.24744387608416,165.19466197266408,202.0321285374638,215.34349261290274,190.35156681348707,217.84059793562045,176.25099056613945,202.0410062338812,213.81016356416035
5702,150.4288118821684,175.27631996772917,165.22448716031812,202.05979934476727,215.37982406781262,190.3840591442761,217.87700640378716,176.28148461917473,202.07586488889055,213.84568813618165
5703,150.4553303640139,175.30519538619004,165.25429973362347,202.08746004054342,215.41616000225338,190.4165546554347,217.91341501922432,176.31197254253834,202.1107240353392,213.88121268981618
5704,150.48185464751737,175.3340703317536,165.28408188301773,202.11512778757714,215.45249833248556,190.44905387527658,217.9498229079287,176.342455946832,202.14558034498577,213.91673719037794
5705,150.50834794839142,175.36294542901643,165.31389357925053,202.14280710008896,215.4888369983205,190.48155403635684,217.98623068882057,176.37292391675473,202.18044416900102,213.9522611632283
5706,150.53485323381133,175.39182088566386,165.34372237179298,202.1704447936494,215.52517539983785,190.5140528432038,218.0226385178279,176.40338704264946,202.21530945166165,213.98778498791063
5707,150.56136534737934,175.42069717195002,165.37356120575703,202.1980695020786,215.56151416119508,190.54655097646634,218.05904600103457,176.43384784637527,202.2501758477392,214.02330860411686
5708,150.58787831328803,175.44957372522265,165.40341858983422,202.22568561668228,215.59785342681838,190.5790511132226,218.0954530488627,176.46430596752793,202.28504346465604,214.05883231697118
5709,150.61438456194747,175.47844981788705,165.4332828055561,202.25332401416028,215.6341914900111,190.61155149664978,218.13185989236555,176.49476421828396,202.31991176627596,214.0943560402544
5710,150.64088011764701,175.50732632864572,165.463131783198,202.28097220719232,215.67052813976503,190.64405506115602,218.1682675443286,176.52522104733308,202.3547805232428,214.12987956991387
5711,150.6673525450606,175.53620311746653,165.49297137505621,202.30861570316827,215.7068641275462,190.67656018946877,218.20467536828173,176.55566466626865,202.38964483554972,214.16540304257177
5712,150.69381759436064,175.5650799894784,165.52278537146705,202.3362378188973,215.74320004168956,190.7090652909166,218.2410830386175,176.58610724351578,202.42450495643314,214.20092661457613
5713,150.72028488581643,175.59395693487,165.55260190619416,202.36386579388127,215.77953373132365,190.741571625028,218.2774905950416,176.61654362997982,202.45936087809093,214.2364502793003
5714,150.74674085053553,175.6228356022409,165.58241006283822,202.39146646586374,215.81586390213644,190.7740741632063,218.31389874741777,176.64698516053753,202.49421845979748,214.2719741236178
5715,150.77320286499233,175.65171507619644,165.61221807256692,202.41904269323612,215.8521939806752,190.80656841762863,218.35030823909773,176.67742843225435,202.5290806718332,214.3074979966286
5716,150.79966828011908,175.68059490286618,165.6420053038799,202.44662496819356,215.8885193531719,190.83906577015202,218.38671791036245,176.7078712660183,202.5639437760399,214.34302204328537
5717,150.82612995514765,175.70947565729074,165.67180616024248,202.47421030719215,215.92484354170992,190.87157099347783,218.42312651664182,176.73832335296387,202.59880221862062,214.37854620124597
5718,150.85259719697152,175.73835675524947,165.7016108058831,202.5018022978042,215.96116742231425,190.90408745345817,218.45953506305455,176.7687786923251,202.63366598714296,214.41407010159324
5719,150.87906635857345,175.76723769216002,165.73143771900018,202.52938453352925,215.99748891462565,190.93660886913216,218.49594250775382,176.7992322546042,202.66853372505295,214.4495940346295
5720,150.9055495093352,175.796118022155,165.76127650790454,202.5569634804546,216.03381093247475,190.96913087641656,218.5323501577439,176.82968875863384,202.7034074401881,214.48511784639985
5721,150.9320407924782,175.82499848664682,165.79109972417265,202.5844943747834,216.07013271217335,191.00164694209496,218.568757841896,176.86014856551657,202.73828560661488,214.52064147046823
5722,150.95851923835977,175.85387741963356,165.8209073814038,202.61199415448104,216.10645367797056,191.0341584674571,218.60516538754715,176.89061075197367,202.77316465025353,214.5561649420992
5723,150.98499962950373,175.88275563495432,165.85072688006633,202.63949979943405,216.14277526959964,191.0666717764229,218.64157169829437,176.92107817981451,202.80804323249572,214.5916884550143
5724,151.01146972164776,175.9116335639653,165.88055043158292,202.66697821360833,216.17909611971376,191.09917933820407,218.67797772906206,176.95154774148986,202.84292158976268,214.62721190452586
5725,151.03793179317003,175.94051169246964,165.91036716554711,202.69446235407887,216.21541718763743,191.13168119331056,218.71438333559806,176.98201467502759,202.87780174319118,214.66273566935823
5726,151.06440297510196,175.96938957261324,165.94017840007487,202.72195435142274,216.25174182028027,191.16418138860766,218.75078964943577,177.01248876253314,202.91268076627944,214.69825979804742
5727,151.09087958302598,175.99826680798364,165.9699826939537,202.74945697148235,216.28806843979987,191.19667833431797,218.78719606782653,177.0429697343532,202.94756020160943,214.73378430767974
5728,151.1173666137874,176.0271436452927,165.9997776933316,202.7769653157109,216.3243960329251,191.22917112423136,218.8236016424235,177.0734529053659,202.98243934926117,214.76930889171592
5729,151.1438592714554,176.05602060244857,166.0295664826567,202.80446259823668,216.3607234944805,191.26166245581652,218.86000718625291,177.10392890003823,203.01731871175576,214.80483319937787
5730,151.1703432593039,176.08489779533974,166.05935762719577,202.83197266053293,216.39704724070575,191.29415605050826,218.89641357271395,177.13440084642585,203.0521913404276,214.84035743122405
5731,151.1968288475595,176.11377487325274,166.0891613761453,202.85949178876072,216.4333709244723,191.3266501398048,218.9328201641596,177.16487332934153,203.08706424476244,214.8758817836123
5732,151.2233091130567,176.14265153548777,166.1189722895198,202.88699282348173,216.46969633416575,191.35915100547587,218.9692261669489,177.19533645859508,203.1219345544215,214.9114061367102
5733,151.24978339095665,176.1715285409141,166.14878563069684,202.91447329303418,216.50602195921508,191.39165435516853,219.00563189739586,177.22580180863972,203.1567993179075,214.9469303799142
5734,151.27622726822275,176.2004060266552,166.1785999876037,202.94195091868716,216.54234443402223,191.42415733942497,219.0420378870179,177.25626783920347,203.19166401059516,214.98245473160515
5735,151.30268636081462,176.22928369678212,166.20840508439787,202.9694092841672,216.57866719725575,191.45666121474713,219.07844361305223,177.286731138112,203.22652810876772,215.01797926962183
5736,151.32915642526214,176.25816107567883,166.23818823279487,202.99688306174082,216.61498992618874,191.48916507830026,219.11484790751078,177.31718542686355,203.2613928125164,215.05350384920607
5737,151.3556390403851,176.2870375069526,166.26796702868137,203.0243616855795,216.6513102382488,191.52166840820195,219.15125364249403,177.34762576608853,203.2962553384626,215.08902833398568
5738,151.3821275413244,176.31591396649387,166.29773280389887,203.05183591355745,216.687628914602,191.55416982009925,219.18766099547688,177.37805728071376,203.3311140462896,215.1245526230876
5739,151.40861858842095,176.34479040566717,166.327487019138,203.07930956386488,216.7239481828854,191.58667165150496,219.2240686255733,177.4084881983948,203.36597678156483,215.16007698803872
5740,151.4350959000339,176.3736668364817,166.35725054831968,203.10676833182984,216.76026744483246,191.61917248419397,219.2604751736671,177.43892032597995,203.40084733898357,215.19560139297494
5741,151.46156207632126,176.4025430814659,166.3870347545904,203.13423040709935,216.79658520772188,191.65166833817614,219.2968827533238,177.4693483540079,203.43572647138527,215.2311257979011
5742,151.48802394339234,176.43141944966197,166.41683983042032,203.16166811301838,216.83290342933336,191.68415904948168,219.33329065394557,177.49976379794057,203.47060745880026,215.26665012353462
5743,151.51448965746314,176.46029585191624,166.44665068595785,203.18905066270509,216.86921786446933,191.71664216847665,219.3696983735779,177.5301803241514,203.50548478708188,215.3021744076957
5744,151.54095044591668,176.48917215938923,166.47645315553132,203.21640915598027,216.90553148014016,191.74911729889976,219.40610540648348,177.56058335074331,203.54035090172994,215.33769838722006
5745,151.5674134560682,176.5180483376433,166.50623552032084,203.24376650237573,216.9418435126948,191.7815893804128,219.4425122076673,177.59098700212957,203.57520497182847,215.37322254506876
5746,151.59386042595366,176.54692322459482,166.5359993652611,203.27108891239504,216.97815507068833,191.81406178759312,219.47891853266765,177.6213936454933,203.61006099127562,215.40874674908545
5747,151.62030581860688,176.57579870138878,166.56575131538003,203.2984205758788,217.0144682870428,191.8465330503531,219.5153250269304,177.65181294772793,203.64492692435934,215.44427092189028
5748,151.6467321953064,176.60467435814525,166.5954789550696,203.32571061843356,217.05078180385374,191.87900419474255,219.55173135867693,177.68223800619026,203.6798007783676,215.47979507206415
5749,151.6731523237546,176.63355111117818,166.6252057073132,203.3529820261235,217.0870938089561,191.91147665956586,219.58813826314878,177.71266386301002,203.71467745729456,215.5153195163332
5750,151.69958701655563,176.66242899260408,166.65491724509366,203.38020660643323,217.1234078927224,191.9439429035453,219.62454644135943,177.74309191216045,203.7495539043541,215.5508440825586
5751,151.7260318626568,176.6913071720905,166.68460864430423,203.40743792015095,217.1597224273905,191.97641148457916,219.6609549200311,177.77352273497513,203.78442022243266,215.58636865619704
5752,151.75247968129315,176.7201851640451,166.71430472546587,203.434667610234,217.19603464625195,192.00888212246196,219.69736292267845,177.80396115834995,203.8192853164831,215.6218932821559
5753,151.77893558544204,176.7490620542399,166.74400408293243,203.46187823080592,217.23234711161848,192.0413570305514,219.733771053676,177.83440918925774,203.85415177569234,215.65741800921552
5754,151.80540077692729,176.77793813078307,166.77371362810123,203.48905517361717,217.2686570607796,192.07383346059325,219.77018084148955,177.86485970632606,203.88902430799516,215.69294283498672
5755,151.8318724021585,176.80681349497416,166.80343116699737,203.51624246243352,217.3049677370592,192.106312694732,219.80659137387087,177.89530602909838,203.92390136853896,215.72846774884388
5756,151.85831799287385,176.83568899725034,166.83315249572192,203.54343462185636,217.34127824906625,192.13879333282208,219.84300189309624,177.92574310099255,203.95877913045825,215.76399265913943
5757,151.88474038210745,176.86456522122907,166.86287558192714,203.57058873320375,217.377586435781,192.17127411263948,219.8794112732662,177.95618106843307,203.9936520991607,215.79951744640195
5758,151.9111515591661,176.89344178032692,166.89258321870193,203.59771657451225,217.41389444800765,192.20375689189336,219.91582180386885,177.98662117685578,204.02850981039194,215.83504225374494
5759,151.9375534249853,176.92231769708448,166.9222712984092,203.62485791619497,217.45019795450972,192.23624157639432,219.95223362957233,178.0170508121452,204.06336197704059,215.87056649509492
5760,151.96393619489808,176.95119376144834,166.95195566284855,203.65204286011974,217.4865009743765,192.26872646510301,219.98864618075157,178.04748063260297,204.09821016969155,215.9060902487009
5761,151.99031024922118,176.98006988971431,166.9816434270477,203.6792881654729,217.5228043148311,192.3012165874846,220.02505886968495,178.07789553988835,204.13305872674187,215.941613738426
5762,152.01667878084612,177.00894581902867,167.01133603519546,203.70656186707842,217.55910524750055,192.3337084994361,220.06147126665581,178.1083085889833,204.16789693141112,215.9771371628383
5763,152.04305116545711,177.03782126431324,167.04103044963082,203.7338411294186,217.59540636232796,192.3661986682486,220.09788117056817,178.13871519984522,204.20272608996055,216.01266057760807
5764,152.0694193097985,177.06669787580864,167.07073628086977,203.7611086247243,217.63170591236266,192.39868364026054,220.13429111422042,178.1691124628096,204.23755205038827,216.0481841396184
5765,152.09577253562537,177.09557540812594,167.10044756889698,203.78838301506534,217.66800515752576,192.43116670292903,220.1707010661735,178.1995159765105,204.27237710814353,216.0837079790851
5766,152.12212022456055,177.12445352425584,167.13016821177166,203.8155982483965,217.7043046967772,192.46364767455756,220.20711181836566,178.229931492941,204.30719922879325,216.11923188145636
5767,152.1484601015148,177.15333185149177,167.1599032391467,203.8428034697325,217.74060283964238,192.49613083902304,220.24352343320356,178.26035047637458,204.3420176287599,216.15475577708244
5768,152.17480083399124,177.1822096088385,167.1896403427586,203.86999116320962,217.77690063169496,192.5286145842689,220.27993518055436,178.29076698507615,204.37683492414752,216.19027993096105
5769,152.2011411160996,177.2110882018595,167.21936524228556,203.8971874802599,217.81319845775195,192.5610944011402,220.3163465940541,178.3211841287101,204.41164206060014,216.22580431496968
5770,152.22746645916294,177.23996758847272,167.24908344191294,203.92439598700497,217.84949700906762,192.59357108335107,220.35275700580127,178.35160227195348,204.4464493199741,216.26132888657466
5771,152.25379355414995,177.26884729970055,167.27876357235672,203.95161041764038,217.8857957844772,192.62604834741316,220.38916675777222,178.38202379343264,204.4812550839859,216.2968537248876
5772,152.2801176405068,177.29772707511404,167.3084506735607,203.97885956929423,217.92209441171602,192.65852562909603,220.42557565563865,178.4124503658793,204.51606043694196,216.33237862649085
5773,152.30643561306223,177.32660693748764,167.33814316763255,204.00612332489914,217.95839346963982,192.6909979263378,220.461984198082,178.4428806983406,204.55086272848885,216.36790343276235
5774,152.33274738694297,177.35548696114196,167.36785527544723,204.033387121173,217.99469296333822,192.72347001747698,220.49839138086864,178.47331861955197,204.58565852932935,216.4034280511039
5775,152.35906130656838,177.38436637193524,167.39758363427467,204.06065399895002,218.0309905671505,192.75594136680476,220.53479755750075,178.5037599050412,204.62045824354945,216.43895250261255
5776,152.39151165374403,177.41772688747434,167.43123797255143,204.09344171749825,218.06723689855374,192.79050975909786,220.57114548421117,178.53765173200173,204.655776586019,216.4744983214254
5777,152.50909635511337,177.53569385955632,167.54932835018323,204.21116811484404,218.1862224960613,192.9089840394165,220.69014530506172,178.65584185488072,204.77456584541176,216.59338312088232
5778,152.51272861561645,177.54130065853045,167.55509442741774,204.21491345091664,218.1973437113788,192.91713311697183,220.7011211947341,178.66192761516382,204.784054893708,216.60352286499372
5779,152.5370530683348,177.568183370915,167.5821905774587,204.23937425312798,218.23108710444617,192.9472278375057,220.73468787870374,178.68941631608652,204.81580461572113,216.63606803479928
5780,152.56345115026608,177.5971944037571,167.61143371866675,204.26591909746415,218.2670934186145,192.97951655332514,220.77051355983164,178.71904681648067,204.84978082460674,216.6708553477501
5781,152.59004736297183,177.6264196373821,167.64089219640863,204.29268972050204,218.30332631329821,193.01202120634514,220.80656517164044,178.74889373777722,204.88398373708,216.70586683247555
5782,152.61666799561533,177.6556629743836,167.67037238742745,204.31948875681857,218.33958188247578,193.04455241247956,220.84263930924976,178.778763036488,204.91821223917506,216.74090182439707
5783,152.64329689026528,177.6849066308661,167.69985514420813,204.34624062261813,218.37583963827538,193.07708806718892,220.8787158181415,178.80863435622507,204.9524448336781,216.77594041641004
5784,152.6699282523957,177.71414893622887,167.72933111142768,204.37298850801966,218.41209819349618,193.1096239606668,220.91479260108585,178.83850142762955,204.98667792773986,216.81097958703418
5785,152.69657057080832,177.74338984806553,167.7587977325724,204.39974278220745,218.44835689934567,193.14215724824908,220.9508693934865,178.86836818510557,205.0209096572626,216.84602023115613
5786,152.72321956565708,177.77263221611173,167.78824695948984,204.42648566801194,218.4846153066818,193.1746918237415,220.98694604768932,178.89823674931492,205.05514454442581,216.88106132222146
5787,152.74987230220262,177.80188006203196,167.8176908328766,204.45323081761592,218.52087403034255,193.20722404059768,221.02302237219283,178.92810652695053,205.08938117972863,216.91610289303114
5788,152.77650290847444,177.83113391092317,167.84713624412157,204.47996144484247,218.55713305871765,193.2397571168254,221.0590988722984,178.95797879400237,205.12361794456717,216.95114714752137
5789,152.8031393383284,177.86039234846166,167.8765601983905,204.50668052014296,218.59339226142814,193.2722909969741,221.09517563233456,178.98785189530722,205.15785199920865,216.98619244569858
5790,152.82978975911024,177.8896520175309,167.9059853127711,204.53340518448624,218.62965255826342,193.30482496389956,221.13125269021126,179.01772500342014,205.19208229472812,217.02123780247226
5791,152.85644752659744,177.9189115343032,167.93541244335592,204.56012965687648,218.665914852135,193.3373618202265,221.16732979392987,179.04759639365284,205.2263129034965,217.05628282707892
5792,152.8831093314636,177.94816433894854,167.9648449312901,204.58684847514024,218.70217921604973,193.36990043109066,221.2034067167761,179.07746631505452,205.26054190912336,217.09132998575046
5793,152.9097560887569,177.9774173679195,167.9942804774109,204.61356455952944,218.73844401726,193.40243741925272,221.23948414774225,179.1073383647124,205.29477282754212,217.1263793203216
5794,152.93640595067652,178.0066703656665,168.0236984632809,204.64028357041366,218.77470912485262,193.43496516585094,221.2755617346161,179.13721090965254,205.32900419024057,217.16142902033926
5795,152.96305706931366,178.03592554472195,168.05309861104755,204.66699609643211,218.8109743065999,193.46749092560808,221.31163941268727,179.1670828581893,205.36323614100877,217.19647696355153
5796,152.9897187099987,178.0651823887235,168.08250135971662,204.69368877146673,218.84723801547355,193.50002272625625,221.347717089705,179.19695631656893,205.39746861959208,217.23152422106773
5797,153.01638869949872,178.0944317430096,168.11188475919778,204.7203769228067,218.88350218616736,193.53255801106621,221.383794694534,179.22683511167926,205.431701364557,217.26657067961312
5798,153.04306654365755,178.1236794096843,168.14126786922424,204.74706331288797,218.91976627847865,193.56509383627926,221.41987247275128,179.25671789571803,205.46593415449234,217.30161723958187
5799,153.06969919038744,178.15292175553859,168.17065243072742,204.77375430059936,218.95602829476283,193.59762834778977,221.45595027128945,179.28660150720964,205.50016364319623,217.33666379392992
5800,153.0963069132984,178.18216073406978,168.2000301783782,204.80048054552904,218.9922902429554,193.6301632775129,221.49202819098593,179.316484873868,205.53438489633524,217.37171120668992
5801,153.12290333493908,178.21140165427377,168.22941312381008,204.82722474344519,219.02854911888855,193.66269678534692,221.52810618047374,179.34636490329993,205.56860768020957,217.4067598623766
5802,153.1494816647189,178.2406433045164,168.25880203255966,204.8539541400698,219.06480492208956,193.69522996347777,221.564184290684,179.3762449105964,205.60283437974084,217.441808590855
5803,153.17606064921162,178.26988461112802,168.2881859405743,204.88063918449618,219.10105832448485,193.72775556775545,221.60026275468678,179.40612666454342,205.63706209634918,217.4768550289476
5804,153.20264118207217,178.29912641930014,168.31758267327103,204.9072882209411,219.1373126590614,193.7602822455552,221.63634130950237,179.43600956178093,205.67129095256445,217.51190120022213
5805,153.22922085108982,178.32837036439804,168.34698404026418,204.93394382804226,219.1735679119448,193.79281454746032,221.67242011669407,179.4658923037554,205.70552071541917,217.5469475822184
5806,153.25580526747498,178.3576164569344,168.3763727773294,204.96056388962953,219.20982322489962,193.82534865382613,221.70849900773325,179.49577675966214,205.73974988846587,217.58199357139935
5807,153.2823814109222,178.38686533315834,168.40574655623968,204.98718825118274,219.24607692662192,193.8578806318464,221.74457788536296,179.5256594183902,205.77397912334223,217.61703745923933
5808,153.30895312281848,178.41611759544924,168.43512256651096,205.01377889953162,219.28233063235191,193.89041271806468,221.78065688445088,179.55554344645026,205.80820696269367,217.65208051024084
5809,153.3355171253543,178.44537564492353,168.46448981027237,205.0403711720458,219.3185863494459,193.922948714204,221.81673600683354,179.58542957833026,205.84243734893548,217.68712447735209
5810,153.3620687404476,178.4746374025142,168.49385820474836,205.0669450196304,219.35484354112555,193.9554867881476,221.8528152839385,179.615316668287,205.8766681166849,217.7221705721606
5811,153.38862170188108,178.5039013309406,168.52323382393126,205.09354072487722,219.3911010041585,193.9880199156638,221.88889463766643,179.6452017763135,205.91089677616694,217.75721805183625
5812,153.41515763115578,178.53316664424915,168.55262308843834,205.1201552841133,219.42735827018356,194.02054383556043,221.92497396711846,179.67508729738555,205.9451283292779,217.79226574948163
5813,153.44169316266206,178.5624334354481,168.58201818869273,205.1467667634816,219.4636140244623,194.05306687980968,221.96105305412547,179.70497367519704,205.97936063171917,217.82731324756017
5814,153.46823760279128,178.59170076827743,168.61142499013826,205.17338330730382,219.4998666843896,194.085588876589,221.99713217583158,179.73486494527307,206.01359223846023,217.8623622128679
5815,153.49478791369455,178.62096816365863,168.64083649362198,205.20000729109717,219.53611920312946,194.1181080763395,222.0332110797952,179.76476285846573,206.0478218852318,217.8974141149021
5816,153.52131613873226,178.65023601890454,168.6702496103301,205.2266441993279,219.5723687873828,194.15062562991716,222.06928994569927,179.79466342210068,206.08205188687106,217.9324679490283
5817,153.5478457219164,178.6795044530054,168.6996672368794,205.25322826583428,219.6086181503143,194.18314341999297,222.10536887847218,179.82456464611863,206.11628068511718,217.96752512274543
5818,153.5743723203437,178.7087685911968,168.72906504622023,205.2798033396979,219.64487017130458,194.21566122215842,222.1414477975015,179.85445901694573,206.15051129945272,218.0025832412186
5819,153.60090149928646,178.738034855554,168.75846359130773,205.30638744929325,219.6811229283683,194.24817758204003,222.17752644918986,179.88435137991286,206.18474234614757,218.03764137649344
5820,153.6274317933929,178.76730239790544,168.78786348353174,205.33295337278696,219.71737543095287,194.28069722248608,222.21360527610798,179.91424176707906,206.21896926092901,218.07270064862524
5821,153.65395818505095,178.79657177676106,168.81726664775599,205.35950862229075,219.7536278507667,194.31321796900434,222.2496848500989,179.94413816883997,206.2531982729119,218.1077602379807
5822,153.68048789435173,178.82584185122565,168.84667079480792,205.38604325497627,219.78988049365893,194.34573957503156,222.28576466404976,179.97403815557988,206.28743326327853,218.1428191773978
5823,153.70702509255162,178.8551108722448,168.87607234655883,205.41259725552726,219.82613346202103,194.37826622260883,222.32184447857847,180.00393884047213,206.3216697772518,218.17787755287952
5824,153.7335659026577,178.88437807886808,168.90545752630203,205.43917727475304,219.86238661284062,194.41079429866303,222.35792420386207,180.0338415395441,206.35590647697177,218.21293572681532
5825,153.76010027944645,178.9136478112751,168.93483401399425,205.46577887351324,219.89864098422734,194.44332250167744,222.39400397858418,180.0637453976445,206.39014319819412,218.2479928141583
5826,153.78661802582744,178.9429196620524,168.96420170339692,205.4923894779046,219.93489684552134,194.475852716391,222.43008378098227,180.09365083658466,206.4243740317628,218.28304799750322
5827,153.8131353952371,178.97219205138154,168.99356093969502,205.5189814914485,219.97115311977353,194.50838319193204,222.4661635570343,180.1235572049977,206.4586074660523,218.31810305950177
5828,153.83965882525638,179.00146410709237,169.0229167304428,205.5455194193805,220.00741170091447,194.54091752004462,222.50224309837773,180.15345689452485,206.49284165033248,218.35315825332924
5829,153.86618659874517,179.0307333646051,169.05226965835774,205.5720198333593,220.04367174214124,194.5734587669559,222.53832266737038,180.18335404150125,206.52707622791885,218.38821499137592
5830,153.892716391051,179.06000437270316,169.0816243571423,205.5985379735116,220.07993333813394,194.60600306364125,222.57440207147766,180.2132512972977,206.56131433661952,218.42327355181712
5831,153.91924221427195,179.08927844789682,169.11098361522548,205.6250656494432,220.11619667139445,194.63854794106265,222.61048146040324,180.24314659272198,206.5955533892778,218.45833292879567
5832,153.94577221941964,179.11855477310016,169.14033827186182,205.65160376253866,220.15246038163926,194.67108838941326,222.64656101238018,180.27304009070778,206.62979499946104,218.49339296190956
5833,153.97230911403366,179.14783163878147,169.16967559305192,205.67815033673727,220.1887244586319,194.7036293268111,222.68264057377755,180.30293346400404,206.66403828498775,218.52845442343724
5834,153.9988462975061,179.17710847499842,169.19902357470136,205.70467001222494,220.22498864622466,194.73616707962782,222.7187196954381,180.33282080542108,206.6982824778328,218.5635174467784
5835,154.0253832783275,179.20638614250265,169.22837889436394,205.7311953211535,220.26125168295388,194.76870043856547,222.75479851098044,180.3627107159826,206.73252673591566,218.5985822620193
5836,154.0519165419527,179.23566426192403,169.25771254067115,205.7577091849184,220.2975141217725,194.80123030079017,222.7908772354366,180.39260197744275,206.76676692557075,218.63364869132104
5837,154.07845038692892,179.2649386748532,169.28703505486163,205.78422661901638,220.33377665719954,194.8337545672964,222.826956124145,180.42248366233397,206.80100960210922,218.66871657807113
5838,154.10498171300674,179.29421176805826,169.3163484326362,205.81072533743128,220.37003680369605,194.86627599039392,222.86303521334037,180.4523669030458,206.8352535286094,218.70378614280585
5839,154.1315020461153,179.32348312721757,169.34563733143102,205.83722828693087,220.40629794873476,194.89880112214774,222.89911434975465,180.48225103819962,206.86949700054996,218.73885678424782
5840,154.15803419264697,179.3527529883033,169.37491855325976,205.86372497213043,220.44255994857565,194.9313275653878,222.93519353238287,180.51213458923078,206.90374657829545,218.7739275335003
5841,154.18457331417093,179.38202214539146,169.40421364570375,205.89024230747629,220.47882209909974,194.96385295078355,222.97127271865236,180.54201313079756,206.9379981030179,218.80899672953066
5842,154.21111460143834,179.4112889850492,169.43351407183496,205.9167746034097,220.51508483524924,194.99637916726567,223.00735205274992,180.57189367759153,206.97225164561422,218.84406584419435
5843,154.2376468107943,179.44055655522732,169.46281216356726,205.94331236583884,220.55134786301042,195.02890546547576,223.04343164946542,180.6017789444109,207.00650664253115,218.87913471991698
5844,154.26418574158203,179.46982444009527,169.4921157281077,205.96985531898815,220.58761152278095,195.06142579117034,223.07951129662817,180.63166854079228,207.0407665039801,218.9142043835906
5845,154.29074169342766,179.49909137399192,169.52142468838804,205.99636558343525,220.62387537068545,195.0939468119827,223.11559102816787,180.66156224720783,207.07502765773745,218.9492743326584
5846,154.31730576629593,179.5283603581754,169.5507371620642,206.0228635669378,220.66013913509525,195.12646702780455,223.15167084734284,180.69145737402476,207.10928441084192,218.9843426433196
5847,154.34385434921478,179.55763348578768,169.58005097307836,206.04935415553973,220.69640256403255,195.15898323447217,223.1877506512433,180.7213509014752,207.14354115548142,219.01941095832848
5848,154.3704031597108,179.5869079079216,169.60937653227083,206.075852099999,220.73266523224598,195.19149973713542,223.22383003772492,180.75124602293795,207.17779734488872,219.05447825038922
5849,154.39694969344046,179.6161807653683,169.638724632978,206.1023629236746,220.76892798394556,195.22402149940612,223.2599089761061,180.7811422211206,207.21205445606472,219.0895450333961
5850,154.4234991667487,179.64545406587507,169.66807989486716,206.12887780846012,220.80519147295547,195.2565494762227,223.2959881045314,180.81103889621235,207.24631220460833,219.1246122736436
5851,154.45005020612643,179.6747262966492,169.6974230838101,206.15537802607506,220.84145616472009,195.28908901763782,223.332067306777,180.8409330307357,207.28057177443299,219.15967945194095
5852,154.4765968462704,179.7039975379669,169.72676237731898,206.1818931238126,220.8777231479416,195.32163683722456,223.36814671597313,180.87082620477165,207.31483270076916,219.19474660368888
5853,154.50312239600422,179.73326693678212,169.75610552524014,206.2084161196293,220.91399068505973,195.35418633165284,223.40422622302881,180.90071641371776,207.34909004679272,219.22981272835824
5854,154.52963167659757,179.76253399635732,169.78545200717335,206.23492732779766,220.95025795839754,195.38673580226282,223.44030581582507,180.9306097497658,207.38334214811834,219.26487788455393
5855,154.5561321149018,179.79180210707267,169.81479797854038,206.26144298804698,220.9865258544885,195.41928304649892,223.4763854467461,180.96049578616882,207.4175909279695,219.2999402482215
5856,154.58263602062274,179.8210653940511,169.84414691639617,206.2879643569091,221.02279368534232,195.45182658282016,223.51246489808364,180.99037722459062,207.45184271514333,219.3350026609604
5857,154.6091443210097,179.85032822756133,169.87348046531798,206.31449193118695,221.05905892912293,195.4843742283037,223.54854437783405,181.02025203510806,207.48609548694074,219.3700669982728
5858,154.63564854336704,179.87959148772688,169.90281637207542,206.34099374422433,221.09532408964185,195.51692341993177,223.58462384700346,181.0501262747912,207.5203503360917,219.4051318814698
5859,154.6621603229556,179.90885161752095,169.93215452681585,206.3674603891845,221.13158901024693,195.54947110442657,223.62070319932803,181.07999887243545,207.55460607441617,219.4401969956327
5860,154.68867720073908,179.93811269070778,169.9614777090647,206.393949090261,221.16785493691373,195.58201886948015,223.65678251364386,181.10987226785764,207.58886184189691,219.4752623465448
5861,154.71519566670815,179.96737397601632,169.99080081566655,206.42044897542692,221.20412128966515,195.6145635693612,223.69286148965554,181.13974236817296,207.62311680352778,219.51032700301764
5862,154.74171540019663,179.99663495476653,170.02014461858752,206.4469404214574,221.24038376963256,195.6471007542895,223.72894030674482,181.16960718501122,207.65737171403555,219.54539343396112
5863,154.76823294339903,180.0258946056833,170.04950069407434,206.47343981029337,221.2766477377181,195.6796309363485,223.7650191356457,181.19947061022702,207.6916257160557,219.58046021968764
5864,154.7947652054825,180.0551544250189,170.0788608380476,206.49989615948888,221.3129121154921,195.71216550869158,223.80109812366817,181.22932963037312,207.72588019198372,219.61552577834047
5865,154.82130747172585,180.08441498732319,170.10823350573267,206.5263351631998,221.349173615785,195.7447073099683,223.83717720586085,181.25918657644092,207.7601346282892,219.65058958113525
5866,154.84785427240163,180.11367125711456,170.1376146885975,206.5527900501751,221.38543392058978,195.77725326406255,223.87325626027314,181.2890441338531,207.7943864167041,219.68565326230765
5867,154.87440397586553,180.14292796426994,170.16699804297892,206.5792640026903,221.42169382249824,195.8098001744961,223.90933477973257,181.31890586619713,207.82863671593864,219.72071727001733
5868,154.90096211457242,180.1721810579108,170.19637161222826,206.60574821354123,221.45795472776152,195.84234807848685,223.9454132175119,181.3487707422579,207.8628877911574,219.75578167333566
5869,154.92752406347597,180.20143541319248,170.22574306485527,206.63222200544175,221.4942159586203,195.874896450729,223.9814918170015,181.37864040203456,207.8971422499545,219.79084751194543
5870,154.95408371700765,180.23069252108758,170.25510291489059,206.65870718819673,221.53047589091912,195.9074463670641,224.01757037965663,181.408511850046,207.93139946634,219.82591490669233
5871,154.98063967439828,180.25995055511905,170.28446889239603,206.6851920751553,221.56673605682167,195.93999676305225,224.0536484720686,181.43838021819136,207.9656570280554,219.86098273699713
5872,155.00719756532843,180.28920697245823,170.3138373136363,206.71170397074593,221.6029964861533,195.97254223423207,224.08972635671836,181.4682489580385,207.99990965205623,219.8960504450399
5873,155.03375805364547,180.3184637676211,170.3431994289768,206.7382245502538,221.6392611166537,196.0050838258465,224.12580433641978,181.49811400272176,208.0341554378587,219.93111593987905
5874,155.06032353043483,180.34771733230627,170.37255962943348,206.7647538467231,221.6755269547367,196.03762552147802,224.16188236598467,181.52798164144102,208.06840090039756,219.96618084847287
5875,155.08688010961095,180.37697257250312,170.40192471380783,206.79129620030523,221.7117945338013,196.07016557755867,224.1979603130776,181.55785214192707,208.10264648120275,220.00124600378976
5876,155.11344151455782,180.40622897330076,170.4312693067096,206.8178088977557,221.74806279338804,196.102696568879,224.23403856099526,181.58772346863242,208.13689203431787,220.036311452812
5877,155.13999602142758,180.43548356541297,170.4606165661012,206.84429652114477,221.78433229537114,196.13522582518118,224.2701168917549,181.61759345667144,208.17113672458512,220.07137630262537
5878,155.16655176592664,180.46474077262098,170.48996963897366,206.87079313796283,221.82060558794527,196.1677515676235,224.30619543373956,181.6474565774672,208.20537916434344,220.10644096436283
5879,155.1931062777771,180.4939988043384,170.51933479916187,206.89729219200288,221.85687990066987,196.2002768367382,224.34227404791318,181.67732037973596,208.23962185808907,220.14150340761677
5880,155.21966506987764,180.52325648861705,170.5487033058286,206.9237865938058,221.89315487380668,196.23279877086807,224.37835250308638,181.7071849063986,208.2738630036755,220.17656440805192
5881,155.24620875681475,180.55251674260555,170.5780608741522,206.95029784224306,221.92942985850598,196.26532135888095,224.41443069957626,181.7370508133379,208.30810288588248,220.2116254963555
5882,155.27274817184528,180.5817792971243,170.6074116787463,206.976851018357,221.96570508394322,196.29784513416257,224.45050881768807,181.766917456948,208.3423417357216,220.24668757824747
5883,155.29929376509563,180.61104325153647,170.6367657452722,207.0034191167777,222.00198449277542,196.33036768287238,224.48658688086329,181.7967792468206,208.3765764161369,220.2817498948237
5884,155.3318245678716,180.6445371337462,170.67028529777966,207.03596209486113,222.03821618648558,196.36495301579166,224.5226303554932,181.83047789642566,208.41171468908254,220.31715025541104
5885,155.44944306059304,180.76256011982986,170.78831906538835,207.1535857012117,222.1571997347161,196.4834344111733,224.6415875530525,181.94858688481534,208.53042831927525,220.43597396241327
5886,155.4532737916496,180.7685839274583,170.7944029915505,207.15730009447404,222.16795162750313,196.49167681989277,224.65283129710372,181.9546684724061,208.53983272913155,220.44572868122697
5887,155.47785806119543,180.7959920689125,170.82190226664997,207.18172450603817,222.20124525207797,196.52188567344965,224.686725249889,181.98215111004728,208.5714779576968,220.47780095426353
5888,155.50452903444025,180.82553616762112,170.85154450974358,207.20822459399804,222.23679324114542,196.5542910786967,224.7228839771279,182.01177969176294,208.6053478442856,220.51210625892108
5889,155.53141335720483,180.85529346758355,170.88139985989363,207.2349277714957,222.27256667573042,196.5869186489091,224.75926780395974,182.04162427354305,208.6394399593098,220.546635018686
5890,155.55833368791306,180.8850685065808,170.91127568956642,207.26164568828665,222.30836270596552,196.61957606745418,224.79567437424592,182.07148691782052,208.67355380015724,220.58118624927084
5891,155.58526427456138,180.9148447425364,170.94116059994144,207.28836129108907,222.34416085930408,196.65223751994276,224.832083381634,182.10135228827684,208.70767468599726,220.61573927951773
5892,155.61217765959125,180.94462382907417,170.97104857677888,207.3150483752038,222.37995922191124,196.68489569855996,224.8684925518996,182.13121892496704,208.74179812503849,220.65029208669773
5893,155.63908638391132,180.9744075102023,171.00094305888823,207.3417325835569,222.41575773271353,196.71755873565857,224.90490259783536,182.16108130886096,208.7759217922845,220.68484280891863
5894,155.66598381371534,181.00419756645846,171.03084180812257,207.368405265631,222.45155627726672,196.75022319952507,224.9413131040475,182.19095011307462,208.810046955781,220.71939417357768
5895,155.69288427349383,181.03398955163644,171.06072407303373,207.3951094213045,222.48735477544915,196.78287435224712,224.97772510983856,182.22082253294707,208.84417414399283,220.75394476808273
5896,155.7197702040256,181.063781522391,171.090605223214,207.42182851447615,222.52315326773038,196.81551893959139,225.01413748789463,182.25069591887717,208.87830169454358,220.78849752897156
5897,155.7466305205501,181.09357109504487,171.12047129843884,207.44854537700888,222.5589517236904,196.84816807317378,225.05054988822374,182.28056957122152,208.91242712066884,220.82305341276012
5898,155.77348549847457,181.12335980012136,171.15031940191272,207.47526931394762,222.59475017489353,196.88082148584328,225.08696228834103,182.310440671739,208.94654929816494,220.85761002719047
5899,155.80031614323553,181.1531462836496,171.18018896822508,207.50200041635892,222.63054862978686,196.91347588111012,225.1233722219656,182.34031055400234,208.98066944516512,220.8921647351882
5900,155.82713267596907,181.18293560696887,171.21007153023837,207.52867295192917,222.6663467685953,196.9461285004395,225.15977968083988,182.37018012537948,209.014789917001,220.92671879164033
5901,155.85394278408603,181.21272631735368,171.23995654091848,207.55529343721037,222.7021445520961,196.97877672491379,225.19618720432996,182.40004715387445,209.04890643667144,220.96127364632085
5902,155.8807319019971,181.24251703985152,171.269836129803,207.58188662652958,222.7379419277484,197.01141304778577,225.23259576140964,182.42991280574475,209.08302305565158,220.9958325540076
5903,155.90752482626746,181.27230813937908,171.29971633745453,207.60848799786254,222.77373926008607,197.04404249977,225.26900454355314,182.4597747587307,209.11714006112302,221.03039383150897
5904,155.93431989680792,181.30209214777636,171.32960738264686,207.63507413768954,222.80953635741483,197.07668073197513,225.30541316838594,182.4896364833151,209.15125145406526,221.06495633717938
5905,155.9611090019258,181.33187711785735,171.35950975760898,207.6616512749802,222.8453335483096,197.10932390761724,225.34182137122406,182.5194959764507,209.1853581083684,221.09951884220445
5906,155.9878789865682,181.36166465300278,171.3894169201752,207.68820679704055,222.8811307865743,197.14196750791487,225.3782287908598,182.5493531553654,209.21946260746262,221.1340764735929
5907,156.01464332927955,181.3914514227351,171.41933632163918,207.71475847389493,222.9169278289994,197.17461710246369,225.41463513506895,182.5792103387692,209.25356829537225,221.1686322103614
5908,156.04140809268577,181.42122659514217,171.44927815537434,207.74132297508746,222.9527247201162,197.20727263152324,225.45104138414817,182.60906799358256,209.2876741936336,221.2031875628686
5909,156.06815174660838,181.45099969074673,171.47923164602017,207.76788983834695,222.98852137724685,197.23993092141797,225.48744710245177,182.63892586884572,209.32178073122233,221.23774551744242
5910,156.0949031872107,181.4807665504967,171.50918742785083,207.79446447292045,223.02431789188773,197.27258972761487,225.5238520250046,182.6687819996266,209.3558852544846,221.2723080475239
5911,156.12165925870607,181.51053028677933,171.53914803347763,207.82100231469107,223.06011473221744,197.30524387832386,225.56025669154076,182.69863495024788,209.3899900588104,221.30687225194836
5912,156.14840656988207,181.54029945134675,171.5691171215644,207.84756627426708,223.09591171827958,197.33789745205584,225.59666096193376,182.7284922714348,209.42409494902662,221.34143647604458
5913,156.1751601134266,181.57007511090734,171.59909475181945,207.87414695911258,223.13170870200122,197.37054706161194,225.63306460142044,182.75835237121055,209.45820020077574,221.37599891603574
5914,156.2019160107894,181.5998529823177,171.6290863046283,207.90073430382157,223.16750546602654,197.40319480713524,225.66946804558978,182.7882149499429,209.49230645258726,221.4105592387636
5915,156.22865387817845,181.62962834253196,171.6590824232964,207.92730101606477,223.20330216182398,197.43584432254943,225.70586973846642,182.8180785120442,209.5264113555179,221.44511813267323
5916,156.25537823537942,181.6594062515636,171.6890732166925,207.95385616931168,223.23909888502183,197.46849389933902,225.74227059479028,182.8479387581715,209.5605163754198,221.4796773708632
5917,156.28210537902822,181.6891818717565,171.71904353672605,207.9804023186901,223.2748955973327,197.50113769953532,225.77867005229302,182.877798613456,209.5946251612922,221.5142315749455
5918,156.30881458815009,181.71895978695545,171.74902350880203,208.0069308796479,223.31069207005558,197.53378056626696,225.81506954416182,182.90766191721963,209.6287371282251,221.5487816388639
5919,156.33551571983963,181.74873402126647,171.7790097171992,208.03346492135637,223.346488357065,197.56642482466648,225.85146879648778,182.93752885563546,209.66285472255592,221.58333339856836
5920,156.36221509921876,181.77851575313656,171.80899338076273,208.05998596008263,223.38228467313934,197.5990613029889,225.88786729389338,182.96739858968746,209.69697418115976,221.61788732990883
5921,156.38890939033618,181.80830412024233,171.83897446913886,208.08651463971316,223.41808099702556,197.63169804568906,225.924265483249,182.997270125592,209.73109525370356,221.65244161113569
5922,156.4156052918692,181.83810058277297,171.8689498588024,208.1130330432372,223.4538773991822,197.66432636510783,225.9606644022491,183.02714209867423,209.76521811777874,221.6869946264409
5923,156.44229240105727,181.8679013426316,171.89892858938558,208.13955314527792,223.48967384701928,197.69695309532887,225.99706345614993,183.05701349865564,209.79934132373188,221.72155072659046
5924,156.4689760005012,181.89771157700721,171.92890627228093,208.16606285826484,223.5254701748284,197.72957835352852,226.03346192753318,183.08688415946418,209.83346345135536,221.75610751799638
5925,156.49566362617801,181.92752697333168,171.9588691747432,208.1925713446094,223.56126651209422,197.76219718147237,226.06986113186548,183.11675601046497,209.86758598498577,221.79066528514645
5926,156.52232608577694,181.9573431295593,171.98883038784084,208.21912833184362,223.5970630934648,197.7948079269083,226.10626050014397,183.14662875976748,209.9017108697388,221.82522529640565
5927,156.54896312577105,181.9871583367442,172.01876352047336,208.2457177850175,223.6328598818924,197.82741815030835,226.14266019288306,183.17650035182447,209.93583649121982,221.8597878176996
5928,156.57558382938794,182.01696606080586,172.04868616451444,208.2723205998343,223.66865682292052,197.86002701244567,226.17906036122776,183.20637604725647,209.9699619120215,221.8943509003729
5929,156.60220483071325,182.04677747468497,172.07860866716575,208.298927103098,223.7044538010933,197.8926363168936,226.21546052101976,183.2362536878163,210.0040877723256,221.92891261329353
5930,156.62882756544977,182.07658977984445,172.1085396781392,208.32554878361924,223.74025074813713,197.92524391463607,226.25185969920938,183.2661316062117,210.038215948851,221.96347129203878
5931,156.65545017542746,182.1064070885201,172.13847522155157,208.35219029861727,223.77604755364345,197.9578524788955,226.28825863318326,183.29600921757586,210.0723447046567,221.9980298331715
5932,156.68208611374334,182.13623352974167,172.16839345781884,208.37885013583983,223.8118443610582,197.9904621717789,226.32465791787752,183.32588761437265,210.10647037262538,222.0325899717864
5933,156.70872630032858,182.1660628293781,172.1983151535531,208.40551573408666,223.84764119671922,198.02307196046416,226.36105726217883,183.35576984865222,210.14059554856357,222.06715044480458
5934,156.735390475953,182.195887925333,172.22824257747286,208.4321814753982,223.88343792382497,198.05567828402084,226.39745593144295,183.3856530953991,210.17471838458636,222.10171090632798
5935,156.7620658439665,182.22571138075347,172.25817622620903,208.45883800436533,223.91923483400112,198.08828462610379,226.43385439556582,183.41553527240774,210.2088420954222,222.13627070634055
5936,156.78874765462666,182.25553056378288,172.28811515756092,208.48549845634122,223.95503197426157,198.12089234982284,226.47025216216474,183.4454193980448,210.24296548908262,222.17082908916038
5937,156.81543273685705,182.28535092002096,172.3180571500281,208.512132972814,223.99082915937987,198.1534971254489,226.5066492048523,183.47530704436073,210.27708727568432,222.20538075731696
5938,156.84212063582368,182.3151714016554,172.34800088178915,208.5387604506996,224.02662629830436,198.18609421475625,226.54304638662134,183.50519600775493,210.3112102584807,222.2399292157789
5939,156.86879900004163,182.34499245629567,172.37792398430162,208.56540330648278,224.0624231805181,198.21869244821042,226.57944425396846,183.53508552508933,210.3453354480462,222.27447099138686
5940,156.89548453779844,182.37481445409102,172.40784254315665,208.59200944084213,224.09821996808785,198.25129087530587,226.6158433888243,183.56497528830133,210.37946207026198,222.3090131957442
5941,156.92215832536354,182.40463886388352,172.43777000297226,208.6186119077295,224.13401677049026,198.28388510825084,226.65224333657164,183.5948635593252,210.41358880268785,222.34355712354062
5942,156.9488460702191,182.43446520755347,172.46770250312326,208.6451965893407,224.16981370058394,198.3164778826578,226.68864338672134,183.62475212573287,210.44771124243601,222.37810140190024
5943,156.97554649628006,182.4642970546077,172.49763597073098,208.67178476032814,224.20561068604275,198.34907867496767,226.725042917619,183.65464196871497,210.48183187454174,222.41264702938207
5944,157.00225298345865,182.494130811677,172.52756031026286,208.69838172520977,224.24140762128815,198.3816870220052,226.7614420375938,183.68453470935953,210.5159520971544,222.4471959004572
5945,157.02896114091303,182.5239650594607,172.5574830243698,208.7249722343113,224.27720465431852,198.4142972709706,226.79784089222196,183.71442898442834,210.5500690966782,222.48174552434696
5946,157.0556691964661,182.55378966563666,172.58739547071806,208.751556687039,224.31300183293834,198.44690288893557,226.83423818858884,183.7443239931153,210.5841842109081,222.51629536770204
5947,157.08239267453718,182.5836171690486,172.6173085259138,208.77815274282418,224.34879915754317,198.47950852344792,226.8706337610826,183.77421990522453,210.6182993633715,222.5508453278501
5948,157.1091231444493,182.61344747634973,172.64721642070765,208.80472993590158,224.38459687994015,198.5121138560947,226.9070280601604,183.80411204970662,210.65241210905415,222.58539021794678
5949,157.13585012355225,182.64328071653568,172.6771302022518,208.83129528357102,224.4203946827362,198.54472116411432,226.94342240126,183.83400359724507,210.68652400311723,222.61993527757727
5950,157.16257428683096,182.67311799391967,172.70704721396442,208.8578489197324,224.45619207225502,198.5773291057277,226.97981542087362,183.86388987876964,210.72063933259702,222.6544840816381
5951,157.18929260702873,182.70296127718228,172.7369451471652,208.88438320021615,224.49198918129892,198.60993643036971,227.0162087418658,183.89377788444114,210.7547582333003,222.68903365733743
5952,157.21600497607264,182.73280725015158,172.76683817647884,208.91091547911213,224.52778615435176,198.6425426949169,227.05260255785822,183.92366934890728,210.7888807885711,222.72358283059808
5953,157.24271853837135,182.76265374507147,172.79671648746896,208.93739034721304,224.5635831987261,198.67514923224056,227.0889968123037,183.953564381435,210.82300855936595,222.75812971585754
5954,157.26943496245107,182.7925010746882,172.8265961400625,208.9638549376124,224.59938048056247,198.7077551834893,227.12539189868136,183.98346077194321,210.85713971618898,222.79267656124858
5955,157.2961530356705,182.82235021402911,172.85647675121956,208.99033598896645,224.63517781892958,198.74036121736324,227.16178732383673,184.01334947024225,210.89127147437375,222.82722260290913
5956,157.32287313134458,182.8521978761206,172.88636666610805,209.01679334521089,224.67097509980212,198.7729661613007,227.19818271884913,184.04323917742678,210.9254021378839,222.86176624181616
5957,157.3495997516747,182.882043367318,172.91627070065843,209.043265749051,224.7067722002663,198.80557965661563,227.2345772984137,184.07312956332404,210.95953237005938,222.8963082528377
5958,157.37631741882927,182.91189389402084,172.94619159855273,209.06978011325165,224.74256958628877,198.83819619778586,227.2709707757171,184.10301335511213,210.99366258372896,222.930849610131
5959,157.40302955713176,182.94174604170567,172.97612866139502,209.0963123542901,224.7783670522406,198.87081255512769,227.30736452662583,184.13289753163477,211.02779270746302,222.96539522772537
5960,157.4297444643996,182.9715999809388,173.00608951443246,209.12283307350847,224.81416451823375,198.90342983749252,227.34375889750442,184.16278170609513,211.06192449620707,222.99994322326802
5961,157.45643929731213,183.00145696710823,173.03606528117697,209.149361521735,224.84996201836617,198.93604518159444,227.38015336148916,184.19266509143702,211.096057040716,223.03449150586601
5962,157.48312099410393,183.03132173364946,173.06605078544592,209.17587594335652,224.88575981303987,198.96866101437328,227.41654700709225,184.22254747402235,211.130189605142,223.06903888251168
5963,157.50978888407377,183.0611899980936,173.09603916871805,209.20237037695003,224.92155772735296,199.00127192388643,227.45293947188807,184.25242422209368,211.1643242824045,223.1035874711318
5964,157.53643469191329,183.0910585472628,173.12602389641506,209.2288568248778,224.95735578504318,199.03388522886135,227.48933119266027,184.2822939616351,211.19846015828793,223.13813647389864
5965,157.5630874774774,183.12092728626706,173.1559877156976,209.25531634987388,224.99315386245615,199.06649859448942,227.52572332392813,184.31216694953486,211.2325980876486,223.17268455374298
5966,157.58973873538713,183.1508044401597,173.18594396904257,209.2817729136434,225.02895176705232,199.0991046062267,227.56211543136442,184.3420415376723,211.26673754460236,223.2072342612047
5967,157.61639302833956,183.18068487115997,173.2159101516013,209.3082425398094,225.0647497353756,199.13170982097097,227.59850573197485,184.37191527314374,211.30087720307526,223.24178687742307
5968,157.64304914398247,183.21056389501982,173.24588023301308,209.3346961144089,225.10054770720944,199.164316601807,227.63489737161953,184.4017897289218,211.33501496679463,223.2763438314839
5969,157.6696927898048,183.240442537896,173.27584135378234,209.36112897583635,225.13634560022885,199.19692550881572,227.67128926830128,184.43165596061414,211.3691512004557,223.31090172453003
5970,157.69633705376626,183.27032356297417,173.3057742761181,209.38757066062718,225.17214354123197,199.2295347863687,227.70767998055135,184.46152488373156,211.40328707979918,223.34545592079934
5971,157.72298431368986,183.3002056477842,173.33571665555462,209.41401875139707,225.20794149488543,199.26214519149167,227.74407021418222,184.49139507082484,211.43742321772663,223.3800072382593
5972,157.7496253567249,183.33008210719726,173.36566264974732,209.44048775577497,225.2437394288043,199.2947564975863,227.7804590735404,184.52126493483246,211.47155741213294,223.41456237979216
5973,157.77627957966072,183.35995552230287,173.3956094325114,209.4669635189779,225.2795372167263,199.3273623508582,227.81684802123746,184.5511367059863,211.50568992794624,223.44911894766184
5974,157.80293809952164,183.38981995298835,173.42555943512048,209.49343658228113,225.31533504007112,199.35996533312064,227.85323653035832,184.5810103976691,211.5398176032033,223.48367683740884
5975,157.82960109796701,183.41967919900222,173.45551131997402,209.51988687638985,225.3511331444596,199.39256937333732,227.8896251591907,184.6108843180657,211.57394610998116,223.51824115282986
5976,157.85626795430582,183.4495372247457,173.4854674692042,209.54633348771875,225.38693131927516,199.42517421571822,227.92601386598207,184.64075211827503,211.60807615217212,223.55280733014717
5977,157.8829230836361,183.47939266069872,173.51542496651646,209.57279018539234,225.42272935107383,199.45777847169373,227.96240254974896,184.67062021484364,211.642207981706,223.58737450177898
5978,157.90957981948176,183.5092360011012,173.54537596112786,209.5992520897477,225.45852746149265,199.49038278645534,227.99879116320335,184.70048858975284,211.67634021306563,223.62194463288523
5979,157.93624706139454,183.5390771607015,173.57531287459452,209.62570262089238,225.494325631326,199.522991757892,228.0351799589484,184.73035487958202,211.71047374194438,223.65651525182878
5980,157.96292089580135,183.56891209748412,173.60525205565185,209.65214599255034,225.53012379146503,199.55560531188925,228.07156884214976,184.76022159137602,211.74461008837142,223.69108481586514
5981,157.98959873893895,183.59874093941028,173.63519743860564,209.67859992201113,225.56592199313496,199.58821977222934,228.10795771449236,184.79008807379589,211.7787489676961,223.72565943989056
5982,158.01628438003402,183.6285693387305,173.66512974948407,209.70506454278174,225.60172054574477,199.62082780317937,228.14434614725226,184.81995510097258,211.81288828424627,223.76023601455677
5983,158.04297398866592,183.65839651101314,173.69506395209925,209.73151435383772,225.6375191604897,199.65343083296383,228.18073380095726,184.84982231754017,211.84702422307404,223.79481587252837
5984,158.06967637546217,183.68822348624118,173.72499365413964,209.75790657383172,225.67331747659674,199.68603416003194,228.2171212635653,184.87968986650557,211.881160966863,223.82939671264327
5985,158.09639323430812,183.7180513079124,173.75492394661404,209.78425380061873,225.7091156969254,199.71863959998322,228.2535091535232,184.90955801219775,211.9152978611763,223.86397812777105
5986,158.12311553259175,183.74787954294342,173.78485218666833,209.81062471646993,225.74491383284644,199.75124362894712,228.2898975745127,184.93941989422322,211.94943358739224,223.89855968218757
5987,158.14982938892862,183.77770845709534,173.81478381231474,209.83701952601075,225.78071204372836,199.78384528766233,228.3262860681282,184.96928056637145,211.9835696356061,223.93314020463623
5988,158.17653181984758,183.80754635977294,173.84471243740313,209.86342185013388,225.81651011504675,199.81644800304323,228.362674406421,184.99913881424504,212.0177055043213,223.96771994586427
5989,158.2032281699096,183.8373874920689,173.87463399182127,209.88982877374212,225.85230820791367,199.8490471729157,228.39906274544242,185.02899462260464,212.0518400522563,224.00229494689933
5990,158.22992783429513,183.8672231622443,173.90454330527007,209.91621357122787,225.88810647864017,199.88164624069753,228.4354497355376,185.0588496008475,212.08597550447158,224.03686710231733
5991,158.25662736699053,183.8970518263799,173.93445462152687,209.9426032636086,225.92390479081828,199.91424732885085,228.47183654256307,185.08870304858715,212.1201116512102,224.07143391372423
5992,158.28332084363683,183.92687939915314,173.96436775533064,209.96898073820108,225.95970308481466,199.9468494908442,228.5082220171786,185.11855694642904,212.15424501484577,224.1059994397915
5993,158.31590886561423,183.96056245796365,173.99808386911707,210.00145186872453,225.99548585747183,199.98146102527394,228.5445501764012,185.1522520912092,212.18935169035655,224.14124357607162
5994,158.43355139040028,184.0786648982196,174.1162001924629,210.11904529909992,226.11440655675494,200.09995342528998,228.66354722980347,185.2703596075724,212.3080520496266,224.26000166886482
5995,158.4372146411273,184.08495167478605,174.1226408941655,210.1228151333108,226.1257741071244,200.10784263121914,228.67456565132247,185.27687678435075,212.3175768502486,224.26971443161975
5996,158.46155827455166,184.1126937567902,174.15057481282767,210.14731163111477,226.1598166891577,200.13760386463994,228.70818429813588,185.30491918445045,212.34937137686532,224.30174003472854
5997,158.48795829491792,184.14258094335258,174.18065753229266,210.17388332025175,226.1961256637994,200.1695522334311,228.74406296259724,185.33511839655483,212.38339515966575,224.33599953872115
5998,158.51455365210097,184.17268136240475,174.21097008776212,210.20068180111429,226.23266428152684,200.2017158647408,228.78016762714094,185.36552970630405,212.41764371070312,224.37048072139208
5999,158.54116243438853,184.20280397281576,174.2413143814378,210.22750724666994,226.26923073941964,200.23390367363785,228.81629488529776,185.39596448944874,212.45191277844825,224.40498473913377
6000,158.56776919685385,184.2329330029703,174.271665804588,210.25431650856362,226.3058014242066,200.26609898248708,228.85242440173738,185.42640655554843,212.48618560994606,224.439490859914
6001,158.594366860029,184.26306829600526,174.3020212537502,210.2811046992339,226.34237522829721,200.29829588827792,228.88855414225955,185.45685020407458,212.520459164264,224.47399681076453
6002,158.6209589792865,184.29320570482597,174.33237985462446,210.3078859134613,226.37894979358202,200.33049317944818,228.92468390058596,185.48729527707548,212.55472900126972,224.5084991738979
6003,158.6475483909599,184.32334069968843,174.36273984432813,210.3346395831214,226.4155235347081,200.3626919256284,228.96081365906545,185.51774217857903,212.5889988941762,224.54299928218208
6004,158.67415038134047,184.35347758377898,174.3930864173572,210.36133223487786,226.4520962636139,200.39489126409796,228.99694341869306,185.5481924915275,212.62326866306412,224.57750025097127
6005,158.7007593208861,184.3836194420442,174.4234254847019,210.38798448147247,226.4886703627149,200.4270925013884,229.0330731795569,185.57864433510608,212.65753634145696,224.61200109574065
6006,158.72736258727085,184.41376912226957,174.4537877057793,210.41460707765867,226.52524460868392,200.45929514108786,229.0692029391481,185.60910167342647,212.6917971740767,224.64649609351886
6007,158.7539813953293,184.44392103183114,174.48417136560855,210.44123906233415,226.5618173926687,200.49149806788373,229.10533269238013,185.63956118273967,212.72605791512777,224.68099137906444
6008,158.78060636149326,184.47407895844506,174.5145730733213,210.46788700108516,226.59838932171007,200.52370100034807,229.14146243906936,185.67002896949327,212.7603214996568,224.7154901276063
6009,158.80724367630907,184.5042462419804,174.54498931832887,210.4945595982075,226.63496445354363,200.55590091621897,229.1775921845712,185.70050270254967,212.79458895083604,224.74999451141952
6010,158.8338889593845,184.53441781923567,174.57541009022174,210.52125395644785,226.67154098242088,200.58809724572055,229.2137219253196,185.7309771512618,212.82886068715462,224.78450014743797
6011,158.8605370524733,184.56459025724917,174.60581991910496,210.5479557665452,226.70811503737883,200.62029695507954,229.24985166455016,185.76144539337034,212.86313821784694,224.81900253188124
6012,158.88718009677578,184.59476128077944,174.63623591510333,210.57464640422918,226.74468902912818,200.6524981351631,229.28598140475088,185.79191542017645,212.8974171478167,224.85350659618655
6013,158.91384367269293,184.62494062431608,174.6666082174676,210.60132347891613,226.78126363968653,200.68470460808035,229.32211114083594,185.82239204510117,212.931695051138,224.88801102918788
6014,158.94051578386984,184.6551231430255,174.69697583816472,210.62804143229323,226.81783836252524,200.71691311734648,229.3582408697315,185.85287219009996,212.96597347736622,224.92251470903787
6015,158.96718242329035,184.68530161504998,174.72734815494564,210.6547703958801,226.8544124522089,200.7491216954559,229.3943705970364,185.88335307277222,213.00024990166168,224.95701869203458
6016,158.99384305051169,184.71547437893386,174.75772698053296,210.68150255507675,226.89098662475578,200.7813314777342,229.4305003166683,185.9138332596541,213.03452653393958,224.9915216662532
6017,159.020507361749,184.745649726285,174.78810859006694,210.70819583279018,226.92756135216155,200.81354284304788,229.46663003331375,185.94430884342543,213.06880229031418,225.02602370064983
6018,159.0471739971089,184.77582982092704,174.81847452853563,210.73490558906707,226.9641329070431,200.8457545034883,229.5027597472878,185.97478617622838,213.1030784345601,225.06052858081014
6019,159.07383138663548,184.80601444938335,174.84882008979565,210.7616174042613,227.00069920003114,200.8779632592775,229.5388894620736,186.0052625308133,213.13734877868728,225.0950352388319
6020,159.10049243376142,184.83620053699906,174.87916346471357,210.78833519042215,227.03726296362044,200.91016881586555,229.57501917382285,186.03573196160258,213.17162062558893,225.129542543823
6021,159.12715383697883,184.8663897164577,174.909500696877,210.81501045821616,227.07382747633585,200.94237650536658,229.61114888105595,186.06620250127344,213.20589407734647,225.1640497044439
6022,159.15380602175063,184.89658705466073,174.9398186112527,210.84167986463396,227.1103918229974,200.97459044826567,229.64727858171713,186.0966744880272,213.24016733485848,225.1985534632016
6023,159.18045058042162,184.92678839979519,174.97012115923226,210.8683778512705,227.1469559383578,201.00680626543883,229.68340827947907,186.1271526572896,213.27443387718873,225.23305773444068
6024,159.2070941433417,184.95699331361277,175.00042527396715,210.8951008212494,227.18351565813683,201.03901914701208,229.7195379778862,186.15763472275378,213.30870027485642,225.26756271889627
6025,159.23374221304627,184.98720216830458,175.0306975399743,210.9218345526347,227.22007627353722,201.07123001110483,229.75566767742157,186.1881234955244,213.34296565498877,225.30206777648863
6026,159.26037920525073,185.01741654607176,175.06095113456712,210.94853497094536,227.25663831499858,201.1034395798273,229.79179737815667,186.21861959949575,213.3772344436675,225.33657024221392
6027,159.28702479453898,185.04763589567642,175.09120925727692,210.97521261968225,227.2931998111988,201.13564990543918,229.82792708412995,186.24911811764838,213.4115039654612,225.37107176457366
6028,159.313674933393,185.07785662066678,175.1214947430757,211.0019185869752,227.32975931872116,201.16786036230872,229.8640567943514,186.2796281098743,213.44577221548036,225.4055705122211
6029,159.34031706752714,185.1080748324457,175.15179785447717,211.0286408844242,227.36632278050524,201.20007091909747,229.90018650668713,186.3101446701147,213.48003514933143,225.44006970521139
6030,159.36696252366943,185.1382875082404,175.18211185804338,211.05533314414367,227.40288690064557,201.23228182245563,229.93631621899252,186.34066224641163,213.51429251730306,225.47456820553697
6031,159.39359130607383,185.16848938174843,175.21242941526745,211.08202990972637,227.43944988241486,201.2644869892578,229.97244592575836,186.37117961118193,213.54855071328973,225.50906329322203
6032,159.4202234301163,185.19868347472968,175.24275131423687,211.10871157701433,227.47601414551383,201.29668598641135,230.0085756292537,186.4017013719824,213.5828138835871,225.54355349205588
6033,159.44684703711582,185.22887883388515,175.2730792633091,211.13537549706476,227.5125792275834,201.32887824815737,230.04470533762156,186.43222447290287,213.6170803713695,225.57804228087988
6034,159.47347632115446,185.2590820941524,175.3034080456507,211.16200819311788,227.54914451124927,201.361069074988,230.08083504688446,186.4627429581332,213.65134725874816,225.6125291055887
6035,159.5001077587437,185.28929103845968,175.33371017252227,211.18864493400483,227.58570969956108,201.39326050806255,230.1169647542843,186.49326734604185,213.68561037409987,225.64701628862085
6036,159.52673680236921,185.31950826907902,175.36398380320804,211.21522164655008,227.62227747814396,201.42545004185018,230.15309446890382,186.5237958672963,213.71986629748466,225.68150220037117
6037,159.5533554041433,185.34973299720974,175.394247685204,211.24179180657038,227.65884602958536,201.4576396223428,230.1892241871638,186.55432542912155,213.75412192044098,225.71599157021492
6038,159.5799795074442,185.37995967839427,175.42451396906287,211.2683341499969,227.69541628317873,201.48983137667807,230.22535390544851,186.58485524186074,213.78837706795,225.75048173203695
6039,159.6066167359645,185.4101844976669,175.45474462392173,211.29489709821132,227.73198792131515,201.52202344295975,230.26148362147154,186.6153831475779,213.82263276319185,225.78497044410915
6040,159.6332605345968,185.44040347292406,175.48495955713068,211.3214861071671,227.76855958624617,201.55421326375873,230.29761333720342,186.64590613665231,213.85688847732834,225.81945512128274
6041,159.6599075917143,185.47063133591217,175.51517201313348,211.34808853930028,227.8051314104833,201.586403566229,230.33374304791386,186.67641915353138,213.89114546288434,225.8539378871406
6042,159.68654357136816,185.50086270010868,175.54538689326355,211.37469611976906,227.84170366395014,201.6185943318281,230.36987275617284,186.70692545567388,213.92540258486002,225.8884221083531
6043,159.71318465428962,185.5310837018368,175.5755997245251,211.40130139540426,227.87827542710224,201.65078235393855,230.40600246503058,186.73743337236087,213.95965889418233,225.9229084174602
6044,159.73983015381853,185.5612969850018,175.60578813532473,211.4279130254709,227.91484509700965,201.68296744257694,230.44213217551558,186.76794173319806,213.9939154237917,225.95739711535975
6045,159.7664795681653,185.59149767578188,175.63599822678754,211.45452890141092,227.9514138279453,201.71514926711097,230.47826188750298,186.79844645516113,214.0281709725505,225.99188625581303
6046,159.7931246869859,185.62169153353844,175.66621711478956,211.48110952068248,227.9879850304571,201.74733166422135,230.51439159977846,186.82894910462304,214.06242659109944,226.02637254856677
6047,159.81977789592102,185.6518842974951,175.6964342555096,211.50769517412135,228.0245597323934,201.7795110619714,230.55052131067836,186.8594521462891,214.09668134119042,226.06085644866872
6048,159.8464419314889,185.6820800023385,175.72666113154554,211.53428230740792,228.06113846432552,201.81168587834944,230.58665101522885,186.8899506641877,214.13093805932837,226.09534023370506
6049,159.87311384414556,185.712272119037,175.7568923558946,211.56087459447818,228.09771954495858,201.84386004039976,230.6227807190093,186.92044223565696,214.16519503744308,226.12982053799067
6050,159.89978769411331,185.74245982730966,175.78710934503692,211.58742819430117,228.1343009212324,201.87603022043882,230.65891042221142,186.95093704600413,214.19944756672012,226.16429778996977
6051,159.92646227153074,185.77265421895467,175.81729185922785,211.61393339875073,228.17088037401868,201.90820061349325,230.69504012404772,186.98143439897814,214.23370108871563,226.19877149539766
6052,159.95313938161928,185.8028511173484,175.847476948859,211.6404559041461,228.20745270582177,201.94037535655397,230.73116982628022,187.0119330109137,214.26795466741828,226.23324195913688
6053,159.9798185905729,185.8330403348313,175.8776732123194,211.66699009019214,228.2440224999092,201.97255235008592,230.7672995247221,187.04242076033654,214.3022038095495,226.26770874590946
6054,160.0064919946216,185.863223910955,175.90787736459365,211.69351286971502,228.28059290187971,202.0047287324557,230.80342922132007,187.07290950284357,214.3364462627296,226.3021758702417
6055,160.03316851495532,185.89340250493066,175.93806858371877,211.72001107940483,228.3171653952111,202.03690335333408,230.8395589164887,187.1034004643474,214.37068835862172,226.3366426016057
6056,160.05983520370776,185.92357783231134,175.9682572437482,211.74653743054796,228.3537385013903,202.0690792936836,230.87568861022208,187.13389682601917,214.40493058709762,226.3711063760278
6057,160.08647685304138,185.95375206645693,175.9984221084741,211.77307359910972,228.39030893827396,202.10125586797685,230.9118182979672,187.16439549570674,214.43917023253243,226.40557389441523
6058,160.11311889804344,185.98392480103593,176.0285744008848,211.7996085838748,228.4268800427479,202.13342734970254,230.94794799599552,187.19488450566075,214.47340852964174,226.4400431716044
6059,160.13976303384678,186.01409760246773,176.05872706753598,211.82614199849695,228.46344951927202,202.16560173503566,230.98407770013816,187.22538819782622,214.50764301224123,226.4745125394745
6060,160.1664209455019,186.04427111373576,176.08888422228242,211.85268076405094,228.50001906124436,202.1977771701383,231.02020740640182,187.25589717931564,214.54187761767264,226.50898435047898
6061,160.19309497658847,186.07444482512594,176.11904752125378,211.8792274914896,228.53658684611935,202.22994925226848,231.05633711257303,187.28639854108437,214.57611493055725,226.54345729353847
6062,160.2197884218985,186.10462215735365,176.14921185404035,211.9057597270015,228.57315484008393,202.26212069044016,231.09246682034555,187.3168986831294,214.61035591894336,226.57793334205292
6063,160.24649137578945,186.13480100628377,176.1793765097764,211.93229733376373,228.60972363217874,202.29429227051983,231.1285965299753,187.3474042249092,214.644598037452,226.61241098500125
6064,160.27320261384955,186.16497730182138,176.20954631597093,211.95884313869442,228.6462915925752,202.32646309021783,231.16472623723064,187.3779129983135,214.67884251921745,226.6468918662635
6065,160.29991776631772,186.19515426287546,176.23968649289972,211.9853553980755,228.68285748529922,202.35863339367208,231.20085593509262,187.40841707542927,214.7130897975379,226.68137366165098
6066,160.32662675526166,186.22533195811366,176.26982952162123,212.0117875762137,228.71942351363188,202.39080392276634,231.2369856333739,187.4389147608815,214.74733771688048,226.7158592116121
6067,160.35333464349918,186.2554974794309,176.2999817376423,212.0382040369095,228.75598909879668,202.42297620927928,231.2731153331968,187.4694126990491,214.7815862693919,226.7503493070485
6068,160.38002010918763,186.2856633825256,176.33014454476628,212.06462287393555,228.79254870247314,202.4551496322397,231.30924504136286,187.49991303193616,214.815835089014,226.78484026941936
6069,160.40671047853516,186.3158254245312,176.36031040174487,212.0910564142162,228.82910611351375,202.48732523618668,231.3453747519161,187.53041042456402,214.85008122235845,226.81934083259617
6070,160.43340534765483,186.34598778113607,176.39048488939991,212.11752536356198,228.86566510579019,202.51950507887472,231.38150446133812,187.56089211535152,214.8843273981693,226.85384501267458
6071,160.4600883153841,186.37615128104406,176.42066370954248,212.144012374162,228.90222747349543,202.55168615978187,231.41763416691836,187.5913666188716,214.91857416348216,226.88835339339096
6072,160.48676814942286,186.40631679570993,176.45084416940406,212.1705030355817,228.93879062528902,202.58386941007157,231.45376386594938,187.6218296075806,214.95282336957166,226.92286718286425
6073,160.51343965350028,186.4364770214521,176.48099453837185,212.19699126315112,228.97535465615843,202.6160538356076,231.48989356128757,187.65230539779537,214.9870751406412,226.95738460455763
6074,160.54010569169122,186.4666300693832,176.51114047660505,212.22348398815163,229.01192033196105,202.64823531881385,231.52602325245516,187.68278560466626,215.02132723490737,226.99190508688974
6075,160.56677518423265,186.49677845314227,176.54127432914763,212.24998036565145,229.04848854239745,202.68041138727548,231.56215293767818,187.71327166513697,215.0555741125741,227.0264270699448
6076,160.59345046857248,186.52692564326154,176.57139264071935,212.27648602964072,229.08506075699609,202.71258609744194,231.59828262634713,187.74376237310454,215.08981773173338,227.06094917155556
6077,160.6201314501495,186.5570737489981,176.6015040111531,212.30299747517859,229.12163443847686,202.74475876614366,231.63441232288733,187.7742568717154,215.124058010483,227.09546859209132
6078,160.6468210417707,186.58722094832632,176.63160289272676,212.32953465168265,229.1582109982225,202.7769324110958,231.67054202285138,187.80475252525235,215.15829690359544,227.12998302046535
6079,160.67351720659715,186.61735975558668,176.66171056268988,212.35609435075858,229.19478999050418,202.8091061294468,231.70667172319017,187.8352485405343,215.192535831682,227.16449972280037
6080,160.70018807054066,186.64750033952842,176.69183713457028,212.38263731098786,229.2313707531039,202.8412801795325,231.74280142214664,187.86574506120317,215.22677418589657,227.19901831155047
6081,160.72684379466926,186.67763918670786,176.72198667319344,212.40913715033616,229.26795251273637,202.8734576117313,231.77893112325611,187.89623972457835,215.2610056994333,227.23353811624074
6082,160.75349764117058,186.7077780337729,176.7521432949179,212.43564236255577,229.30453441986538,202.90563759799264,231.81506082590948,187.92671928019075,215.29523724201186,227.2680598963868
6083,160.78016095071087,186.73791498761074,176.7822945725015,212.4621260464071,229.34111570685775,202.9378194976092,231.85119053045247,187.95719693652276,215.32946879966428,227.30258205194428
6084,160.8068288883949,186.76805259208,176.8124674454698,212.48862155980373,229.37769546109857,202.97000302720593,231.88732023509255,187.98767605062903,215.36370043526676,227.3371010756261
6085,160.83349108164188,186.79818878438203,176.8426561656006,212.5151337131514,229.4142780479391,203.00218695933947,231.92344993937752,188.01815877661036,215.39793123399653,227.37162007343608
6086,160.86014542558988,186.82832008887652,176.87284858176588,212.5416631942207,229.45086133930405,203.03437079219438,231.959579645454,188.0486441383854,215.43216059578103,227.40614077985475
6087,160.88679975461753,186.8584578698781,176.90303298369452,212.5682300625965,229.487443424326,203.06655376061144,231.9957093561465,188.07913081223123,215.46638991413613,227.44066260905709
6088,160.91345719374047,186.88860022635131,176.93323061082407,212.59481149648204,229.5240170175234,203.0987331789224,232.03183906941564,188.10961978984724,215.5006180182123,227.47518614085897
6089,160.9401233428292,186.91874292886197,176.963432489438,212.62139894518998,229.56058694384126,203.13090693811762,232.0679687825356,188.1401096870141,215.53484694096363,227.50971058623605
6090,160.96679420744238,186.9488830074603,176.99363044969732,212.64792633124222,229.5971516431264,203.16308082254497,232.10409848880883,188.1706020044102,215.56907636526407,227.5442370620861
6091,160.99345892504135,186.97902019316587,177.0238193980018,212.6744501529767,229.63371950785933,203.1952551078008,232.1402281849769,188.20110364770346,215.60330393147873,227.57876821266626
6092,161.02012758043372,187.00915808030396,177.0540175238083,212.70097441929062,229.67028832088636,203.22742731553248,232.17635788112227,188.23161570423395,215.63753106517407,227.6133014010471
6093,161.0468000419758,187.03929655553085,177.08422421408739,212.72747248888322,229.70685610132674,203.2596002715235,232.2124875768804,188.26213109014023,215.6717644015726,227.647835701049
6094,161.07345319806473,187.06943759756396,177.1144340854428,212.75394252338705,229.74342566410553,203.29176893404755,232.2486172766066,188.29263847357728,215.7059992485708,227.68237023055968
6095,161.1001194246931,187.0995792856636,177.1446201772878,212.78042684073213,229.7799968758361,203.32393709856407,232.28474697992266,188.32314690794493,215.74023056085423,227.71690553699332
6096,161.12679291838361,187.1297203128333,177.17480035357934,212.80692172294457,229.81656827034305,203.3561012762795,232.32087668380265,188.35364678076502,215.7744621574934,227.7514412802732
6097,161.1534546169303,187.15985857648033,177.2049591000504,212.83337503970094,229.85313757828013,203.38826584292528,232.3570063848022,188.38414279498747,215.8086918490335,227.78597942400916
6098,161.18010860888614,187.19000180730848,177.23510222748592,212.8598225254002,229.88970701487858,203.42042750618413,232.39313607992258,188.41463660043868,215.84292445033034,227.8205218176741
6099,161.20675618959189,187.22014649841844,177.26524779464907,212.886280160227,229.92627666463528,203.45258726161782,232.42926577077364,188.44513627064114,215.87716090570524,227.85506489454588
6100,161.2334077309509,187.25029008118437,177.29539230851367,212.91269166932224,229.96284575817822,203.48474703615818,232.46539546702985,188.4756390507983,215.91139820358543,227.88960552201925
6101,161.26005832264886,187.28043313732846,177.32553756329827,212.9390698193625,229.99941441659607,203.5169017120542,232.50152517446546,188.50614250510125,215.9456353423584,227.9241473365964
6102,161.28671357825013,187.31058565458457,177.3556834826704,212.96542652907416,230.03598433570428,203.5490557294872,232.5376548901891,188.53664327933612,215.9798736231741,227.95869258986704
6103,161.31928074142226,187.34438408917367,177.38948011609077,212.9978865814207,230.07248497657133,203.58352018190453,232.57374656673252,188.57055917197766,216.01501389090754,227.99393047149957
6104,161.43691450551012,187.46253498725665,177.50763025768288,213.11547535896176,230.19150617740382,203.70195080747536,232.6927105125597,188.68875940244266,216.13372835891113,228.11268593734079
6105,161.44048295983978,187.468487013517,177.51377364743598,213.11888826366518,230.20285469993513,203.70998883418986,232.70358145654677,188.69542379225413,216.14284387295993,228.12269855380154
6106,161.46472133428153,187.49580932770883,177.54134347422286,213.14290950351364,230.23688086201463,203.73994390747524,232.73702038342176,188.72364591463867,216.17412906262857,228.1550919450803
6107,161.49103496764153,187.525271196092,177.57105832009614,213.1689904300893,230.27317384833967,203.7720945544906,232.77271611096344,188.75402291650693,216.20763288320353,228.1897222580517
6108,161.5175594172963,187.55494742736232,177.60100924278223,213.1952655236259,230.3096932695014,203.80446895991855,232.80863705219753,188.7846046798099,216.2413610104247,228.2245754412443
6109,161.54410588201856,187.58464346769847,177.6309921215549,213.2215539361001,230.34623307793456,203.8368665625856,232.84457990071292,188.81519973862467,216.27511264468023,228.25945055502288
6110,161.5706556711611,187.61434067787064,177.66097781329879,213.24782902887299,230.38277357138278,203.86926827550218,232.88052454197125,188.84578739940662,216.30886618240106,228.29432720197434
6111,161.5971959553275,187.64403637752332,177.6909590164785,213.27410973966792,230.41931091333586,203.90167155876327,232.916469216825,188.87637566249919,216.34261918261817,228.32920256839114
6112,161.62373676492808,187.67373076358516,177.72094083850303,213.30037634327763,230.45584961339878,203.9340764466186,232.95241376953186,188.90695894595385,216.37637227997087,228.36407777005056
6113,161.65026600355907,187.70342989568013,177.75092673482175,213.326660322723,230.49238907620227,203.96648699293723,232.98835837537257,188.9375459368058,216.41012596250897,228.39895008287957
6114,161.6767843270357,187.7331313874305,177.78091772574248,213.35295271692615,230.52892885557648,203.99890071235328,233.02430228974927,188.96813435002045,216.44387981389858,228.43382285539104
6115,161.70329610183524,187.76283379442665,177.81088956953184,213.3792491922073,230.5654686425067,204.03131600533865,233.06024630904466,188.99872158758606,216.4776337067429,228.46869626864068
6116,161.72981888270184,187.79253187505893,177.84084347320774,213.4055319299866,230.60200782754595,204.06374022716327,233.0961903100533,189.02931097662432,216.51138940474831,228.50357101410452
6117,161.75635001653922,187.82223123090813,177.8707947001999,213.43181882081265,230.638547893708,204.09616741230016,233.13213377413905,189.0598994345769,216.54514563145145,228.53844761486687
6118,161.78288570206763,187.8519313953421,177.90073688291037,213.45808818965196,230.67509008752376,204.1285970977839,233.16807699629885,189.0904836840381,216.5789004946163,228.57332450650716
6119,161.8094266032976,187.88163544197704,177.93067492391236,213.48434431427265,230.71163234268283,204.16102916502558,233.20401983577102,189.12107681828678,216.61265508901687,228.6081987627502
6120,161.8359778101216,187.91134349583248,177.96062500451876,213.5106027217232,230.7481696586341,204.19346160606915,233.23996247243545,189.15167787078326,216.64640959073387,228.6430729037603
6121,161.86253756847606,187.94105747009726,177.9905881009082,213.53686462965973,230.78470679722994,204.22588692194324,233.27590553971885,189.18228738274792,216.68016220435658,228.67794358292952
6122,161.88910016808694,187.97077369730573,178.02055514486355,213.56310973441376,230.82124311429249,204.25831018561874,233.31184942328662,189.21289944540715,216.71391482607754,228.7128159966353
6123,161.91566376106363,188.00048422239675,178.0505064922203,213.58935950037667,230.85778299118965,204.2907348046374,233.3477945757343,189.2435115838266,216.7476665492755,228.74768896744956
6124,161.94222581349862,188.0301832537789,178.08044199709457,213.6155958739548,230.8943241623771,204.32315030185396,233.38374005787563,189.274125362681,216.78141853361407,228.78255772222133
6125,161.96879196760318,188.0598781135634,178.11038996297597,213.6418436514213,230.9308653691484,204.35555840813558,233.41968551441127,189.30473751140497,216.8151704914378,228.81742384323795
6126,161.99533907803522,188.08957341529808,178.14034572564188,213.6680317778072,230.96740714412172,204.38796132678178,233.45563086364223,189.33533164005934,216.84892331718532,228.85229004165947
6127,162.02189070698086,188.1192641480246,178.1702938806443,213.69422459735136,231.00394887355813,204.4203615872525,233.49157688118677,189.36592049898485,216.88267693012162,228.88715206040143
6128,162.04844537070437,188.1489525790469,178.20023426899286,213.72042673731642,231.04048685993854,204.4527585000592,233.52752329111186,189.39650804764813,216.91643027827078,228.92201149113427
6129,162.07500185479913,188.17864150612783,178.2301669637597,213.7466368164862,231.07702679870746,204.48515253019752,233.56346972713956,189.42709207731514,216.95018303790025,228.9568685454547
6130,162.10156138975563,188.20833132910428,178.26009737671723,213.7728338011936,231.11356711807386,204.51755265747641,233.59941574249953,189.45768006594244,216.9839341918668,228.99172567717585
6131,162.12812559092765,188.238019281269,178.28999839019153,213.79904108550292,231.15010557349882,204.54996052721884,233.63536012914383,189.48826950413996,217.0176839473914,229.02658245035008
6132,162.15469227905135,188.2677061845902,178.31990205357775,213.8252592723007,231.18664243762984,204.58237035791493,233.67130460500127,189.5188518862658,217.05143328824315,229.06143776364615
6133,162.18126477283224,188.2973946027232,178.3498001872297,213.85149121782598,231.22317794955904,204.61477933004412,233.70724906125503,189.54943887918301,217.08518364526,229.09629137618384
6134,162.20784596605156,188.32708376278944,178.37971363714894,213.87772658028615,231.25971680069244,204.6471892885089,233.74319292071806,189.58002830101267,217.11893446933732,229.1311442336357
6135,162.23442999428,188.35676941033688,178.4096329105238,213.9039737468932,231.29625768074862,204.67960530646744,233.77913660230197,189.610617329918,217.15268577511247,229.1659962098206
6136,162.2610163367327,188.3864524203977,178.43953817091204,213.93017183741097,231.3327988094963,204.71202715250988,233.81508070334107,189.64120800517378,217.18643751629514,229.20084722059235
6137,162.28758912828445,188.4161312303845,178.46944811334004,213.95637273460278,231.3693390133934,204.74445180375218,233.85102484630244,189.67180592436952,217.22018946715542,229.23569981620247
6138,162.3141601913026,188.44580413830968,178.49934451777173,213.9825660387121,231.40587695792988,204.77688131988617,233.88696823626142,189.70240606185837,217.25394194953842,229.27055295647472
6139,162.34071444151996,188.47547744483018,178.52922126451622,214.00877000381135,231.44241226131254,204.80931450349033,233.92291194288777,189.73300542526985,217.28769588806134,229.30540486112073
6140,162.36726523117963,188.50515214643522,178.55909131781942,214.03499454601356,231.47894718917692,204.8417484236037,233.9588558454191,189.7636079341431,217.32145214202467,229.34025636839394
6141,162.39380135645695,188.53482820058105,178.58894870671836,214.06123919225703,231.51548494204874,204.87418190212657,233.99480026937016,189.79421228355844,217.3552096309681,229.37510578016642
6142,162.4203356738101,188.5645098230708,178.61878352086006,214.08749401231907,231.55202398523818,204.90661570899593,234.03074557255724,189.824813650345,217.38896919732488,229.40995483439542
6143,162.4468710455381,188.59419361196046,178.6486267219104,214.11371896911265,231.5885633680447,204.93904592816438,234.06669109115688,189.8554005535015,217.42272938200813,229.4448023225569
6144,162.4734114049009,188.62387544826973,178.6784770117995,214.13994702966042,231.625102642861,204.97146951309716,234.10263676772087,189.88598352377318,217.45649007963186,229.47964740366456
6145,162.499966913313,188.6535603191472,178.7083293037623,214.1661608699243,231.661640772392,205.00389218362776,234.13858249058217,189.91657005503018,217.49025090872956,229.51449276324385
6146,162.52653776741448,188.68325046457787,178.7381828252542,214.19236855423264,231.69817964553795,205.03631427367074,234.17452866298726,189.94715868800472,217.52401040355457,229.5493380172855
6147,162.5531184307934,188.71294257980972,178.76804321768637,214.21856736910428,231.73471829003304,205.068736020391,234.21047550942748,189.97775497317565,217.55776850624346,229.58417978139363
6148,162.5797071476063,188.74262675377838,178.79790569678474,214.24476844084768,231.77125274041194,205.10115877858092,234.2464224697835,190.00835954322022,217.59152629213722,229.61902055908163
6149,162.6062993460758,188.77231668331996,178.82776360075647,214.2709706999912,231.8077873353284,205.1335820446659,234.28236886675168,190.0389679141956,217.62528369168982,229.65386271999228
6150,162.63288479951837,188.80200953299686,178.857624041509,214.29716210365734,231.84432214140958,205.16600279508364,234.3183151082596,190.0695770808482,217.65903926174994,229.68870664638897
6151,162.65947209425948,188.8317028306229,178.88747342603278,214.3233494001363,231.88085203760167,205.19842634068007,234.35426079445736,190.10018223101434,217.6927954714462,229.72355106193575
6152,162.68604670100584,188.8613960073206,178.91730345812977,214.34955241245473,231.91737963191568,205.23085099733885,234.3902054727533,190.13078577991467,217.7265521231995,229.75839542407311
6153,162.71262950576366,188.89108982395294,178.9471343874979,214.37576720280703,231.953906863965,205.26327601272567,234.42615127173983,190.16138884344346,217.76030672726662,229.7932387207729
6154,162.73921733226038,188.9207798856797,178.97696717227632,214.4019599554462,231.9904342662605,205.29570112964987,234.46209736419067,190.19198563706342,217.79406121327438,229.8280805421831
6155,162.76579378927488,188.95047073475692,179.00679677214183,214.42815465587225,232.026959521904,205.32811864998527,234.4980429183835,190.22257972725996,217.82781470632426,229.8629196828251
6156,162.7923685816758,188.98015595883743,179.03663194752974,214.45436654757643,232.0634848546443,205.3605362584486,234.53398907724858,190.25316143737592,217.86156811794297,229.89775826168204
6157,162.81892862119133,189.00984178871542,179.0664713068237,214.48055467506407,232.10000751853494,205.39295144715697,234.56993590606808,190.28373227942777,217.89532413799918,229.93259648853487
6158,162.84549866269586,189.03953002036025,179.09631352017513,214.50672897771238,232.13652808574426,205.42536843544391,234.60588287038652,190.31430346842217,217.92908127769732,229.96743340051464
6159,162.87208126523012,189.0692194518901,179.12615690241643,214.53290608256808,232.1730434408263,205.45778618825616,234.641829654764,190.3448763759206,217.96283846759786,230.00226794526176
6160,162.898669116076,189.09889880954725,179.15597377652347,214.55909594920084,232.20955916879458,205.49019830415568,234.67777708900715,190.3754360183964,217.99659525706085,230.03710232578976
6161,162.92524734731398,189.12857665706989,179.1857722768347,214.58528944089753,232.2460723172824,205.522614900634,234.71372477975916,190.40599598233425,218.03035234114571,230.07193640663772
6162,162.95181626321005,189.1582517440971,179.21557462418184,214.61149169260167,232.28258181685106,205.55503251996936,234.74967224875408,190.4365530937225,218.06411007346466,230.1067678391585
6163,162.97838337891196,189.18792471030957,179.2453849338547,214.6377307329281,232.31909071813033,205.58744926944382,234.78562012035934,190.46710726075761,218.09786828442182,230.141599340421
6164,163.0049462580814,189.21759674495252,179.2752050278928,214.66398170269775,232.35559600438054,205.61986217525023,234.8215681440556,190.49766807174242,218.13162696301174,230.17643146821007
6165,163.03150608794743,189.24726569406602,179.30503479564035,214.69022395173081,232.39209869930315,205.65227521453056,234.85751611450135,190.52823703496006,218.16538576721186,230.21126391458415
6166,163.05803826110576,189.27693295603487,179.3348682098542,214.7164692841429,232.4286014017879,205.68469076341887,234.89346404989914,190.55881539551487,218.1991445069631,230.2460987120163
6167,163.08457181931328,189.3065976108897,179.36469845884776,214.74271899349878,232.46510322364549,205.7171067401632,234.92941201584145,190.5893965774481,218.23290231978555,230.28093724337913
6168,163.111107228558,189.3362623534393,179.39452725143428,214.7689776022548,232.50160244151496,205.7495221380405,234.96536089190548,190.61997484080425,218.26666045160889,230.31577830853777
6169,163.13764668988094,189.36592803283125,179.4243602015308,214.79523428038405,232.53810286005628,205.7819352702433,235.0013103046242,190.65054077759197,218.30041887147334,230.3506197888066
6170,163.16419144729312,189.39559389931662,179.45418436764385,214.82151085185268,232.57460311780454,205.81434235572888,235.0372602115754,190.68110386545482,218.33417603116175,230.38545969944468
6171,163.1907031614856,189.4252572096866,179.48398333532657,214.84779302484952,232.61109956005498,205.84675142491034,235.07321023059785,190.71166333622972,218.36793201711427,230.42029971082525
6172,163.21721252345694,189.45492066846975,179.51376485400775,214.87407883975536,232.6475895229992,205.87916251443568,235.10916010700285,190.74222417293393,218.40168798083076,230.45514162585454
6173,163.24373137982153,189.4845869246911,179.54354915333744,214.90034216078263,232.68407948254168,205.91157759709796,235.1451101725891,190.77278328827057,218.43544547150125,230.48998394996676
6174,163.27025387359095,189.51425618919345,179.57333336661654,214.92659829838868,232.7205698788989,205.94399696590526,235.18106050469555,190.80333522094918,218.4692033795293,230.52482575642514
6175,163.29677692671447,189.54392829923233,179.6031236703076,214.9528360642699,232.7570603824151,205.97641740625036,235.2170108545903,190.83388946591384,218.50296175135148,230.55966656369492
6176,163.32330318159254,189.57360127264332,179.63291634627572,214.979085895044,232.79355492586487,206.0088349451971,235.25296079258948,190.8644493007231,218.53672127088166,230.59450762966307
6177,163.34983652287423,189.60327570419923,179.66269764424402,215.00525244721754,232.83005152062196,206.04125022675905,235.2889103694743,190.8950112746499,218.57048108380346,230.62934895858723
6178,163.37638659416405,189.6329518610021,179.69248576019348,215.0314340479414,232.86654897632963,206.0736653634995,235.32485985114374,190.9255654380334,218.60424113326036,230.66418954901556
6179,163.40294394969504,189.66261839976286,179.7222765448636,215.05762289789283,232.90304753902274,206.10608123969322,235.36080954321386,190.95609471413698,218.63800266531794,230.69902992289397
6180,163.42950662961127,189.69228268583754,179.7520682619408,215.0837952503163,232.93954866765898,206.13849686298747,235.396759307154,190.9866239135222,218.67176460037908,230.73386791614402
6181,163.45607813405192,189.72195012108565,179.78186074693028,215.1099698762708,232.9760526253735,206.17090752335412,235.43270905690997,191.01713635756352,218.70552583367754,230.76870506815547
6182,163.48265199476074,189.75161874471732,179.81165987887226,215.13613541089643,233.0125600104812,206.20331841343796,235.4686587948887,191.0476474904517,218.73928625630074,230.8035441246089
6183,163.50921810731728,189.781287077273,179.84146283557493,215.16226377205376,233.04906830993127,206.23572665204125,235.50460764750193,191.07816030737595,218.77304703489855,230.83838347597757
6184,163.5357736832381,189.8109563018083,179.87126056757552,215.18835174666137,233.0855763716726,206.26813285600267,235.54055594155307,191.108673699849,218.80680905974032,230.873218616042
6185,163.56233002258872,189.8406308792213,179.90106200593561,215.21445024919748,233.12208322891377,206.30053465750245,235.57650404178293,191.13918619319278,218.84057141883656,230.90805253650646
6186,163.58888944177568,189.8703074510261,179.93085167336525,215.24055357048425,233.15859006339434,206.3329381464337,235.61245160956375,191.16968850580966,218.87433509851596,230.94288499763613
6187,163.61545589934371,189.89998191638873,179.96063042696477,215.26664932065756,233.1950916557156,206.3653419470893,235.64839885996378,191.20019385682957,218.90809970680712,230.97771625589297
6188,163.64202785929558,189.9296569119675,179.99040930981505,215.2927159949439,233.23159216320286,206.3977451931285,235.684346285621,191.23070234809697,218.94186433235242,231.01254827625277
6189,163.6686026016907,189.95933396727048,180.02018035755188,215.31876862615186,233.26809327222145,206.43014332179897,235.72029351004386,191.26121088125618,218.9756285704744,231.0473786663469
6190,163.69516689322754,189.9890124772956,180.04996002658206,215.3447895464099,233.3045988815512,206.46253983634884,235.75624048377958,191.29171478030003,219.0093911195631,231.0822076202626
6191,163.72172306102834,190.0186934319527,180.07975729633858,215.37075605501917,233.34110602003008,206.49493691604323,235.7921875204383,191.32221746268436,219.0431522864234,231.11703657096564
6192,163.7482703354854,190.04837550309554,180.10957116794748,215.39673105253598,233.37761667476573,206.52732986796693,235.82813444329284,191.3527184975506,219.07691296291267,231.15186564133046
6193,163.77481136423108,190.0780525415,180.13939709891562,215.4226755824256,233.4141283194831,206.55972285248208,235.86408104365086,191.38321599825022,219.1106739810659,231.18669614228475
6194,163.8013555168454,190.1077284433901,180.16923201076975,215.44861879093327,233.45063941508008,206.59211582886013,235.90002711652917,191.4136990753553,219.14443504739367,231.22152707558206
6195,163.82790103019298,190.13740467046287,180.19907319760753,215.47452038720658,233.4871517504519,206.6245053492983,235.93597284739195,191.44418367753056,219.1781956099575,231.2563574211546
6196,163.85444557066256,190.1670827254348,180.22891756608777,215.50039982493433,233.52366468202837,206.6568939422463,235.9719183611027,191.4746699552559,219.21195749219578,231.29118779430064
6197,163.880978871687,190.1967614055701,180.25876979174038,215.52627220881098,233.5601761439275,206.68927453371566,236.00786295614657,191.50515655233417,219.24572136164275,231.32601738738936
6198,163.90751058098414,190.2264357836304,180.2886251558751,215.55215219926183,233.59668853201657,206.72166200191216,236.04380676013506,191.5356438090183,219.27948578404582,231.36084705158495
6199,163.9340440341177,190.25611103860498,180.31847427238793,215.57800377169832,233.6332067563272,206.75405305265474,236.07975039414717,191.56613269192948,219.31325018743692,231.39567631022436
6200,163.9605858952876,190.28578799429823,180.34834221132533,215.60384618644707,233.66972867856686,206.78644459220476,236.11569407722604,191.59661390626616,219.34701355926194,231.4304992821539
6201,163.98713305097596,190.31546569353753,180.3782252910949,215.6296924179234,233.70625253593803,206.8188374580431,236.15163857365417,191.6270746845924,219.3807772721648,231.46532235703765
6202,164.01367352883952,190.3451410645068,180.4081152950525,215.655522987769,233.74277641847772,206.85123498571633,236.18758328683518,191.6575206928861,219.41454185448598,231.5001444985745
6203,164.0402224445753,190.3748137071444,180.43800874204803,215.68130328180462,233.77929676285598,206.8836339709355,236.22352790926539,191.68796221749406,219.4483068156597,231.53496590906371
6204,164.06677598000584,190.40448730516653,180.46791978263107,215.70709473869368,233.81581743625716,206.91603372119147,236.25947222362592,191.7184023913015,219.48207191486205,231.56978809679796
6205,164.09332093239567,190.4341611068787,180.49783890923277,215.7328560950785,233.85233814140753,206.94843462129495,236.2954163284102,191.74883693377447,219.51583703724936,231.6046134069546
6206,164.1198659001103,190.46383368841742,180.52772709385573,215.7586330429831,233.88885784376978,206.9808355880904,236.33136032365937,191.7792784267936,219.549602310821,231.63944127604327
6207,164.1463981719178,190.49350114327655,180.55761397169226,215.78442841812938,233.9253776090896,207.01323455827378,236.36730375107146,191.80973165321123,219.58336760515448,231.67426966794932
6208,164.17292051115132,190.52316664502516,180.58749451993216,215.8102313669912,233.9618931221696,207.0456362402032,236.4032458632875,191.84019352076507,219.6171332653364,231.70909733094325
6209,164.19942670463183,190.55283343745216,180.61736203830895,215.83603121038763,233.99840902202726,207.07803966291345,236.4391883785023,191.87065743178647,219.6509013737653,231.74392148413756
6210,164.22592196428346,190.58250041859105,180.64720906523578,215.86183779326504,234.03492942555712,207.11044339360322,236.47513095972585,191.90112634498473,219.68467097877874,231.77874542006464
6211,164.25241825738914,190.61216649695825,180.67705157216398,215.88760871980236,234.07145281404397,207.14284445235432,236.51107301565946,191.93159801218158,219.71844159745982,231.81356978980165
6212,164.278915429342,190.64182917526705,180.7068910959677,215.91337417047433,234.10797744062384,207.1752461079267,236.54701579259785,191.9620740181471,219.75221351298885,231.84839436235566
6213,164.305421260837,190.67149282728587,180.73672707490422,215.93914785963076,234.1445020070455,207.20764903540734,236.58295973188936,191.99255413313955,219.78598573377334,231.8832194059532
6214,164.33794262082102,190.70512210690268,180.7704173307261,215.97140240477142,234.18095720712665,207.24219701331162,236.61887867498038,192.02646289821314,219.8209764425879,231.91854558560073
6215,164.45555714756986,190.8232019598973,180.88852279372685,216.08890486928604,234.2999720462491,207.36066271958697,236.73781843812424,192.1446601350996,219.93962809584556,232.03733813660824
6216,164.4590034431279,190.8291438537374,180.89433432383726,216.09180933725176,234.31132590469144,207.36912149979682,236.74914198889965,192.15124370859905,219.9481091235012,232.04709873570837
6217,164.48309365145587,190.85644965561892,180.9214661505304,216.11518246908278,234.34535165720143,207.39960092089555,236.78313366067798,192.1793705403884,219.97860848304956,232.0791808935008
6218,164.50925998299127,190.88588700103253,180.95073073095696,216.14062938854292,234.38164637890696,207.43227838978473,236.81939098722546,192.20965860265323,220.0113077307453,232.11349235534627
6219,164.53562649667444,190.91553299617618,180.98020627266112,216.16629063978158,234.41817158217782,207.4651749459489,236.85587514440394,192.2401672707554,220.0442266632522,232.14802455875437
6220,164.56201044160247,190.9451956405224,181.00969963511298,216.19197055373743,234.454721845164,207.49808857785416,236.89238132778343,192.2706965445481,220.07716555738574,232.18257680411634
6221,164.58840093062628,190.97486618171575,181.03919770830313,216.21766163100946,234.49128086713688,207.5309932748732,236.92888889625675,192.30123436788338,220.11010540747134,232.21713016639183
6222,164.6147996664017,191.00454302610788,181.0687000319375,216.2433598697288,234.52784178290412,207.5638976114548,236.96539562730985,192.3317753089209,220.14304418401508,232.25168328926821
6223,164.6412068330041,191.03422135622696,181.0982060943315,216.26904696252805,234.5644030254876,207.59680379689286,237.00190327358493,192.36230951300547,220.17598186675104,232.28623434291927
6224,164.66761712150443,191.06390089644734,181.12771775242783,216.29470304658986,234.60096442374405,207.62970860619032,237.03841186843104,192.39283881899505,220.208915913295,232.32078405859446
6225,164.69402293486218,191.09358784380908,181.15723574145377,216.32034331615395,234.63752351751802,207.66262268278243,237.0749205627266,192.42336718811836,220.24184844685308,232.35533091149335
6226,164.72043032972653,191.12327709347326,181.1867633555031,216.345962799818,234.67407978405,207.69553984862492,237.11142820816303,192.45389393471606,220.27477760796975,232.3898804464624
6227,164.74684003416843,191.1529652245916,181.21629418255216,216.37158479811575,234.7106329665586,207.72846486679572,237.14793596631932,192.48441045929533,220.30770682408453,232.42443172518765
6228,164.7732632313008,191.18265046574425,181.24582743708197,216.39720815779447,234.74718153402992,207.7613923973671,237.18444367952648,192.51492162849982,220.34063459846803,232.4589845355375
6229,164.7996941902708,191.21232447588318,181.27537656182022,216.42284772209612,234.78372816332683,207.7943113076973,237.2209511690277,192.54542255667116,220.37356255530253,232.49353766704974
6230,164.82611424179115,191.2419962179804,181.30493154628155,216.44849903153957,234.8202717238479,207.82723200037796,237.25745987680475,192.575917651252,220.40648481725165,232.52808994787014
6231,164.85254409685504,191.271669923559,181.33448015324254,216.4741571383913,234.85681362484203,207.86015790546156,237.29396889133326,192.6064134230224,220.43940553126797,232.5626422238027
6232,164.8789781579703,191.30134560861933,181.36403252160554,216.4998250627567,234.89335574728642,207.89308476571622,237.33047816745656,192.6369024005243,220.47232732633483,232.59719049275535
6233,164.9054096298808,191.3310209556127,181.3936018254769,216.52548850306232,234.92989787376084,207.9260107439524,237.36698750756457,192.6673918156384,220.50524928000476,232.6317397725943
6234,164.9318424087777,191.36069766628327,181.42317795898185,216.55114886436266,234.9664387257241,207.9589370995468,237.40349652334686,192.6978755731039,220.53816946599892,232.66629170086628
6235,164.95827590222217,191.39036754870855,181.45275131648987,216.57678796024467,235.00297746426588,207.9918660674324,237.44000511483245,192.72835729227106,220.57109033922956,232.70084423070338
6236,164.9846980576802,191.4200348780261,181.48233112931982,216.6024448542377,235.03951940928522,208.0248006793639,237.4765153717627,192.75883983250233,220.60401178874562,232.73539705687935
6237,165.01113032612864,191.4497005889108,181.51191239535493,216.62811107025664,235.0760619653447,208.05773710873208,237.51302709502562,192.7893087464813,220.63693403266572,232.7699510110339
6238,165.03756764195876,191.4793665248107,181.5414863539363,216.65375044132946,235.112603694572,208.0906724280134,237.5495390126826,192.8197710235394,220.66985642855752,232.8045085839922
6239,165.06400584396386,191.50903264171234,181.57105063886937,216.67937736252443,235.14914595482463,208.12360486000347,237.58605003312297,192.85022328431054,220.7027816974957,232.83907021939532
6240,165.0904472234963,191.5386911618788,181.6006074280321,216.70501717187605,235.18568989869996,208.15653586439143,237.62256006816128,192.880677243058,220.73571033193625,232.87363276198946
6241,165.11687840538323,191.56834726271944,181.63014948464814,216.73064546350332,235.2222377930519,208.18946798751406,237.65906842351308,192.91113270932138,220.76863965680496,232.9081947861454
6242,165.14330023925555,191.59800382850926,181.65968649124446,216.75624044856752,235.25878842931257,208.22239989620053,237.69557764919085,192.94158902301615,220.80156774168432,232.94275659463858
6243,165.1697097611354,191.62765434191394,181.68922693064442,216.78180368421565,235.29533940854859,208.25533324778627,237.73208755527048,192.97204614539518,220.83449646622643,232.97731465677535
6244,165.19610401374194,191.65730232253603,181.7187828345078,216.80734033734024,235.33188832483745,208.28826947283468,237.76859919327023,193.0024968089949,220.8674234731419,233.011871820274
6245,165.22248789989234,191.68695304227404,181.7483439121644,216.83289844575046,235.36843483693957,208.32120741754824,237.80511379031137,193.03293492268116,220.90035051981175,233.04642924736964
6246,165.24886177857096,191.71660768386133,181.777907048993,216.8584721111212,235.40498243606152,208.3541489391763,237.8416304623341,193.0633780206065,220.93327702019997,233.08098579256534
6247,165.27523211274877,191.74626372320742,181.80747460595526,216.88405053472474,235.44153040095392,208.38709156361958,237.87814809718586,193.09382263501078,220.96620435464058,233.1155423885555
6248,165.30158559441833,191.77591792623076,181.8370525699002,216.9096423639925,235.47807553575603,208.42003318241882,237.91466733226102,193.1242628487229,220.99913192110384,233.15009841193805
6249,165.32793304369034,191.8055633807728,181.86664154163373,216.93524827456932,235.51462112437392,208.45297109883006,237.9511878503696,193.15470866614749,221.03205989750714,233.18465454581437
6250,165.35427284543277,191.83520698185416,181.89623532057732,216.96084436152574,235.5511673876926,208.48590996060213,237.98771210706937,193.18516002279793,221.06498810426893,233.2192102409359
6251,165.38060403580565,191.86484980292678,181.92579868911815,216.98644430453405,235.58771358855157,208.51884025241853,238.02423710387984,193.21561293658675,221.09791369639998,233.2537656696054
6252,165.4069375528353,191.89449592699785,181.9553435124263,217.012048290198,235.62426181521565,208.55176285564767,238.06075883458956,193.24606198701883,221.1308371549775,233.28832214196765
6253,165.43327457850617,191.92414555687756,181.984886575829,217.03767046994145,235.66081176576995,208.5846866467734,238.09727905618436,193.27651128085225,221.1637616748008,233.32288012458017
6254,165.4596142995119,191.9537998265748,182.01444112571892,217.0633195054404,235.69736185782708,208.61761652451565,238.13380227425293,193.30695752678017,221.19668699065437,233.3574415526524
6255,165.4859648917743,191.98345623860197,182.04399963123325,217.08899370017033,235.73391764997922,208.65054834128793,238.17032634214274,193.33739549896933,221.22961240002806,233.39200423327983
6256,165.51232490763843,192.0131130780641,182.07355246247977,217.1147087485231,235.77047758117678,208.68348442267882,238.206850242329,193.36782797022562,221.26253727127568,233.4265713715129
6257,165.5386883422516,192.04277166181583,182.103106296328,217.1404469811618,235.80704201286554,208.71642256142007,238.2433742216944,193.3982575823236,221.2954611804623,233.4611398240741
6258,165.56505895708582,192.07243368518573,182.13265939432918,217.16615436534195,235.84360753874762,208.74935527064034,238.27989874416315,193.42868887454586,221.32838427655398,233.49570813930794
6259,165.59144689593964,192.10209683849087,182.16222357807283,217.19190186366194,235.8801724417644,208.78228754399595,238.3164244816065,193.45912981782158,221.3613075208137,233.53027676353815
6260,165.6178416972149,192.1317615032699,182.1917919138941,217.2176648614593,235.91673720262642,208.81521784102875,238.35295070466358,193.4895744528939,221.39422859884985,233.5648416419527
6261,165.64423818366302,192.16142723836808,182.22137260322052,217.24342420757168,235.9533017292917,208.84814597474946,238.38947683875395,193.5200193227258,221.42714644985833,233.59940553874242
6262,165.67063793702386,192.19109036610195,182.25095982918668,217.2691933246471,235.9898664247073,208.88107837081512,238.42600139080352,193.55046399270333,221.4600608421399,233.6339665941938
6263,165.69703159519017,192.22075254543063,182.28054334693337,217.29490765578927,236.02642926335216,208.9140139515572,238.4625248795756,193.5809115601449,221.49297501053817,233.6685269555305
6264,165.72341234020354,192.25041536916177,182.31012625665196,217.32061813809608,236.06298974208943,208.94695013530827,238.4990480242949,193.6113604267595,221.52589017848493,233.70308722661014
6265,165.74978466528552,192.2800789158884,182.33971170848073,217.34629614280024,236.09954781461943,208.97989251496006,238.53556950379823,193.64180919861366,221.5588056315112,233.73764118409701
6266,165.77615785093988,192.3097356764949,182.36929212634982,217.37186829358953,236.1361042935305,209.0128425016237,238.57209050508072,193.67226599604135,221.59172080160528,233.77219204325777
6267,165.80251285153355,192.33939660996776,182.39885915293343,217.39743137987085,236.17265560671052,209.0457941234175,238.6086111245688,193.70272934400845,221.62463595011084,233.8067419351838
6268,165.82884958678548,192.36906097865915,182.42842711352702,217.42300471053014,236.20920756410246,209.07873560388916,238.64513059392914,193.73320195670823,221.65754919236875,233.84129168203992
6269,165.85518698582203,192.3987264318472,182.45799852984612,217.4485333319543,236.2457613719837,209.1116735177949,238.68164781161622,193.76367998709688,221.69046226594034,233.8758380516109
6270,165.8815308452678,192.42839225065788,182.48757000331724,217.47405333720798,236.2823163117889,209.14461256608112,238.71816151040153,193.79415897050671,221.7233769004398,233.9103842503773
6271,165.90787995462583,192.45805844292835,182.51714303133608,217.49958903297608,236.31887136375718,209.1775586996847,238.7546757856574,193.8246375180076,221.75629325952153,233.94492450143363
6272,165.9342306290137,192.48772057400447,182.546718268588,217.52507605983567,236.35542655048135,209.210508895301,238.79119032761926,193.85511269800554,221.78921005929962,233.9794640943632
6273,165.96058273401673,192.51738438266165,182.57629757171017,217.55052348637864,236.39198238659964,209.2434597483475,238.82770389297883,193.88558212146896,221.82212562289382,234.014004809994
6274,165.9869515757284,192.54705040785598,182.60588189823162,217.57597596541876,236.42853960276017,209.2764131893207,238.86421709130784,193.91605018482096,221.85504088017942,234.04854944843444
6275,166.01334095874304,192.57671722635453,182.6354678464919,217.60140636400624,236.46509871723072,209.3093706502768,238.90072931765962,193.94651623660656,221.8879557196926,234.0830966434438
6276,166.03973729720994,192.6063812620763,182.66506989968804,217.62684029128383,236.50165825871036,209.34233312266605,238.93724138791805,193.97697691122585,221.9208704791992,234.11764630951527
6277,166.0661427816591,192.63604516016275,182.694678289937,217.65229829424086,236.5382202878769,209.37530315071345,238.97375118190394,194.00743900043884,221.95378532618207,234.15219696711625
6278,166.09255289585408,192.66570919598573,182.72425988097524,217.6777740309347,236.57478304147858,209.40827829638567,239.01025971506306,194.03790131253595,221.9867011147433,234.1867477124677
6279,166.11895942657833,192.6953733011976,182.75383137732362,217.70322389012114,236.61134611806006,209.44125447188537,239.04676803747145,194.068361455699,222.01961602713465,234.22129783403264
6280,166.14536765547513,192.72502983746855,182.7834144457627,217.72867815457198,236.6479095199693,209.47423151854383,239.0832737252133,194.09882559090636,222.05252723876487,234.2558474704154
6281,166.17178103158534,192.75468801826548,182.81300626714017,217.75409218029674,236.68447473839277,209.50720872180102,239.11977771196533,194.12929485403973,222.08543558982984,234.29039847706198
6282,166.19819813644287,192.78434817131884,182.8426012021813,217.77948566614816,236.72104029254174,209.54017763206306,239.15628275368664,194.15976585554773,222.1183394574337,234.32494964260763
6283,166.22460601395272,192.81400901415796,182.87219747103845,217.8048913412115,236.75760199335238,209.57314501071295,239.19278847240503,194.19023717845795,222.15124216052422,234.3594994985171
6284,166.25101645164366,192.8436700505954,182.90178179349095,217.83030808638173,236.79416517102536,209.60611426139246,239.22929431590353,194.2207059520072,222.18414502851613,234.39405098908287
6285,166.277429461011,192.8733319594401,182.93137239380553,217.85570609891934,236.8307290553501,209.63908443251523,239.2658001448315,194.25116738579115,222.2170463676663,234.42860795282033
6286,166.3038447876425,192.90299281766625,182.96098017071643,217.88112606976873,236.86729237644062,209.67205541045251,239.30230632299316,194.28163055238716,222.24994483308083,234.46316649204192
6287,166.33025010859996,192.93264969695596,182.99059400331086,217.90655461506708,236.90385314781628,209.7050271764988,239.33881307769795,194.31208604536127,222.28284337902076,234.49772756586333
6288,166.35665221266356,192.9623055371144,183.02020373722365,217.93197427197478,236.9404105157734,209.73799903671747,239.3753199262424,194.3425339089796,222.31574208153063,234.53228935416922
6289,166.38303868477288,192.99196278167776,183.04981062775948,217.9573687679157,236.9769672050761,209.7709651499273,239.4118264144432,194.3729852001042,222.3486418035127,234.56685030466267
6290,166.4094171096564,193.02161805102054,183.0794197807063,217.9827744248528,237.01352695197272,209.80392375308827,239.44833236233785,194.4034377439061,222.38154249216265,234.6014118277775
6291,166.4357850034096,193.05127196860903,183.10902552848975,218.0081841618686,237.05008896188082,209.83688434072303,239.48484027147896,194.43389065608505,222.41444428767412,234.63597523119853
6292,166.46214855022606,193.0809269674337,183.1386342523899,218.03359381721037,237.08665403221028,209.8698504335564,239.52135018282613,194.46434754824006,222.44734635848505,234.6705403156797
6293,166.48851747188291,193.1105772412202,183.1682441649557,218.05900131779467,237.12322148239855,209.9028181700123,239.55786084748328,194.49480986581517,222.48024898371577,234.70510564169132
6294,166.5148900584562,193.14022601771111,183.19784241382564,218.08439003003588,237.1597893135471,209.93578348212924,239.59437190975154,194.52527861809915,222.51315221002463,234.7396685678856
6295,166.54125330697102,193.16987368568047,183.22744059486297,218.1097646017122,237.19635859509341,209.9687472309882,239.63088288635907,194.55574953671655,222.54605363639766,234.7742299563903
6296,166.56762362597232,193.19952035406268,183.25704043490626,218.13511328102055,237.23292845332765,210.0017178421903,239.66739201124525,194.586215532415,222.57895345643885,234.8087953968152
6297,166.5940033429573,193.22916872026812,183.28663160393526,218.16042565119434,237.26949679452278,210.03469663749397,239.70390090863003,194.61668376889688,222.6118526792846,234.8433632594096
6298,166.62038801024616,193.2588196113295,183.31622230077082,218.18572288551084,237.30606509082372,210.06768458114334,239.74040942725378,194.64715298848319,222.64475202881252,234.87793245086775
6299,166.64676045015617,193.28847155220674,183.34579375029696,218.21103054692892,237.34263287883147,210.1006773433227,239.77691909428927,194.67761034137237,222.6776513597566,234.9125026733187
6300,166.67313460508035,193.31812045940828,183.37536103382527,218.2363063000297,237.37920318830894,210.13367526418492,239.81342928973842,194.70806964721697,222.71054806131735,234.94707404393162
6301,166.6995156065879,193.34776984442368,183.40491615058113,218.26154760985298,237.41577435701205,210.16667461739235,239.8499393700899,194.7385340903757,222.74344362871145,234.98164714216628
6302,166.72590674066257,193.37742047077228,183.4344731842607,218.28675001185735,237.45234518384027,210.19967068281568,239.8864475119217,194.76900062351206,222.77634053332676,235.0162225941812
6303,166.75230112657712,193.40706543161502,183.46403842478466,218.31196815419366,237.48891206481056,210.23266464077753,239.92295543025696,194.79945968568956,222.80923774816767,235.05079841707337
6304,166.77869406690849,193.43670871787853,183.49360814197195,218.33719753605786,237.52548194226176,210.265650298187,239.95946338082442,194.8299191141208,222.8421345687293,235.08536966238438
6305,166.80509076954573,193.46635316078618,183.52318155131647,218.36243573461115,237.56205872772583,210.29863674384507,239.99597175327327,194.8603780647492,222.8750283104214,235.11994003831757
6306,166.83149222015044,193.49599930135622,183.552760096378,218.38763400242198,237.59863685488878,210.3316255949687,240.0324809457294,194.89082910653485,222.90792169016606,235.1545104635524
6307,166.85786958076176,193.52564614449966,183.58233671308463,218.41282943180192,237.63521263575814,210.36461556272306,240.06899122333962,194.92128061440812,222.94081690358408,235.18907515234136
6308,166.88423855591213,193.5552888868919,183.61190462846523,218.43799702806066,237.67179022316077,210.39760353763134,240.10550164649746,194.9517276612349,222.97371440631824,235.22363858716943
6309,166.9106039860694,193.58492424864906,183.6414631482435,218.46317045355548,237.70837224706574,210.43057926301498,240.142010769157,194.9821732817248,223.00661615211237,235.2582041461258
6310,166.93696018516883,193.61455991012656,183.67101237253698,218.48831890558534,237.74495722701317,210.46355495482055,240.17852053686732,195.01262035552205,223.03952088542135,235.29277012297464
6311,166.963295724172,193.6441941302109,183.70055897477428,218.51346665467088,237.78154240728855,210.49652822708586,240.21503049400206,195.04305861504426,223.0724261637298,235.32733516664734
6312,166.98963359168116,193.67383147468675,183.73010535009684,218.53859605349152,237.81812507791946,210.52949964541284,240.25153991035756,195.07350208972363,223.10533056169567,235.36190324539712
6313,167.01597217566132,193.70347013387777,183.75962548410416,218.56374348398097,237.85470757393645,210.56248013570698,240.2880504063921,195.1039473797919,223.1382371962342,235.39647496967723
6314,167.04231487197532,193.73310934642353,183.789137585621,218.5888404474514,237.89128582174487,210.5954657221934,240.32456197797546,195.1343984251411,223.17114436420988,235.43104913713992
6315,167.06865382413062,193.76275208519718,183.81865767796617,218.6139176155714,237.92786374815117,210.62845733539152,240.3610749755568,195.1648573260919,223.2040491699967,235.4656249479446
6316,167.09499965715574,193.7923990373215,183.84818998927778,218.63902519969682,237.96444637748405,210.66146033333408,240.3975882912112,195.19532574019408,223.23695758189265,235.50020381401444
6317,167.12135126929533,193.82204924430155,183.87772560383067,218.66414843750337,238.00103184488762,210.6944664701256,240.43410131827684,195.22579716549484,223.2698684375287,235.53478689052085
6318,167.1477058920235,193.85170045475525,183.90725278075965,218.6892643471799,238.03761988493505,210.72746758428724,240.47061613778237,195.25626266177483,223.30278112626522,235.56937211846179
6319,167.1740507838766,193.881348607094,183.9367895291124,218.71435666757904,238.07421007685545,210.76047331468678,240.5071313738663,195.28672434217714,223.33569598439274,235.60396086200706
6320,167.200393331781,193.91099595092953,183.96634252643648,218.73945117575863,238.11080066348399,210.79348531813395,240.54364543335822,195.31719519717677,223.36861147985798,235.63855189393428
6321,167.22673199583642,193.94064195910403,183.99590763762723,218.76455126070584,238.14739051685171,210.82649892921467,240.58015864868491,195.34767183659602,223.40152809128298,235.67314322626146
6322,167.2530610258803,193.97029054787768,184.0254832241267,218.7896178524284,238.18397840020512,210.8595097721035,240.6166719071585,195.37814980425992,223.4344450607554,235.70773248511483
6323,167.27938660570751,193.99994028500515,184.05506231111536,218.81468606520832,238.22056661420356,210.89251876433607,240.65318611706428,195.4086289026578,223.46736106416338,235.74232093707775
6324,167.30569569531718,194.02958499063138,184.0846299024962,218.8397400071257,238.2571577847316,210.9255287024588,240.6897007863405,195.43910945137614,223.5002778615805,235.77690937580365
6325,167.33200165115238,194.05922861365949,184.11418703899665,218.86476461612315,238.29374957674347,210.95854483359187,240.7262171099813,195.46958178306386,223.5331949693799,235.81149651497395
6326,167.3644484771782,194.09285283248693,184.14778123957635,218.8967168777744,238.3302679396456,210.9932927709685,240.76266782421706,195.50348765325396,223.5679098632557,235.84674734210057
6327,167.4820316996646,194.21093055995001,184.26584635937536,219.01409238322347,238.44929162156302,211.11184246022225,240.88168203532118,195.62168367428936,223.68644567423905,235.9655082450493
6328,167.48576969397362,194.21736683511656,184.2717399450844,219.01672981341855,238.46072431948366,211.1204550979359,240.89292155449954,195.6283108515284,223.69489489317803,235.97583427741233
6329,167.5102295446665,194.24530487430133,184.29899116376976,219.03975816289352,238.49485030736224,211.15111966224686,240.92681098803064,195.65649495469123,223.72535737484844,236.008611576913
6330,167.53676541871698,194.27539692084957,184.32839182415734,219.06482697496907,238.5312468497292,211.18398751326444,240.96296612471906,195.68683750779147,223.75801921376453,236.0436339878836
6331,167.56351198442755,194.30571562643186,184.358022326451,219.0900743597622,238.567868548316,211.21706797007292,240.99934789795108,195.71739887378172,223.79090129190135,236.07888079332702
6332,167.59027904876493,194.3360644400107,184.38767539984758,219.1153319226924,238.6045143719653,211.25016292234318,241.03575141150515,195.74798080012832,223.8238051739163,236.1141502278104
6333,167.61702469822063,194.36641717430223,184.4173290168423,219.14056977460294,238.64116224274923,211.2832552533609,241.0721573229209,195.77856616666642,223.85671055592255,236.1494218509825
6334,167.64375924741944,194.39676109050012,184.446980939478,219.16578668830604,238.67780753320258,211.31635210664368,241.108563517749,195.80916040543613,223.88961369204233,236.18469415127063
6335,167.6704883692993,194.42711074642693,184.4766246176941,219.1910011793677,238.71445201832796,211.34945489508613,241.1449702769294,195.83976077339813,223.9225175290457,236.21996696196263
6336,167.69721207048337,194.4574656569383,184.50626045405332,219.21622361257022,238.75109529368964,211.3825628938376,241.18137716278687,195.870362501199,223.95542185714152,236.25523996378985
6337,167.72391891892173,194.48782207403207,184.53589225848768,219.2413970040283,238.78773781680044,211.41568061452534,241.21778326306264,195.9009594787994,223.98832844910373,236.2905131978721
6338,167.7506235500119,194.5181721581186,184.5655178063502,219.26653654641936,238.8243770184982,211.44881075034326,241.25418933636445,195.9315552313379,224.0212367490753,236.32578647827538
6339,167.777334468605,194.54851907269259,184.59513082112016,219.29166236406115,238.8610125042471,211.48194662564666,241.29059630814902,195.96215294773967,224.05414722381724,236.3610596905354
6340,167.8040507927135,194.5788732731612,184.6247407607126,219.3167767737521,238.89765126883384,211.51508321334325,241.32700346532297,195.99275107069806,224.08705830805025,236.3963329512292
6341,167.83077282959508,194.6092302498033,184.6543406504393,219.3419006035334,238.93429076298636,211.5482132746102,241.36340998681533,196.02335547380414,224.11996734051704,236.43160601601883
6342,167.85749722536463,194.63958731893027,184.68394293048541,219.3669483734955,238.97093302851852,211.58134294071596,241.39981790665263,196.05396572414526,224.15287492850837,236.46687888705387
6343,167.88422333899504,194.66995000651082,184.7135448266266,219.39195581452566,239.00757876975194,211.61447523299623,241.4362277817831,196.08457779002885,224.18578126244316,236.50215177487382
6344,167.91092979698928,194.7003212275815,184.7431547176499,219.41697608931935,239.04422471659262,211.64760922785345,241.47263906964844,196.11517551839665,224.21868747103912,236.53742493173826
6345,167.9376177500822,194.73069728177754,184.772770157779,219.44195995919137,239.08086701753913,211.68074034500447,241.5090509722414,196.14577082106865,224.25159202567426,236.57269825555233
6346,167.96429543165044,194.76107459434388,184.80238994908194,219.46695393722675,239.11750410561575,211.7138526593855,241.54546367978364,196.17636935611029,224.28449665840384,236.60797157691476
6347,167.99097015236237,194.79144386548055,184.83201260720082,219.49194528479427,239.15414047981764,211.74695810201607,241.58187731696114,196.2069687554199,224.317399531066,236.6432446862268
6348,168.01764760327538,194.82181124618708,184.8616315450702,219.51693331154814,239.1907683452627,211.7800574267225,241.6182916453388,196.2375672870709,224.35030171774414,236.67851787747293
6349,168.04431668186157,194.852184806166,184.89124430027246,219.54192645408534,239.22739502344928,211.81315770950627,241.6547060737531,196.2681677432617,224.38320248235215,236.7137912301962
6350,168.0709783327513,194.8825635129214,184.9208532152831,219.56688855231923,239.26402289328135,211.84625909835083,241.69112088729872,196.2987689682596,224.41610281150108,236.74906482284194
6351,168.0976413022438,194.9129435500369,184.9504658758308,219.59179383538248,239.30065171566773,211.87936274232894,241.72753594421627,196.329373609074,224.44900148991414,236.78433847469745
6352,168.12429956321066,194.94332174664768,184.98008002038145,219.61664233034307,239.3372805144189,211.91247138791962,241.7639508444336,196.35997940784446,224.48190010725642,236.81961209650416
6353,168.15094372318305,194.97370073804177,185.00967430181953,219.64150233119332,239.37390729099263,211.9455812224999,241.8003660622361,196.39058504684039,224.51479815672127,236.85488557308454
6354,168.17758085467258,195.00407318364964,185.0392707845338,219.6664103213899,239.41053217578795,211.97867863925163,241.8367816550307,196.42119083046896,224.54769355102925,236.89015837585498
6355,168.2042131810995,195.03444708610314,185.06887732389697,219.6913420745046,239.44715638512588,212.01177645754095,241.8731972394508,196.45180151986452,224.58058683775155,236.92543137613887
6356,168.23084908889683,195.06482585519439,185.09850038453897,219.71625758652226,239.4837812648195,212.04486966397744,241.90961240150835,196.4824139132023,224.61348020734422,236.96070436387276
6357,168.2574895781924,195.09520797593066,185.1281290289598,219.74116158263521,239.52040569459723,212.0779621938716,241.94602632584107,196.51302207762026,224.64637233467064,236.99597657107398
6358,168.2841323698363,195.12558822484462,185.15774141648478,219.7660817578526,239.55703221335037,212.11105158815133,241.98243909670907,196.5436361841209,224.67926168702024,237.03124868605244
6359,168.31078443475974,195.1559657243627,185.18736715321828,219.79100717580948,239.5936636475854,212.14413795549865,242.01885273631981,196.5742547119562,224.71215040178686,237.0665208346228
6360,168.33744480489653,195.18634951782835,185.21699812697014,219.81592151136084,239.63029766683263,212.17722390415057,242.05526836665442,196.60487677580616,224.7450394494055,237.10179296798452
6361,168.36410739564656,195.21674049804128,185.24662555455828,219.84082519543756,239.66693192697798,212.2103006469312,242.09168444597123,196.63550044613507,224.77792826205751,237.13706511569
6362,168.39076148933165,195.2471332297139,185.2762569853552,219.86572675687714,239.70356447884555,212.24336905079673,242.1281003005691,196.66612441659169,224.81081441107128,237.17233710048373
6363,168.4173991194588,195.2775153726197,185.30589864687448,219.89063906807664,239.7401951720271,212.27643524260625,242.16451607952493,196.6967461520837,224.84369949824645,237.20760943040042
6364,168.44403657452636,195.30789154386565,185.33554652751792,219.91556570209542,239.77683019409005,212.30950203728773,242.20093103955924,196.72735779163904,224.8765847806794,237.24288196867738
6365,168.47067107354758,195.3382712906052,185.36519597044486,219.94043643725846,239.81346589604706,212.3425723232584,242.2373456082598,196.75796552602384,224.90946890309303,237.27815485197743
6366,168.49729029631698,195.36865525187017,185.39483504215073,219.96523313021777,239.85009791151106,212.37564714337842,242.2737592293877,196.78858174750104,224.9423509526994,237.31342784204617
6367,168.52390477020725,195.39904088923439,185.42447822412205,219.99001118059795,239.88673307088203,212.40872709158393,242.3101725089482,196.81920096698235,224.97523478582724,237.34870089308674
6368,168.55050316049457,195.42941851052987,185.45412277206177,220.01478655283117,239.92336888210966,212.44181250301497,242.34658678384355,196.849818971179,225.00812162834433,237.38397396162415
6369,168.57711639034866,195.45979143603188,185.48376191685202,220.03956704573565,239.96000275635305,212.47490806548,242.38300120751825,196.8804322576796,225.04100959171075,237.41924703918397
6370,168.60374181567758,195.4901653615545,185.5133977467452,220.06434623822892,239.99663667881026,212.50801226407773,242.41941484534053,196.9110470464953,225.07389882557393,237.4545202272585
6371,168.6303703850251,195.52052656484034,185.54302285455225,220.0891152691909,240.0332703782414,212.5411182644308,242.45582642496868,196.94166254532954,225.1067892368868,237.48979344045966
6372,168.65700504497622,195.5508886166185,185.57266249511332,220.11386216249429,240.06990017545542,212.5742238756223,242.49223665993603,196.97227784316084,225.13967990217532,237.52506651355958
6373,168.68364644708262,195.58125176068566,185.60230777061014,220.13858577818525,240.10652874549072,212.60733134357676,242.52864589314467,197.00289571964072,225.17257247105,237.56033939980813
6374,168.7102922498325,195.61160810912835,185.63194827624378,220.16328910810654,240.143157312387,212.64043647897373,242.56505581505684,197.03351929617713,225.20546712507476,237.59561269434698
6375,168.73691339868935,195.6419668234358,185.66159046856302,220.1880097470941,240.17978551866224,212.6735353041934,242.6014669597828,197.06414456416277,225.23836214033727,237.63088608126483
6376,168.76353023085798,195.67233550437692,185.6912327774298,220.21273888174457,240.21641443788891,212.7066339382294,242.63787890772727,197.09477002264893,225.2712535209296,237.6661591990975
6377,168.79015080638374,195.70270742551529,185.7208683357473,220.2374829855604,240.25304360523432,212.73973229577425,242.67429107316568,197.1253962571058,225.30414137232066,237.70143209672872
6378,168.81677321398246,195.73307417597286,185.750505355394,220.2621577379528,240.28967502934327,212.7728280749476,242.7107031413515,197.15602411254056,225.33702689326995,237.73670516764318
6379,168.8434018878928,195.76344229983067,185.78013107548117,220.28681626461122,240.32630694743037,212.80592033020133,242.74711424329266,197.18665534555322,225.36991305110266,237.77197827221255
6380,168.8700357974187,195.79381107036625,185.80974637980782,220.31144068278329,240.36293842326472,212.83901076836352,242.78352524282215,197.21729277634043,225.40280111788775,237.8072511600468
6381,168.89667140500856,195.82417598286187,185.83935826659976,220.33607073320152,240.39957167789072,212.87209399532813,242.81993406485617,197.24794138191842,225.4356930015124,237.84252387100327
6382,168.9233247998508,195.85454258474536,185.86895300513436,220.3606836438809,240.43620522155555,212.9051772723211,242.85634126138586,197.2785990235992,225.46858595730524,237.87779667333143
6383,168.94998314046066,195.8849087463643,185.89854654198493,220.38527235408372,240.47284003396527,212.93825239356897,242.89274761472507,197.30925927132458,225.50147845042218,237.91306951842864
6384,168.97664189159838,195.91527634673182,185.92815026614758,220.40979419006382,240.50947525749706,212.97132671009294,242.9291534615105,197.33990739806063,225.53437165216815,237.94834247448196
6385,169.00330267936607,195.94563527215647,185.95777393968467,220.43427323846174,240.54611411918964,213.00440480084592,242.9655592376618,197.3705568175054,225.5672612650569,237.98361556708414
6386,169.02995493929416,195.9759964517662,185.98741403987572,220.45876437955437,240.5827540134917,213.03749018130617,243.0019654212286,197.40120337847884,225.6001484870939,238.0188889324292
6387,169.05659533496586,196.00636163303912,186.01705889390095,220.48323604065462,240.61939181763032,213.07057772437724,243.03837168054983,197.4318526772419,225.6330352464616,238.05416253833386
6388,169.08324172659485,196.0367279840456,186.04670535156885,220.50773115731664,240.65602837629413,213.10366262408104,243.0747778868401,197.46250313410113,225.66591924219458,238.0894361997529
6389,169.10989795432258,196.06709348468684,186.07635793900445,220.5322347926518,240.69266529110135,213.1367383461641,243.11118360571757,197.49315495879324,225.69880303574928,238.12470994953478
6390,169.1365726114674,196.09746012293317,186.10601414349463,220.55673701999024,240.72930472016822,213.1698009162526,243.14758928186035,197.5238036671971,225.73168543631536,238.1599839162753
6391,169.16325426601946,196.12782198742232,186.1356735568791,220.5812593088285,240.7659471740965,213.202859836891,243.18399510715113,197.5544488842305,225.7645675065543,238.19525841198097
6392,169.18993475989723,196.1581760899959,186.1653344668771,220.60581329550578,240.80259008853912,213.23592057100493,243.2204020102441,197.58509938996292,225.79744802546023,238.23053313626718
6393,169.21661627157675,196.18853429587506,186.19498763903786,220.63041979223598,240.83923160350068,213.26898455387237,243.25680940466933,197.6157519384713,225.83032875566528,238.26580786072768
6394,169.24326642039892,196.21889636728267,186.22464345811804,220.65505342088565,240.87587008692617,213.30204888381292,243.2932168652484,197.64640647296204,225.8632105208783,238.3010822993418
6395,169.26990995660952,196.24925964387472,186.25430586597366,220.67969475684504,240.91250203041685,213.33510912689752,243.32962435398687,197.67706352931728,225.8960940361693,238.33635675847802
6396,169.29655381225916,196.2796186650078,186.28396991833938,220.70431579385456,240.9491305531838,213.3681651656975,243.36603172634673,197.70771294195438,225.9289780588811,238.3716311087479
6397,169.32319868946837,196.3099795901274,186.3136287054841,220.72894002084485,240.9857551766262,213.40122625946773,243.4024383108144,197.73836403512794,225.9618613414554,238.40690519753704
6398,169.34983790773722,196.3403410761224,186.34329124818944,220.7535688205883,241.0223767978596,213.4342887871455,243.4388450175371,197.76901638817736,225.99474326310508,238.44217903842272
6399,169.3764622799249,196.3707027248953,186.37296017492824,220.77816385000588,241.05899776461555,213.4673456652216,243.47525095051463,197.79967648538445,226.02762728712796,238.47745265068565
6400,169.4030946168807,196.4010623317635,186.4026329685956,220.80276984148819,241.09561091436012,213.50041014971544,243.5116565192682,197.8303395972955,226.0605137968877,238.51272654783853
6401,169.4297344266632,196.43142464198476,186.43230717367257,220.82742087156993,241.1322202918075,213.53347709980676,243.54806157735152,197.8609979984355,226.09340084637842,238.54800051782914
6402,169.4563659154697,196.46178891911353,186.4619702474717,220.85209458524784,241.16883217782873,213.5665404753276,243.58446683514063,197.89165607900367,226.1262833349959,238.58327430065677
6403,169.48299802111507,196.49215016156228,186.49162016412126,220.87677874541208,241.20544461741633,213.59959827657806,243.6208722411763,197.92231844386774,226.15916448853767,238.61854793052973
6404,169.5096235934554,196.52250594153207,186.52127456299593,220.90147496241588,241.2420553603955,213.6326505452103,243.6572779329155,197.95298497098432,226.1920460416532,238.65382164094999
6405,169.53625816807698,196.55286441165583,186.55093049499274,220.92618034241565,241.27866623123725,213.66570310246144,243.69368455904447,197.9836532579795,226.2249276917978,238.6890953513338
6406,169.56289689703672,196.58322387991984,186.58056996738702,220.95090221886906,241.3152813599851,213.6987592716189,243.73009132174568,198.01430797089375,226.2578080550406,238.72436872398524
6407,169.5895363748601,196.61359023730859,186.6102039854496,220.97563470803135,241.35190186347347,213.731816409274,243.76649713177105,198.04495244620196,226.29068699810333,238.75964204592754
6408,169.61618525785036,196.6439649256547,186.63982579456993,221.00034860516297,241.38852342106586,213.7648752852314,243.8029029648747,198.0755977422428,226.32356669414827,238.79491552751827
6409,169.6428433880663,196.67434811036173,186.66945995825378,221.02507332192718,241.42514307494653,213.79794537944179,243.83930834349997,198.106237702221,226.3564476012411,238.8301890250708
6410,169.6695039459125,196.70474020756137,186.69909867722453,221.04977899125632,241.4617609872026,213.8310187740794,243.87571379775036,198.13686688684868,226.3893288630716,238.86546228926338
6411,169.6961654376537,196.7351347833233,186.72873062530726,221.07448734376018,241.49837766250423,213.86409737053577,243.9121192203909,198.16749664973156,226.42221037516896,238.90073557013335
6412,169.72283788383754,196.76552918870988,186.75837317077867,221.0992004710422,241.53498851297277,213.89717924780567,243.94852412479514,198.1981367124382,226.45509546922997,238.9360087607558
6413,169.74951937122157,196.79590788243837,186.78802613333966,221.12397195197283,241.57160476510464,213.93026121713405,243.9849287845893,198.22877973456974,226.4879848598464,238.9712817567387
6414,169.77620492724563,196.8262885437632,186.81768235871695,221.1487797948954,241.60822300528565,213.9633418692998,244.02133295565181,198.2594236443164,226.52087625979578,239.00655481621962
6415,169.80289546152355,196.85667576318406,186.8473390479337,221.17359645879625,241.6448398180973,213.9964252130165,244.05773609874925,198.29006862473008,226.55376789778063,239.0418279745554
6416,169.8295878756311,196.88706900531105,186.87699718943816,221.19839782982882,241.68145187054893,214.02951233558704,244.0941397740684,198.32070982984794,226.58665746579044,239.07710119042926
6417,169.85628099101996,196.9174634720404,186.90665701425738,221.22321195534343,241.71805812840864,214.06260011128492,244.13054358129148,198.35134413976613,226.6195481561509,239.11237434105593
6418,169.8829639626769,196.9478503961209,186.9363193019807,221.24793382837376,241.75466829033013,214.09568674516785,244.16694658381724,198.38197857592945,226.65243903643977,239.14764747399084
6419,169.90965002608505,196.978227029428,186.96598330421443,221.27266875557237,241.79128251498943,214.12877265194217,244.2033499077681,198.41261118534646,226.6853239879314,239.18292074610156
6420,169.93631859416448,197.00859858029395,186.99564042732936,221.29740957804862,241.82789907223696,214.1618623179375,244.2397533097804,198.44323904085974,226.7182079981221,239.21819414098445
6421,169.962983579231,197.03897091737815,187.02530410623572,221.32214979267374,241.86451603755316,214.19495592244718,244.27615668909755,198.47386655226455,226.75109241935965,239.25346756234416
6422,169.98965235995212,197.0693444315789,187.05497253029657,221.34687051235272,241.9011322577926,214.22805030730717,244.3125605437724,198.50448796490508,226.7839750218141,239.28874119736912
6423,170.01631522936165,197.09971806944193,187.0846256794669,221.37161490705404,241.93774385867084,214.26113687042513,244.34896507761434,198.53511274969077,226.81685693771152,239.32401489105942
6424,170.04297897757488,197.1300994128899,187.11428063706123,221.39637878403428,241.97435122501855,214.29423042807713,244.38536971113956,198.5657383640557,226.84973946531804,239.3592887322876
6425,170.06964178536114,197.16048281272353,187.14392614734024,221.42111282446015,242.01095972706761,214.3273267319761,244.42177441017589,198.59636224266936,226.8826218019627,239.3945628648427
6426,170.09630822628577,197.19086466866227,187.17357217100803,221.44585289043715,242.04756811531277,214.36043186287566,244.45817926080426,198.6269834160796,226.91550400314256,239.42983701563873
6427,170.1229766581943,197.22123108698125,187.20322518271388,221.4706277510401,242.0841725498412,214.39354428768542,244.49458412063035,198.65760644843613,226.94838568453554,239.4651106357293
6428,170.14964270699684,197.25159649090028,187.23288184214508,221.49541807352094,242.12077771561303,214.4266618088369,244.53098964175084,198.68823198450505,226.98126580174105,239.50038405391442
6429,170.17628892932868,197.28196647308295,187.26254448805125,221.5202189145017,242.15738294596883,214.459780543248,244.5673957556142,198.71885823672613,227.0141448024257,239.53565732703754
6430,170.2029382257358,197.31233815655727,187.29221042325372,221.54496992435008,242.19398881035826,214.492901766407,244.60380192095647,198.74948826481292,227.04702383551032,239.57092988449293
6431,170.22958322231202,197.3427068115525,187.32186301574276,221.5696583991235,242.23059874324952,214.5260239788359,244.64020740613353,198.78011984678247,227.0799054315726,239.60620239929378
6432,170.25623549422855,197.37307237598972,187.35151097481906,221.5943398846864,242.26721359273512,214.55914029341722,244.67661278870008,198.81074960154896,227.11278773986587,239.64147470481186
6433,170.28289215601967,197.40344384922227,187.38115018564997,221.6190304373121,242.30383154953674,214.5922492902182,244.7130169547497,198.84138605169375,227.14567085939242,239.6767470956523
6434,170.30954505686898,197.43381723493732,187.41078957273453,221.64368070571638,242.34045025364227,214.62534886430186,244.7494210346671,198.87203273361987,227.17855742158434,239.71201950476257
6435,170.33620711739593,197.46419003299962,187.44042711632764,221.668368611254,242.3770689523545,214.65844854423528,244.78582526876113,198.90268392212997,227.21144501141396,239.74729191067007
6436,170.36287296265007,197.49456365239502,187.47004695363506,221.69307150585922,242.4136870822644,214.69154401379288,244.8222299833182,198.93333659856424,227.24433108407874,239.78256434048478
6437,170.38953988525682,197.5249369418914,187.49966099776785,221.71777630555337,242.45030500551186,214.72463967177737,244.8586350097461,198.96399278233065,227.277217293882,239.81783672631616
6438,170.41621053827433,197.555310632196,187.52927679295988,221.74243245782515,242.4869251977164,214.75773793755735,244.89504060186545,198.994650209793,227.3101046972943,239.85310910440123
6439,170.44879158312446,197.58918315113172,187.56288975163673,221.7742530385108,242.52347225707737,214.79251234568676,244.93138853634267,199.02861805443996,227.3448102843336,239.88857590109433
6440,170.56643117751707,197.70736516464027,187.68096274983657,221.89157323795433,242.64249995649902,214.91107315265666,245.05038835828057,199.1468401047472,227.46334218644566,240.00742751126097
6441,170.56950614482878,197.71379748145068,187.68665374571978,221.89383538680048,242.65422501841383,214.91991215599708,245.06153635137883,199.15326442939576,227.47193610612013,240.0175512197485
6442,170.59308981258647,197.74173092116231,187.71363471353558,221.9163557040579,242.68870389549048,214.95086128522044,245.0953129611729,199.1811911012281,227.5025778418234,240.05007757640044
6443,170.61873093237986,197.7718096844129,187.74274571238357,221.9409187925536,242.72545462487847,214.98402119904227,245.1313517477461,199.21127172886617,227.5354235345367,240.08484470495887
6444,170.64457984527957,197.8021037071879,187.7720646016236,221.96568177905715,242.76242927395538,215.01740194770548,245.16761645789276,199.2415652785346,227.56848963044382,240.11983397123524
6445,170.67045708398513,197.83241618760448,187.80140093555576,221.99046773934347,242.7994226272637,215.05079974833964,245.20390235366838,199.27187944355256,227.60157796198183,240.15484530122566
6446,170.69634020080548,197.86273453596533,187.83074394731304,222.01519988459972,242.83641669203965,215.08420380351862,245.24018960549068,199.3021955027292,227.63466951375972,240.18985929088126
6447,170.72222467148916,197.8930550569471,187.86008936325246,222.03991695061725,242.87341320876408,215.1176099327868,245.27647686003846,199.33251143357475,227.66776229893998,240.22487351603277
6448,170.7481019303074,197.9233749130971,187.8894318780453,222.0646388297824,242.91041281406686,215.1510153918841,245.3127638653235,199.36282877073938,227.70085530646838,240.25988714639357
6449,170.77398005147305,197.95369483851724,187.91877495652506,222.08935875194825,242.94741328901694,215.18442369640889,245.3490511816424,199.39314263587636,227.73394693422532,240.29490035067454
6450,170.7998499074719,197.98401638880478,187.9481260811231,222.1140507361438,242.98441976424343,215.21783388859038,245.3853390559378,199.42345509621077,227.7670370898639,240.32991247070902
6451,170.82572300443067,198.01433710865336,187.97748052437677,222.13874812669943,243.02143125699524,215.2512305583457,245.42162725532967,199.45376837343795,227.80012769302436,240.3649240810792
6452,170.85158875775878,198.0446584122103,188.00683619816175,222.163433987622,243.05844321530503,215.2846211725671,245.45791565758444,199.4840819849129,227.83321849246522,240.3999365295944
6453,170.87745872072603,198.07496713034388,188.0361795284699,222.18812108696017,243.0954490689575,215.31801395371107,245.49420398159143,199.51439429954613,227.86630893579013,240.43494921915016
6454,170.90333287280478,198.10526551818677,188.0655185781801,222.2128307166975,243.13244079052453,215.35141327414888,245.53049149376056,199.5447088401029,227.89940004831237,240.46996125214048
6455,170.9292099020615,198.1355646108294,188.09486920852507,222.2375550132156,243.16942981089085,215.38481453568568,245.5667791532367,199.57502592647492,227.93249171320758,240.50497265158597
6456,170.95508863186168,198.1658591651574,188.1242255801314,222.26225747365694,243.20641783672696,215.41821160682818,245.60306671483923,199.60534638236095,227.96558160785597,240.53998403490291
6457,170.98096136288464,198.1961560827727,188.15356743283152,222.28697200593356,243.24340531558025,215.45160937201837,245.63935401353277,199.63567448073235,227.99867102729166,240.57499423542643
6458,171.00683680958946,198.2264543259568,188.1829166944655,222.31169502980623,243.2803898185322,215.48500872396065,245.67564146813123,199.66600511708285,228.03175983214746,240.61000331856187
6459,171.03271475366003,198.2567427293791,188.21228043817672,222.3364382726195,243.31737500787995,215.5184091538403,245.71192907006557,199.69634034446872,228.06484969995103,240.64501247265986
6460,171.0585890200961,198.2870350979815,188.2416542253868,222.36119341170175,243.35435478217806,215.551810761262,245.74821707526394,199.7266793579076,228.09793983159227,240.6800204475272
6461,171.08445451843474,198.3173287309381,188.2710302146358,222.3859599074476,243.39133303825423,215.58520738156298,245.78450544011258,199.7570231964747,228.13103002033705,240.71502507903728
6462,171.11031706148552,198.34762304944445,188.30041126740696,222.4107425638523,243.42830744725416,215.61860696081138,245.82079409325593,199.78737579610683,228.1641210777348,240.75002925812382
6463,171.13618130004772,198.37791905203935,188.32979555788884,222.43553002157034,243.46528200921992,215.6520078573602,245.85708281590598,199.8177367948615,228.1972123288256,240.78503296606888
6464,171.16204476558516,198.40821306373763,188.35918053068175,222.46029548731872,243.50226014746568,215.6854087918258,245.89337150948825,199.8480999702591,228.23030439519735,240.82003707865098
6465,171.1879104121932,198.43850921809096,188.38856240493874,222.48505739962496,243.53924119029537,215.71880374571467,245.929659985074,199.87846680150048,228.26339852213965,240.85504119892522
6466,171.21376441513377,198.46880529793867,188.4179488071587,222.50978885859712,243.57622315232322,215.75219879198985,245.9659484739912,199.90883563709718,228.29649412452255,240.89004421124403
6467,171.23961232405514,198.49908865545606,188.44733602257338,222.53450751763705,243.6132057715003,215.78559558038884,246.0022369027518,199.93919759951868,228.3295908893564,240.9250476788328
6468,171.26545582397873,198.5293613297135,188.47672072856037,222.55918935515004,243.6501882160665,215.81899249718776,246.0385257569539,199.9695546724196,228.36268793673585,240.96005151314242
6469,171.2912938457087,198.55963002985865,188.50610329721803,222.58387723045556,243.68716733826164,215.8523895354078,246.0748150037694,199.9999120631741,228.39578446225553,240.9950541413163
6470,171.31713852817737,198.58989957538114,188.53548353969467,222.6085284750253,243.72415262941064,215.8857855453392,246.1111043313223,200.03026346449496,228.4288807379412,241.0300562420952
6471,171.34298689657558,198.62016139765674,188.56486780111766,222.63316863765533,243.7611452643098,215.9191631772517,246.1473935800058,200.06060766723914,228.46197566883262,241.0650585646637
6472,171.36882509255895,198.6504233764323,188.59423855808356,222.65781334194887,243.79814029062646,215.95254428261055,246.18368228753084,200.090952236435,228.49507002436337,241.10006045141392
6473,171.3946644523998,198.68068680632206,188.62361499860052,222.68244533341868,243.83513927555111,215.9859246549007,246.2199718102032,200.12130489874818,228.52816444310687,241.13506261406653
6474,171.42049718417124,198.7109468326693,188.65299539794242,222.70704991371022,243.8721393446579,216.01929829027884,246.2562617748889,200.15166010460874,228.5612585360866,241.1700648054259
6475,171.4463279617981,198.7412058688052,188.68238185186848,222.7316574106129,243.90914097070691,216.0526683845623,246.29255172530478,200.18201033373384,228.59435090049666,241.2050666829554
6476,171.47216576536306,198.7714668998747,188.71177147140193,222.75627554551392,243.9461443088488,216.08603945126436,246.3288409633644,200.21236017605767,228.6274447867028,241.2400669232672
6477,171.49800899049234,198.80172580929428,188.74114722541805,222.7809100576652,243.98314858518026,216.1194168558692,246.36513050725605,200.24270363456966,228.6605391906549,241.2750673294177
6478,171.523853860344,198.83198624699503,188.7705248904101,222.8055339964554,244.02015672390027,216.1527970215459,246.40142144645762,200.27304690435878,228.69363278709525,241.3100681094752
6479,171.54969745368834,198.8622486188534,188.79990237646155,222.8301673320863,244.05716593436372,216.18618261074548,246.43771279200763,200.30338933935576,228.72672629712332,241.34507078052874
6480,171.5755464135825,198.89251165141,188.8292833918688,222.8548018618766,244.0941761131791,216.21957163095394,246.4740041173051,200.33372883987792,228.7598207093329,241.3800759974414
6481,171.60139808717466,198.92277231850863,188.85864208542984,222.87939273148518,244.13118870593001,216.2529612408538,246.51029514456417,200.36407322738228,228.79291562902227,241.41508274120895
6482,171.6272596370912,198.95302979655725,188.88800307004414,222.90390424536167,244.16820547306216,216.28635366597393,246.54658616113412,200.3944199427136,228.82601068156075,241.45008974767478
6483,171.65312570935734,198.983287482974,188.91734204652687,222.92839562399772,244.2052230802023,216.31974909830123,246.58287699358345,200.4247609365027,228.85910602461598,241.48509703891486
6484,171.67899234959756,199.0135480807151,188.9466810196268,222.95285238061808,244.24224268060996,216.3531535946002,246.61916782505065,200.45510426331717,228.8922013583048,241.520104542341
6485,171.7048576268107,199.0438091190435,188.97602790966826,222.97733248717353,244.279263217161,216.38656081414402,246.65545836691743,200.4854585257271,228.9252946464266,241.5551119507721
6486,171.73072516887657,199.07406697362543,189.00537733258537,223.0018311176317,244.31628940034167,216.4199661505063,246.69174817336713,200.51581668886453,228.95838716967128,241.59011942726033
6487,171.7565840836447,199.10432980705284,189.0347265760634,223.02631396177827,244.35331749756534,216.45337172307438,246.72803797879308,200.54617747060686,228.99147812999672,241.62512601545149
6488,171.7824396359407,199.13459413380713,189.06407777723,223.05076945659982,244.3903421495541,216.48677293943425,246.76432764545046,200.57654303509756,229.02456949189337,241.66013050149266
6489,171.808296213083,199.16485251299045,189.09342301556822,223.07523758953957,244.42736498361873,216.5201764243747,246.80061633556994,200.6069129001313,229.057661768923,241.6951349940574
6490,171.83415874460337,199.19510049115556,189.1227694121547,223.09972146545883,244.46439174238708,216.55358262823202,246.8369052821808,200.6372845150122,229.0907541928524,241.73013890256956
6491,171.8600257255675,199.2253502731488,189.152121837535,223.12421358890055,244.5014189479326,216.58698634922644,246.87319431219302,200.66765644055113,229.12384590533065,241.76514103107198
6492,171.88589815048795,199.25560168100998,189.18147653989752,223.14870770693142,244.53844780082125,216.62039061946362,246.90948277066346,200.6980287061813,229.15693835578884,241.80014489848
6493,171.9117766619953,199.28585413605103,189.2108252146075,223.1732194333877,244.57547936078836,216.6537956994472,246.9457715444185,200.72840536209475,229.19003099946306,241.83514923787985
6494,171.93765758829073,199.3160938632977,189.24017201211444,223.1976823272695,244.6125168870696,216.68720836111058,246.98206087703056,200.75878749403682,229.22312320996693,241.87015320494032
6495,171.9635402291181,199.3463364364235,189.26950097693486,223.22208609596666,244.64955653442695,216.72062369628262,247.01835109119915,200.7891738381334,229.25621365807976,241.90515783214946
6496,171.98941439923092,199.3765854751253,189.29882680202763,223.24646784595868,244.68660011003504,216.75402942426103,247.05464186667226,200.81956144331912,229.28930412878339,241.9401637877613
6497,172.01527538043135,199.4068384177855,189.32815858378015,223.2708559391745,244.72364458208457,216.78742149334948,247.09093273220822,200.8499430492622,229.32239340733074,241.975170064067
6498,172.04114206859552,199.4370922787493,189.35749575791257,223.2952262779789,244.76068651894772,216.820804596216,247.1272237739528,200.88032313684297,229.35548098040468,242.0101759980315
6499,172.0670160810872,199.4673409224119,189.38683719149714,223.3196164709446,244.79772510194385,216.85418415791784,247.16351533568618,200.91069732611422,229.38856962592195,242.04518146077564
6500,172.09289682871935,199.49758360692576,189.41618082168137,223.3440255844038,244.83476406560743,216.88755299852747,247.19980731835733,200.94107087452164,229.42165863075434,242.08018600442261
6501,172.11878791104064,199.52782275651475,189.44552634894038,223.36836510223947,244.87180391744474,216.92091881729525,247.23609934959163,200.9714394669625,229.45474814431248,242.1151914207625
6502,172.14468305573413,199.55806445345902,189.47487289331556,223.39270414802007,244.90884329554007,216.9542852182447,247.27239093497766,201.0018079548685,229.48783781664923,242.1501971115446
6503,172.1705765966213,199.588304474131,189.50421618940976,223.417047503832,244.9458736034881,216.98765198429513,247.30868244151642,201.03217259058147,229.5209268977019,242.18520263320383
6504,172.19646949736529,199.61853947865544,189.5335608439894,223.44139518444948,244.98289480472317,217.02101078104963,247.34497409545648,201.06253485054572,229.55401467812487,242.22020845857648
6505,172.2223650779209,199.6487684291744,189.56290363005476,223.46569421973243,245.0199138157631,217.05437027001173,247.38126591823607,201.0928965474457,229.58710173843167,242.25521421418978
6506,172.24826513671587,199.67900360967099,189.59225840950427,223.48998856437663,245.05692983912652,217.0877294846898,247.41755770234846,201.12325493612823,229.62018677977824,242.29021885747946
6507,172.27417412131797,199.709240619822,189.62162274298385,223.5142921355586,245.09393905256906,217.1210867114445,247.4538486926794,201.15361182160657,229.65327192496534,242.32522159604332
6508,172.30008585508358,199.73947789168872,189.6509926049802,223.53857798132884,245.13094797599695,217.15444152207715,247.49013966646027,201.18396502286222,229.68635716094215,242.36022405612857
6509,172.32599399821478,199.7697168403725,189.68036433136186,223.56287682819934,245.16795782048223,217.18778861250664,247.526430576173,201.2143159992292,229.71944252218398,242.39522542320958
6510,172.3519008357819,199.7999526564845,189.70973734977773,223.5871446152372,245.2049665684229,217.22113687315758,247.5627216011553,201.24466726479412,229.75252705377108,242.43022612739566
6511,172.37781183225252,199.83018457228417,189.73911423614442,223.61134332799895,245.24197530176312,217.25448924809092,247.59901249617954,201.27501882874122,229.78561152419059,242.46522732074473
6512,172.40372968369547,199.86041387043204,189.76849181727226,223.63549637770302,245.2789830684005,217.28784489950712,247.6353018768063,201.30536724677026,229.81869642589496,242.5002297277357
6513,172.4296519568045,199.89063461710123,189.79786143068466,223.659641709671,245.31598561804563,217.32120504451925,247.6715909171858,201.3357170756695,229.8517810915714,242.53523242478164
6514,172.4555761848083,199.92084877114016,189.82722963202232,223.68380542821433,245.35298085071523,217.3545663611095,247.70787927427725,201.36606530801285,229.88486409010036,242.57023402034767
6515,172.48149301768262,199.9510622986676,189.85660815097236,223.70796090893765,245.38996974114005,217.38792668739802,247.7441676586475,201.39640788916952,229.91794541437412,242.60523307894704
6516,172.50741133071983,199.9812734216634,189.88599822023164,223.73208899863718,245.42695838218756,217.42128737365667,247.780456532443,201.4267443008174,229.95102766542,242.64023320595507
6517,172.53331976694975,200.0114843339536,189.91539216853005,223.75619298395551,245.46394937240305,217.45464162513747,247.8167458828102,201.45708253094784,229.9841104119283,242.67523443389035
6518,172.5592316049057,200.04169923102464,189.94477826038263,223.7802292816642,245.50094468597402,217.48799533217087,247.85303558485947,201.48742141910864,230.01719320498,242.7102358296928
6519,172.58514546152693,200.07191752199068,189.97415622801006,223.8042447191631,245.53794647186652,217.52134906348869,247.88932542143118,201.5177566624601,230.0502750089957,242.74523627087262
6520,172.61106067974654,200.10213687218064,190.00353069880887,223.82827830034265,245.57494939943643,217.55470036707112,247.92561558144413,201.54809252454655,230.08335649260388,242.78023642831883
6521,172.6369740761769,200.13235401730003,190.0328971826716,223.85234363425812,245.61194815853517,217.58805039395696,247.9619057664146,201.57843484920636,230.1164383279784,242.81523683265422
6522,172.6628945637656,200.16257536918556,190.06225798985878,223.87646259970077,245.64894546311555,217.6213868850912,247.99819516190402,201.60878371893443,230.14952137398535,242.85023722824437
6523,172.6888179011569,200.19279919060267,190.09160990100807,223.90063287445957,245.68594088632483,217.65472036875175,248.03448390431825,201.63913555386256,230.182605564889,242.8852374203731
6524,172.71473808416349,200.22303345135853,190.12095532051384,223.9248211235667,245.7229399426393,217.68804958720696,248.07077274542732,201.66948953995697,230.21569002172015,242.92023772098793
6525,172.7406513817849,200.25328401114223,190.1503020826534,223.9490126066074,245.75993926350608,217.72138103602893,248.10706176442537,201.69984508450338,230.24877281140292,242.95523759151925
6526,172.76656932663604,200.28354711777123,190.1796505751226,223.97320524762003,245.79693195900987,217.75471183516743,248.14335071438722,201.73020100787772,230.28185513977354,242.99023776850646
6527,172.79248900522376,200.31381346011148,190.20898008158406,223.9974013328965,245.83392940780578,217.78804153391965,248.17963913568875,201.760560475358,230.31493752036337,243.02523740123883
6528,172.81840993855437,200.34407519304315,190.23830754759297,224.02158358909534,245.87093448625544,217.82137129973398,248.2159274969881,201.7909251431872,230.34802021372573,243.06023618614046
6529,172.844334465157,200.37434211948616,190.26762809707145,224.045783999405,245.90794135627561,217.85469335405466,248.25221526269755,201.82129314775992,230.38110363881367,243.0952346728671
6530,172.87026081716223,200.40461524683022,190.2969547194602,224.06999329249584,245.94495486221967,217.8880101881291,248.28850323536653,201.85166195251404,230.4141872903413,243.13023171191585
6531,172.89619092102848,200.43489007924117,190.32628674674493,224.09420847826627,245.98197415470557,217.92132436703278,248.3247912993935,201.88202915464512,230.44727050707058,243.16522819500608
6532,172.92212616778943,200.46517644582423,190.35562089797529,224.1183678437102,246.01899448647518,217.9546391236049,248.36107907447428,201.91239295226384,230.48035378801785,243.2002246528002
6533,172.94806317661215,200.49546737519006,190.3849413161796,224.1425086912142,246.05601852051478,217.98795146117808,248.39736616031678,201.94275746185696,230.51343751281135,243.23522041457443
6534,172.97399524375345,200.52575423395993,190.41425547335814,224.16659183216385,246.09304524058945,218.02126633382568,248.43365308862005,201.97312550635687,230.54652318472625,243.27021571126056
6535,172.99992920574454,200.55603926665654,190.4435516312564,224.19069686651144,246.1300718283033,218.05458889057056,248.46993974023744,202.00349450081572,230.5796094725074,243.3052108165028
6536,173.0258666222571,200.58631706522604,190.4728463159563,224.21481583095286,246.16709305361684,218.0879135605092,248.50622577440444,202.03386305053542,230.6126954053473,243.34020614479357
6537,173.05180127238873,200.6165896164438,190.50213031730974,224.23891542790585,246.20411463638678,218.1212299303617,248.54251086411006,202.0642259124236,230.6457814510636,243.375200602823
6538,173.0777319058021,200.64685925668272,190.53141477818207,224.26302258148698,246.2411366029392,218.15455445966953,248.5787949751916,202.0945799778023,230.67886944442157,243.41019268894107
6539,173.10366639061266,200.67713016867842,190.5606928290307,224.28714499315538,246.278157293453,218.18788606552084,248.61507971037287,202.12493515555227,230.71195808318097,243.4451833151706
6540,173.1296115666562,200.7074028228411,190.58996812523742,224.31128309891653,246.31518073411004,218.22121940812852,248.65136457329123,202.15529372287853,230.74504646319994,243.48017150479058
6541,173.15556133997205,200.7376759047383,190.6192304537608,224.3354327903675,246.35220484530026,218.25455288048727,248.6876489915103,202.1856553720874,230.7781320762044,243.5151601109738
6542,173.18151335168432,200.76794914237087,190.6484879439676,224.35954935666751,246.38922528823537,218.28789969176623,248.72393343101947,202.21602057310938,230.81121808407394,243.55015005943758
6543,173.20746672422058,200.7982290681892,190.6777460964688,224.38364357821118,246.42624022627712,218.32125142346055,248.76021780123318,202.24638727307246,230.8443045998696,243.58514039740615
6544,173.23342201123657,200.82851744609067,190.707012241518,224.40772941371745,246.4632587046829,218.35460234824436,248.79650246120676,202.27675441772413,230.87739131981485,243.62013050140428
6545,173.25937985101402,200.85880834436503,190.73628867370658,224.43178215097598,246.50027892629595,218.38794765459065,248.8327877795631,202.3071205185584,230.91047884580226,243.6551192907717
6546,173.28532603694154,200.88909478714842,190.7655741577238,224.45584958899718,246.53729906531822,218.42129018129603,248.86907401418048,202.3374977080573,230.94356709993147,243.69010807564533
6547,173.31127572980284,200.91938587686482,190.79487082342408,224.47987364713447,246.5743190920015,218.45461858771878,248.90536046326858,202.36787857039903,230.97665606735922,243.72509741038974
6548,173.33722718788925,200.9496785551968,190.8241711537204,224.50387312528125,246.61134087956435,218.48793974729378,248.94164676456464,202.39825245608216,231.00974523187313,243.76008712204327
6549,173.36317915235927,200.97996883203197,190.85346974379362,224.52788527136227,246.64836237371978,218.5212580374399,248.97793242967415,202.42862119674015,231.04283492087188,243.7950772819681
6550,173.3891283070849,201.01025129832698,190.88276629763666,224.55187555364094,246.6853811459804,218.55456761046187,249.01421723151742,202.45899924919144,231.0759253786964,243.83006925402603
6551,173.4150795087878,201.04053229822244,190.91206645516382,224.57588018888188,246.7224001558671,218.58787726537116,249.05050197820734,202.48938090447933,231.10901600586996,243.86506300962284
6552,173.44101913646043,201.07081171669904,190.94136709054527,224.59987364952528,246.75941338166598,218.62118825911867,249.0867864262554,202.51976303347115,231.14210505593374,243.90005781698324
6553,173.47333406737334,201.10465209413485,190.97487428463856,224.63146331792007,246.79631684128358,218.65602999609385,249.12302196711317,202.55363705506053,231.17687597984218,243.93543750677387
6554,173.59086189391232,201.22282060821342,191.0929028617133,224.74868653420143,246.91539443674114,218.77461908117897,249.24200605394435,202.67181969968362,231.29543532343928,244.0542525320415
6555,173.59391047006707,201.22971255987267,191.0982423898029,224.75053496411985,246.92688380506254,218.7832064145243,249.2534303606746,202.67846354899865,231.30381424163795,244.06407305313903
6556,173.61746116060337,201.2582229630719,191.12477448445404,224.77245116693712,246.96107319659384,218.81383883237694,249.2875447624153,202.70666321895445,231.33418782814337,244.09622553131723
6557,173.6430688273088,201.28889102307878,191.1534165355385,224.79634323660537,246.99753873945906,218.84667784840198,249.32392869011247,202.7370236146703,231.36676041627283,244.1306122221386
6558,173.66888021082113,201.31976918231794,191.18226855895813,224.8204340311382,247.03423078691765,218.87973692165326,249.36054057881356,202.76760563089752,231.399553413833,244.1652216018049
6559,173.6947094534719,201.3506627769658,191.21113827155048,224.84455336969313,247.07094491573898,218.9128244873248,249.3971763360965,202.7982123007209,231.43236848468533,244.19985064066918
6560,173.72054464910082,201.3815480120235,191.24000752008536,224.86865524629783,247.10766076375816,218.94592806360524,249.43381624767352,202.82882140268842,231.46518531350694,244.2344822466448
6561,173.74638230847697,201.41244676457814,191.2688628706323,224.89277836837255,247.1443765806117,218.9790356359996,249.4704567321968,202.85942714759548,231.4980021918097,244.26911422506296
6562,173.7722227102605,201.44335591322354,191.29772289464387,224.9168611899767,247.18109219622937,219.01213998983408,249.5070978585522,202.8900335076461,231.53081907176684,244.30374394142086
6563,173.79806589536608,201.4742668418972,191.3265867400394,224.94091682551777,247.21780510983314,219.04525005584907,249.54374042954652,202.92064001105834,231.56363628221376,244.3383768184666
6564,173.82389876029305,201.50517043406157,191.35544165958444,224.96491223136857,247.25450943384791,219.07836247723512,249.58038329293223,202.95125018709103,231.59645367396143,244.37301144034168
6565,173.84973635884612,201.53607443579224,191.384294427523,224.98890695855897,247.2912108389604,219.11147326471215,249.61702676030552,202.9818611534626,231.62927009662724,244.40764665860198
6566,173.87557815915986,201.5669838831282,191.4131478327466,225.01290274869223,247.32790584990366,219.14458094233234,249.6536713823192,203.012474144527,231.6620857953006,244.4422817347526
6567,173.90140540298685,201.59790049167538,191.44199346176532,225.03690503804745,247.36460107025744,219.1776973959799,249.69031821307988,203.04309661847856,231.69490101678178,244.47691206648042
6568,173.9272307114932,201.62883310812927,191.4708408085696,225.06090801361458,247.40129597941424,219.2108249675287,249.72696568108364,203.07372273225334,231.72771469221317,244.51154286633076
6569,173.95304810207836,201.65977111753946,191.49968035483232,225.08485860260618,247.43799181102557,219.243957949163,249.76361299024023,203.10434364893504,231.76052838135044,244.5461775886772
6570,173.9788592314874,201.69069942100535,191.5285216536526,225.1088227974093,247.47468921227474,219.27709700512608,249.80025841218335,203.13496670611227,231.79333966461957,244.58081326308388
6571,174.0046756801933,201.7216279372338,191.55735894841638,225.13278849158132,247.51138606006842,219.31023780039405,249.8369029150191,203.1655880724633,231.82615092879522,244.61544573350142
6572,174.03049430835415,201.7525510449519,191.5861893112096,225.15675849987122,247.54808083231697,219.3433802051892,249.87354772074764,203.1962153451601,231.8589603225089,244.65007830077533
6573,174.05631269012872,201.78347079561897,191.61501462888572,225.18073152161418,247.5847748955154,219.37652342358155,249.91019347352244,203.22684442474508,231.89176973421988,244.6847106219965
6574,174.082134244563,201.81438438623306,191.64384087481096,225.20471270268996,247.6214679962853,219.4096630729943,249.9468392506843,203.25746682703308,231.9245761523221,244.7193363209861
6575,174.10795927090751,201.84529149794201,191.67267173293925,225.22867132812544,247.6581643624594,219.4428037250166,249.9834827225571,203.28808699338535,231.95738197667706,244.7539632088207
6576,174.13378592000058,201.87619344477434,191.701504810626,225.25263999477446,247.69486139332386,219.4759455964878,250.02012574388118,203.31870747575203,231.99019044425546,244.78859094099806
6577,174.15961358618026,201.90707367015742,191.73033581845596,225.27660429587198,247.73155663919604,219.50908623966347,250.0567674748381,203.34933003047297,232.0229996095888,244.82321697204083
6578,174.18544083125025,201.9379476747128,191.75916761734248,225.3005775597872,247.76825439507442,219.54223912056014,250.09340891667256,203.37995476614256,232.05580873935062,244.85783758534794
6579,174.21127012018792,201.96881117916715,191.78800660833284,225.3245560301525,247.80495543317033,219.5753984733935,250.13005076586427,203.41058239039097,232.088618153473,244.89246020386935
6580,174.23709127281828,201.99967560819474,191.81686041324943,225.34852747847242,247.84165717597452,219.60855857881938,250.166692582377,203.4412111429506,232.12142902719094,244.92708493211958
6581,174.2629125397463,202.03054368643947,191.84571943089202,225.37253211965935,247.87835964439256,219.64171524418995,250.203333929123,203.47184010425528,232.1542401943719,244.96171109255698
6582,174.2887278255926,202.06141336813826,191.87457914866982,225.39655501752256,247.91506221661456,219.67487227125554,250.23997650590903,203.5024657580234,232.1870500247495,244.99633732037495
6583,174.3145436265981,202.0922833191045,191.90344223541695,225.42062058036174,247.95176249540776,219.70801871273994,250.2766193884017,203.53309611554496,232.219860109895,245.03095920081518
6584,174.3403686555823,202.12314932364643,191.93230956295207,225.44473647242796,247.988462987909,219.74115233394602,250.31326296308998,203.5637317412744,232.25266885004928,245.0655809682146
6585,174.36619766330776,202.15401418092895,191.96117837396855,225.4688662861769,248.025163619422,219.7742744628522,250.349906538934,203.59436894229896,232.28547514917972,245.1001999279842
6586,174.39202677465957,202.18487697985003,191.99004375448544,225.49302088560768,248.06186365386245,219.80740174165146,250.38654757906212,203.62499939903225,232.31828050413114,245.1348185457043
6587,174.4178572209794,202.21574866019895,192.0188954783168,225.51719687471223,248.09855605228395,219.84053074228152,250.42318889555042,203.6556143292472,232.3510848419146,245.16943798774477
6588,174.4436848446036,202.24662336007816,192.04774865140777,225.54137938588624,248.1352449902475,219.87365546408216,250.45983023475276,203.68622453752872,232.38388785160316,245.20405845703962
6589,174.46952370342188,202.27749212259891,192.07660047915385,225.56555746560744,248.17193401841806,219.90677747409669,250.49646880330764,203.7168385076895,232.4166911913862,245.23867718762
6590,174.49536950159163,202.30835940238524,192.10546290496424,225.58975356027952,248.2086235724181,219.93989893122657,250.53310540948826,203.74745395718045,232.44949447315622,245.27329632222165
6591,174.5212166990112,202.33922171173987,192.13432934614664,225.61395775529695,248.2453130515432,219.9730159745108,250.56974254766234,203.7780614812388,232.4822975139799,245.307915271131
6592,174.547063688444,202.37008140843537,192.16319423181503,225.63816614986496,248.28200044915002,220.00612659120543,250.6063798853778,203.80866968767634,232.51510076174324,245.34253331631606
6593,174.57291652384407,202.40094823437258,192.19206426166832,225.6623815417191,248.31869018469854,220.03923627827695,250.64301643128474,203.83927368903883,232.54790280666052,245.3771530678972
6594,174.59877270690677,202.43182604526984,192.220940361221,225.6865847751788,248.3553810384308,220.07234519746507,250.6796531469418,203.86987778947025,232.58070454026927,245.41177517665093
6595,174.6246195635952,202.462706707053,192.24982198722975,225.71079550625083,248.3920724845129,220.10545674030615,250.71628882858835,203.90048117462564,232.6135055864732,245.44639774271062
6596,174.65046136135626,202.4935883307345,192.2787148794064,225.73501004926644,248.42876372688576,220.13856848036812,250.75292313483115,203.93108493900272,232.64630436908544,245.48101889523036
6597,174.6762996846201,202.52447702663636,192.3076122608124,225.7592366130592,248.46545098964842,220.17168071403626,250.7895589897597,203.96168740750574,232.67910237598704,245.515640100906
6598,174.70213596720757,202.55536755323928,192.3365150322883,225.78346921767346,248.50213504930502,220.20480210367515,250.82619546221838,203.99229214940652,232.71189974927645,245.55025774071706
6599,174.72797292466893,202.58625595186976,192.3654232047559,225.80773875725032,248.5388191050781,220.23792618919197,250.86282949053853,204.0228977225611,232.74469616094288,245.58487133635214
6600,174.7538073657021,202.6171471398938,192.39433402807532,225.83202946154825,248.5754996695241,220.27104660723654,250.8994646670719,204.0535029087514,232.7774943485863,245.61948468831386
6601,174.77964445869395,202.6480227884082,192.42322804839606,225.85632372614378,248.6121833496519,220.30416858303448,250.93610133115942,204.08410943028252,232.81029530859587,245.6540982249984
6602,174.80548327781358,202.67890992319118,192.4521117450609,225.8805725325172,248.648867796736,220.3372849280642,250.9727382894551,204.1147150650051,232.843097044523,245.68871158974758
6603,174.83131758796563,202.70980158518856,192.48099188699882,225.90479247654648,248.68555114420732,220.3704047248185,251.0093764662455,204.14532467208878,232.87589841443588,245.723319461605
6604,174.85715352504462,202.7406827058947,192.50987576149907,225.92896364675056,248.72223076703153,220.40352544594603,251.04601578091615,204.1759366492749,232.90870075982465,245.75792614236437
6605,174.88298457260348,202.7715558242435,192.53876133595057,225.9531647544174,248.75890850995074,220.43664102593357,251.08265723969274,204.20655734552662,232.94150329472987,245.79253343610674
6606,174.90881707316115,202.80241787518372,192.56763278856116,225.97738502127194,248.7955862712982,220.4697601469443,251.11930121545015,204.23718145487433,232.9743046073311,245.82714074706263
6607,174.93465122769064,202.83328068992566,192.59650134853575,226.00161251621023,248.83226605369018,220.50288024380222,251.15594574585742,204.26780023917775,233.0071053174704,245.8617457076094
6608,174.96048760125743,202.86412817446654,192.62536723313468,226.0258198449222,248.86894624243484,220.53600020693946,251.19259072082252,204.29841913594748,233.0399037800242,245.89635002915716
6609,174.98632015267728,202.89497362519162,192.6542352783698,226.050050823231,248.90562521630855,220.56912003237719,251.22923817391276,204.32904129456654,233.0727021070064,245.93095229908684
6610,175.01215417456484,202.92580532022956,192.68310542590783,226.07418699501517,248.9423085483909,220.60224293955875,251.26588845005006,204.35967258737347,233.10550046783763,245.96555383953424
6611,175.03798674079874,202.9566355709482,192.7119679949662,226.09832875322545,248.9789971789541,220.63536606106504,251.302540775673,204.39031276975615,233.138295381758,246.00015597874904
6612,175.06381882812164,202.98746734546577,192.7408350976164,226.12249810789976,249.01568856874775,220.66848687413912,251.33919464328375,204.4209576777601,233.17108802524606,246.0347576207272
6613,175.08965135894323,203.0183008663837,192.7697054822815,226.14669849102395,249.0523802531647,220.7016078208015,251.37585019680216,204.4516039618171,233.2038816747471,246.0693592827892
6614,175.11549251797962,203.04913516577236,192.79858682541374,226.1709162177618,249.08907217180735,220.73473008426123,251.41250731318752,204.482238179273,233.23667625245443,246.10396215730643
6615,175.14134144868572,203.07995915259588,192.82747295105457,226.1951140441993,249.12576601120662,220.76784159430807,251.44916595162658,204.51288057060535,233.26947044327648,246.13856662700152
6616,175.16719285351212,203.11078959828268,192.8563608804603,226.21931896317486,249.16245974618172,220.8009428668617,251.48582756978317,204.54352733687023,233.3022646334644,246.17317124990672
6617,175.19304523817772,203.14162264858456,192.88525209084239,226.2435467650451,249.19914821488575,220.83404524145908,251.52249027597915,204.57417510201222,233.3350585397409,246.2077732732349
6618,175.21889236163867,203.17246657863566,192.9141444792975,226.2678038274587,249.23583621326304,220.86714877815342,251.55915301116875,204.60480751072512,233.36785316447256,246.24237432328718
6619,175.2447404383541,203.20331473148534,192.94303145683674,226.29207639648152,249.2725243866083,220.90024915415918,251.59581576364954,204.63542849112685,233.40064730497988,246.27697880321392
6620,175.2705816422629,203.23416377793345,192.9719171134773,226.31638446059623,249.30921416736598,220.93335091150664,251.63247987222962,204.66605100060255,233.4334405638721,246.31158585775103
6621,175.2964250753317,203.26501795404704,193.0008056367158,226.34070968243398,249.34590422591026,220.96646194435445,251.66914413361593,204.6966743896195,233.46623211754186,246.3461933144671
6622,175.3222702123489,203.2958730396554,193.0296879046667,226.36503265504282,249.38259090119845,220.99957592299378,251.70580614705054,204.72729799843316,233.49902255226107,246.38080099908086
6623,175.34812002083052,203.32671700105098,193.05856773183066,226.38932210730408,249.41927501197245,221.0326884104103,251.7424650938433,204.75791954365306,233.53181087063058,246.41540882298247
6624,175.37397243183852,203.3575592760131,193.08744127564995,226.41354276805396,249.4559547840087,221.06580088450266,251.77912365503107,204.78854172365126,233.56460101351644,246.4500151789992
6625,175.3998236001036,203.3883956725313,193.11632275244875,226.43775054331192,249.4926299473431,221.09890473555438,251.81578447633174,204.81915423675736,233.59739305575476,246.48462135954682
6626,175.42567691400652,203.41924080302908,193.1452073027375,226.4619142586931,249.52930383384077,221.13200577677097,251.8524478592435,204.84976584839342,233.63018628504724,246.51922829988368
6627,175.45153228024571,203.45008914071417,193.17409669642163,226.4861203887983,249.56597895760848,221.16511142106472,251.889113996974,204.88037577430114,233.66297975544103,246.55383521706437
6628,175.47737865106728,203.48093739254358,193.2029907964166,226.51034738811776,249.60265617008136,221.1982215823132,251.92578088975543,204.91097685652798,233.69577196858648,246.58843825525508
6629,175.50322403413153,203.51176684748486,193.23188449670823,226.5345834457204,249.63933495716307,221.23133862166094,251.9624520309433,204.94158651160177,233.72856342102736,246.62304117959798
6630,175.52907220121512,203.54259720814838,193.26078181164993,226.55882569678306,249.6760160052881,221.26445748053123,251.9991244093211,204.97219940259345,233.76135542255892,246.65764403059765
6631,175.55491324200446,203.5734255573782,193.28968228653727,226.58306210201653,249.71270008058568,221.29756851131938,252.03579722384626,205.00280920734818,233.7941450432056,246.69224464514895
6632,175.58075337640122,203.60425442560344,193.31857034581193,226.6072579621335,249.74938461478348,221.330661169056,252.07247140297008,205.0334272983552,233.8269337774386,246.7268391465359
6633,175.60658755725993,203.63508773153015,193.347462168365,226.631491858033,249.78607075287957,221.36374642501016,252.10914709744804,205.0640486715054,233.85972062713822,246.76142849861466
6634,175.632415217822,203.66592809089002,193.37635695165267,226.65575833798403,249.82276583255359,221.39682098767992,252.14582331067928,205.0946742107125,233.8925074821524,246.79601739226857
6635,175.65823849401764,203.69677050314388,193.40525451089246,226.6800304526257,249.85946516113026,221.42989016356702,252.1824994726537,205.12530556115684,233.92529290439995,246.83060264919243
6636,175.68406329415978,203.7276113908763,193.43415710778066,226.70427895531742,249.89616502714733,221.46296679107766,252.2191745444667,205.15594906783488,233.9580772527519,246.86518791701835
6637,175.70988965482843,203.75845282315126,193.46306146823207,226.72853368777862,249.93286429752882,221.4960458902656,252.25585165768598,205.18659824698952,233.99085921269375,246.89976977448848
6638,175.7357172147311,203.78929450142886,193.49196461780778,226.75271686117418,249.96956252153623,221.52912374572173,252.29252952224823,205.21724797092577,234.023641396616,246.93435261582175
6639,175.7615412992677,203.82014195570468,193.52086856016965,226.776898821171,250.00626039912206,221.56220564352515,252.32920741325376,205.2478976859455,234.05642247728417,246.96893686097806
6640,175.78736724306384,203.85099599613307,193.54976260379857,226.80101537174133,250.04295747203741,221.59529665208936,252.36588674686124,205.27854309637505,234.08920569048314,247.00352145576804
6641,175.81319587079844,203.8818518112898,193.5786584324591,226.82510084270422,250.07965528170305,221.62839244150032,252.40256748122945,205.30918799855996,234.12198982996821,247.03810589175757
6642,175.8390170008166,203.91270353554495,193.60756009436597,226.84915118468183,250.1163540612292,221.6614973485377,252.43924975535583,205.3398286202661,234.1547733960407,247.07269196637913
6643,175.8648356402139,203.94355385579286,193.63646825472443,226.87319931183717,250.1530543654566,221.69460508646284,252.47593229812873,205.37047225384248,234.187551965951,247.10728085923992
6644,175.89066298989505,203.97440436025272,193.66537865991,226.8971935553078,250.18975846904507,221.7277116369908,252.5126144165985,205.40111773213872,234.22032676599932,247.14187025181292
6645,175.9164942841651,204.00525379801192,193.69428500246528,226.92119675794774,250.22646415888676,221.76081826927455,252.5492984299764,205.4317509726059,234.25310217575156,247.17645658591204
6646,175.9423221464426,204.0361051437474,193.72319905360874,226.9452229101348,250.26316989170084,221.79392715151195,252.58598322252973,205.46237739496766,234.2858783747787,247.21104549068863
6647,175.96815187104693,204.06694613164635,193.7521163035941,226.96926122936793,250.29987412282895,221.8270376624687,252.62266869169542,205.4930056037329,234.31865574817607,247.2456361393189
6648,175.99397524466264,204.09778599468058,193.78103157357305,226.99328369586155,250.3365752417706,221.86014801676515,252.65935420678818,205.52363491876815,234.3514351505447,247.28022771696044
6649,176.01980023493178,204.1286180402689,193.8099582210406,227.01730106893194,250.37327833967223,221.89325838778058,252.6960383771611,205.55427199184157,234.38421519460238,247.31481956147147
6650,176.0456265335568,204.15945021190825,193.83888882717685,227.04133183295676,250.40998291671528,221.92637339070114,252.7327248597699,205.58491695793495,234.4169948280956,247.349411309625
6651,176.07144746432732,204.19028096538392,193.8678203802511,227.06535048646109,250.44668850001355,221.9594914244462,252.7694120566863,205.61556682670923,234.44977388142163,247.38400123033105
6652,176.09727422894954,204.22110077247464,193.89675405118294,227.08932362985723,250.48340036640045,221.99260987185593,252.80610085479418,205.64621794239196,234.4825522456356,247.41859100353716
6653,176.1231034003894,204.25192037939243,193.92568842834132,227.11324317542102,250.5201159751282,222.02572852207015,252.84279021155336,205.67686575788935,234.51533268618968,247.45317594995709
6654,176.1489331591212,204.2827350543504,193.9546191961204,227.13718214548132,250.55683439488004,222.0588478279306,252.87947842395656,205.70750485906106,234.54811527452037,247.48776075003823
6655,176.17475783521266,204.3135549914402,193.9835473473214,227.16115401075646,250.59355331509948,222.0919604255524,252.91616498327423,205.73814472118138,234.5809003640489,247.5223460119705
6656,176.20057551608758,204.34438375943427,194.01247099018622,227.1851436293455,250.6302745502241,222.12507403493407,252.95285185926105,205.76877367325628,234.61368613314022,247.55692867861887
6657,176.22638480393047,204.37521594130533,194.04138311955361,227.20910321316737,250.66699690478345,222.15818881706713,252.98954110217684,205.79940145716347,234.64647348462097,247.59150872239232
6658,176.25219589828234,204.4060492460607,194.07028783803312,227.23306059938247,250.7037186349375,222.1913011651771,253.02623122715787,205.83003084503463,234.679261399665,247.6260873348598
6659,176.2780083706892,204.4368849508784,194.09918059247306,227.25703354136166,250.7404386808395,222.2244125847905,253.0629209485538,205.8606591135148,234.7120490458154,247.66066202901146
6660,176.30381827699455,204.46772276098162,194.12808184667426,227.28101758485826,250.77715960850207,222.25752352979245,253.09961143233187,205.89127879779218,234.74483676753192,247.69523425481148
6661,176.3296303723139,204.49857060895445,194.15698638151795,227.30498732239138,250.81388116596514,222.2906400353649,253.13630432328168,205.92189804767517,234.7776242514646,247.729807337303
6662,176.3554409841955,204.52942333073827,194.18588948700406,227.3289541758745,250.8506022281422,222.3237620513064,253.17299778149808,205.95252037527635,234.81041188127475,247.76438090161597
6663,176.38125603507115,204.56028768837763,194.21478851077043,227.35290535435328,250.88731827269982,222.35688898635482,253.20969405693992,205.98314389492504,234.84319726141229,247.79895702696538
6664,176.4070580111008,204.59115674829619,194.243689903688,227.37685865236153,250.9240344306667,222.39002218750363,253.24639103046675,206.01376618192097,234.875982432153,247.83353749732714
6665,176.4328593747169,204.62202611285036,194.2725925113918,227.40082244242544,250.96075021054477,222.42315689776188,253.28308882628846,206.0443856592514,234.9087658201258,247.86811897529063
6666,176.45866222715634,204.65289300374258,194.30148827184118,227.42474221333083,250.9974656940699,222.45628426302227,253.31978704283966,206.07500738536123,234.94154944390164,247.90269843219141
6667,176.4844653489854,204.6837496105847,194.33038523162546,227.4486633800028,251.0341810960013,222.48941204186048,253.35648295682037,206.10561587850682,234.97433353974301,247.93727409895726
6668,176.51672954794384,204.7177850934344,194.36375275785772,227.480221325407,251.07081162993137,222.52419213823967,253.39309884360324,206.13956773246778,235.00900543836923,247.97252131439143
6669,176.63423606706195,204.83603555178684,194.48172267443084,227.5974312180323,251.18985101579267,222.64275533427448,253.51213617886395,206.25778306668693,235.1275231913478,248.09128070042934
6670,176.63750777698837,204.84314660306117,194.48728756605806,227.59900964546495,251.2009255931232,222.6515965519299,253.52362382652373,206.2643387396982,235.1365197790104,248.10148357079487
6671,176.6613582410867,204.87195007726453,194.51410846336674,227.62060184140978,251.2346115461159,222.68254793301588,253.55781143566114,206.292426890171,235.16766341872074,248.1341088746771
6672,176.68727466554262,204.90293395248287,194.54305372682248,227.64419970347086,251.27055756496793,222.7157099835634,253.59426776422978,206.32266748114287,235.20102031841762,248.1689760597783
6673,176.71339862987728,204.9341409486022,194.57221472235014,227.66802710707597,251.306727886331,222.74909898041466,253.63094868948355,206.3531229933236,235.23459783319646,248.204067482564
6674,176.73954966229343,204.96536821750806,194.60139580201556,227.691897524137,251.34291942211848,222.78251018860632,253.6676494228616,206.38359792877083,235.2681975078477,248.2391825856114
6675,176.76570876072225,204.99659936651074,194.63058537111075,227.71578727112885,251.3791123675048,222.81592216256445,253.70435199129528,206.4140786089153,235.30179935923945,248.27430012416772
6676,176.79187099064453,205.02783170028246,194.6597835287244,227.7396961419495,251.41530542454527,222.8493233001776,253.74105654934235,206.4445612976667,235.33540178250036,248.30941772619576
6677,176.8180216916062,205.0590716409205,194.68898390504899,227.76364556549848,251.4514983357103,222.88272454459843,253.7777622056604,206.4750394688304,235.3690043417448,248.34453458762107
6678,176.84416728478158,205.0903151758047,194.71818668416148,227.78762421956435,251.48768992111624,222.91612718251446,253.8144679956692,206.50551119528612,235.40260673828666,248.37965063981758
6679,176.8703139021651,205.12154704672912,194.74739311956878,227.81162543197803,251.52388183523829,222.94952922907308,253.85117335257704,206.5359838310492,235.43621025136534,248.41476678339936
6680,176.8964656118006,205.1527872789416,194.77660112536188,227.83565924360758,251.5600736846206,222.98293134382365,253.88787788278486,206.5664523308611,235.46981515228268,248.44988319659655
6681,176.92262278494715,205.18404785102334,194.8058014267812,227.85971107970323,251.59626502673675,223.01633160236008,253.9245796661987,206.5969114213228,235.5034206358882,248.48499879972965
6682,176.94878328230757,205.21531716732218,194.8349989272012,227.88374911598117,251.63245651255488,223.0497330527882,253.961281388404,206.62736887092078,235.5370261949932,248.52011438871185
6683,176.97493392658183,205.24659104911106,194.86420244263894,227.90780767808005,251.66864866493088,223.08312544589575,253.99798162082823,206.65782834403316,235.57063156177125,248.55523023707966
6684,177.00107609842786,205.27786812389812,194.89340779263733,227.93188047009673,251.70484078577178,223.11650977428025,254.03468024882793,206.6882888701248,235.60423632976548,248.5903463156594
6685,177.02722543322352,205.30914617068208,194.92261362267783,227.95595824732462,251.74103013557723,223.14989550831183,254.07137837402817,206.71873760966145,235.6378426328801,248.62546199681034
6686,177.0533792544869,205.34041106485827,194.95181724681865,227.98003377553013,251.77722008615584,223.18328805277633,254.1080777706033,206.74918579255285,235.67144949694642,248.6605771357858
6687,177.07954205195236,205.3716667075009,194.98101266114946,228.0041070093037,251.81341081568706,223.2166894279007,254.14477865988937,206.77963538858842,235.70505749515326,248.695692488917
6688,177.1057184287131,205.40292203060295,195.01020920930057,228.02819625663972,251.8496015259685,223.25009238727154,254.18147996804174,206.81008520185563,235.73866586145442,248.7308078469579
6689,177.1319000404073,205.43417145490258,195.03940414404374,228.05229657823955,251.88579095272834,223.28349380356693,254.21818332955473,206.8405326177948,235.7722741474658,248.76592256540215
6690,177.15807657236934,205.46542501436394,195.06860099933076,228.07637820763986,251.92198169086845,223.31689715692357,254.2548871563665,206.87098056640028,235.80588124076115,248.8010376383877
6691,177.18425481780278,205.49668712866605,195.0978049615873,228.10046593125804,251.95817280800304,223.35031260223533,254.2915905931085,206.90141682046195,235.8394872802661,248.83615367915363
6692,177.21043470084894,205.52795200678486,195.12701243334013,228.12455062839248,251.99436368627738,223.38373184207254,254.32829401289283,206.93185383257813,235.8730937085559,248.8712707563748
6693,177.2366158937827,205.55920382891446,195.15622139533957,228.1486228715964,252.03055317054938,223.41715219276213,254.3649941693914,206.9622797325716,235.9067003290647,248.90638811388885
6694,177.26279851029312,205.59044935883168,195.18542558869072,228.17266113704304,252.06674236543222,223.45057352289632,254.40169149005126,206.99270687174362,235.94030669132212,248.94150578650084
6695,177.2889870870385,205.62170086450556,195.21463107659497,228.19666770459534,252.10293139156977,223.48398168592092,254.43838892700447,207.0231374398718,235.9739133362893,248.976623552531
6696,177.3151812950664,205.65295945679003,195.24383776090443,228.22065698653512,252.13912049858672,223.51740134383425,254.4750868071835,207.0535686070731,236.00751998010855,249.0117412357287
6697,177.34135290535747,205.68421956878115,195.2730489893937,228.24461213175067,252.1753115367595,223.5508364867309,254.51178528309157,207.0839980638387,236.0411267256054,249.0468581215098
6698,177.36752233534978,205.71546957569018,195.30227119118052,228.2685475306258,252.21150439157017,223.58427881235616,254.54848601230057,207.11442336281638,236.07473296071475,249.0819749658702
6699,177.39368980512188,205.74671231407754,195.33149775886633,228.29245091454462,252.24769786663,223.61772588239617,254.58518723854417,207.1448489221434,236.10833977905395,249.11709193442127
6700,177.4198532135956,205.77794659237054,195.36071594208389,228.31632929881235,252.28389133844098,223.65117714852212,254.62188676079018,207.17527266849496,236.14194675094717,249.15220861544861
6701,177.4460193940985,205.8091821898909,195.38992865991364,228.34020316211982,252.32008365259418,223.68463296782127,254.65858965162587,207.20569367964814,236.17555357984594,249.1873250191195
6702,177.47218705467654,205.8404218403252,195.41914762686898,228.36408186602338,252.3562730646022,223.71809394525198,254.69529412448105,207.23610762014042,236.20916063713423,249.22244060055564
6703,177.49835258853074,205.8716622247207,195.44836846861256,228.3879726066745,252.39245974476418,223.75156301190182,254.73199857473907,207.26652389267372,236.24276788314864,249.25755529913843
6704,177.52451981895322,205.9029016508531,195.47758592928926,228.41186087142353,252.42864560273188,223.78503428058943,254.76870193640585,207.2969449785941,236.27637498070888,249.29267004559273
6705,177.55067437267166,205.93414768580794,195.506804094678,228.43576046084792,252.46483145892222,223.8185118086913,254.8054027757647,207.32736714050034,236.30998128382666,249.32778473592128
6706,177.5768185738006,205.96539610041862,195.53602383631736,228.4596342611572,252.50101908859972,223.85199735413428,254.84210287477836,207.3577895749203,236.34358775016076,249.36289946070383
6707,177.6029586662245,205.9966202729523,195.56525310495303,228.4835135285253,252.53720712253582,223.88548940456477,254.87880262638313,207.38821624075018,236.37719425303962,249.39801419928807
6708,177.62909799980167,206.02785556464397,195.59449160997437,228.50736774719283,252.57339548710104,223.91898568792502,254.91550415707673,207.4186529107808,236.41080069100266,249.43312898365838
6709,177.65522957236897,206.05910111320156,195.62373323538503,228.53120281620048,252.60958433533938,223.95248660726685,254.95220608027668,207.4490915713245,236.44440649141322,249.46824363766441
6710,177.68135251992484,206.0903484406758,195.65295905263292,228.55500872056155,252.64577583124162,223.9859887337593,254.98890784232955,207.47952787937123,236.47801225468322,249.50335985570595
6711,177.7074772737469,206.12158771044284,195.68218134406743,228.57878155091163,252.68196962126393,224.01949147807338,255.0256076343919,207.50996477877018,236.5116173193354,249.5384771093472
6712,177.73360910259277,206.15282998459142,195.711406880699,228.6025803223703,252.7181639372424,224.05299490082646,255.06230533290662,207.54039933816844,236.54522163955338,249.57359499444323
6713,177.75974724337698,206.18407503019696,195.74063617852042,228.6264030744514,252.75435820713707,224.0864972215932,255.0990033968785,207.570834148359,236.5788266199883,249.60871352721296
6714,177.78588814733826,206.21532129217408,195.76986682971895,228.6502129833756,252.79055170591624,224.11999808716882,255.13570171143016,207.6012665983993,236.61243181719487,249.6438321832993
6715,177.81202240318575,206.24656906602362,195.79908458154551,228.67399522230778,252.82674527960737,224.1534992537495,255.17239943018274,207.63170317904522,236.64603662126365,249.67895027954964
6716,177.83813731735543,206.27781593333125,195.82830889763807,228.69779225639434,252.86294032829278,224.18700120703102,255.20909709938232,207.6621428676416,236.67964095040819,249.71406791977256
6717,177.864251551501,206.30906242716202,195.8575369733968,228.72161360751528,252.8991378625474,224.22049517969214,255.24579392197106,207.69258348087817,236.71324483162687,249.74918567370574
6718,177.8903661302122,206.3403056393175,195.88676539123793,228.7454419057392,252.935338485473,224.253982002007,255.2824913853838,207.72302041513953,236.7468471357071,249.78430350823336
6719,177.9164864212034,206.37154469158958,195.91598663225068,228.76927892586946,252.97153985134284,224.28746576420141,255.3191892515599,207.7534512026935,236.78044897376887,249.81942130420234
6720,177.94260894247836,206.40278747734737,195.94521896111544,228.79312248199574,253.00774216547018,224.32093738258243,255.35588778854253,207.7838801575578,236.81405092542707,249.85453884355914
6721,177.96873098892007,206.4340400921361,195.97445835986832,228.8169574255246,253.04394491965812,224.35440071514498,255.39258639966494,207.81431474600316,236.84765303287864,249.88965641153368
6722,177.99485412002744,206.4652957162048,196.00369967506145,228.84080366079888,253.0801480252913,224.38786067900935,255.42928419393462,207.8447548380162,236.88125515648852,249.92477250697758
6723,178.02097662706382,206.49654462280614,196.0329349808741,228.86463439390613,253.11635121887895,224.42132293268858,255.46598188917264,207.87519653665316,236.91485643384883,249.95988790822034
6724,178.04710227336054,206.5277917018231,196.062186127441,228.88849929080715,253.15255433861194,224.45478607111698,255.50267757519887,207.90564360182736,236.9484576625056,249.99500233773543
6725,178.0732288459932,206.55903423073303,196.09144918990603,228.9123876896785,253.18875713840035,224.48824519532207,255.5393715534738,207.93609651608443,236.9820592987848,250.03011626185722
6726,178.09935158015236,206.59027780059762,196.12072227746114,228.93628676348874,253.22495850848242,224.5217015205969,255.57606843903784,207.96655036928132,237.01566099888348,250.0652300511708
6727,178.12547842325384,206.62152739795852,196.14999860237137,228.96017083486646,253.26115918599896,224.55515758750326,255.61277020731862,207.99700903541347,237.0492623844889,250.10034392250068
6728,178.1516123584077,206.65277779594058,196.17927090257794,228.98406834075058,253.29735944931113,224.5885994856451,255.6494754459733,208.0274697829311,237.08286275383713,250.13545689328404
6729,178.1777500540352,206.68404228905223,196.20853769625288,229.00797169545825,253.33355874914182,224.6220344814945,255.68618133461723,208.0579267777531,237.11646315218294,250.17056894624932
6730,178.20389057557165,206.71531567945235,196.23779525538572,229.0318928511843,253.36975772077537,224.65545906766414,255.72288661994074,208.08837719152496,237.15006281610977,250.20568028704426
6731,178.2300342250395,206.74659042210254,196.2670473161458,229.05582958175827,253.4059576525453,224.68888369715575,255.75959151200718,208.11883520764187,237.1836624658914,250.24079086411072
6732,178.25618138883786,206.77786524686022,196.29629734000102,229.07975602454573,253.44215908204737,224.72229137402203,255.7962965099789,208.1492965065749,237.2172616235917,250.27590118475766
6733,178.28232984430923,206.80913780482857,196.32554927793763,229.10361976312075,253.47836061720284,224.75569786229457,255.8329995434813,208.1797584663023,237.25086033858125,250.31101160855988
6734,178.30848676769472,206.8404075309745,196.35480767826778,229.12750227406588,253.51456045557578,224.7891038924028,255.86970302208786,208.21021064023822,237.28445853417472,250.3461218238834
6735,178.3346476047265,206.87166647704103,196.38407144258807,229.15139798652194,253.550760141811,224.82250234940878,255.90640714511005,208.24065164142252,237.31805633491166,250.38123142036721
6736,178.36080866685208,206.90293952001298,196.41333642735574,229.17530185009548,253.58695727269406,224.85589617009833,255.94311078991745,208.27108734662593,237.351655396368,250.41634125984433
6737,178.38696298476805,206.93421808043058,196.44260251302353,229.1991848265671,253.62315374858852,224.88929039966376,255.97981472587313,208.30152538220662,237.3852553119435,250.4514512816413
6738,178.41311843327597,206.9654786689291,196.47185387114797,229.22302380012573,253.659350460549,224.92269631716974,256.0165185633107,208.33196400939943,237.41885539675096,250.48656036196854
6739,178.4392807111294,206.99674816463022,196.50109913667467,229.24687707542955,253.69554717014506,224.95610743954703,256.05321965855484,208.36240488770613,237.4524553245255,250.52166900901477
6740,178.46545114140133,207.028030516792,196.53034819283204,229.27073730623715,253.73174346099455,224.9895203627689,256.0899198741481,208.39284774620114,237.48605474260214,250.55677820839813
6741,178.4916245072169,207.05932051650012,196.5595982194155,229.29458914022516,253.767940470557,225.0229366693349,256.1266177072063,208.42329118383427,237.51965483526786,250.5918874895819
6742,178.51779750925232,207.09061381126457,196.5888502144969,229.31844932438,253.804138031475,225.0563536678588,256.16331355753397,208.45372962224283,237.55325540328883,250.62699549187454
6743,178.5439728902389,207.12191466804674,196.61810354103798,229.34228682095855,253.84033555418642,225.08975839670558,256.200011000938,208.48417554455196,237.58685605216866,250.66210352480437
6744,178.57013652066212,207.1532181765697,196.64734804758677,229.36611984890516,253.87653117968242,225.12315892912318,256.23671022123483,208.51462474027804,237.6204564327719,250.6972111751608
6745,178.5963018849575,207.18451479010284,196.67659204964582,229.38996001454868,253.91272644772383,225.15655382166977,256.273409489286,208.54506187158356,237.6540570023712,250.73231871233102
6746,178.6224669278771,207.2157784146301,196.7058299747688,229.41376444607474,253.94892238445274,225.1899495652897,256.3101064352881,208.57549771471108,237.68765764446323,250.76742693428116
6747,178.6486370052597,207.24704009035804,196.73506389648344,229.43757147857346,253.9851204288002,225.22334743601124,256.34680357242826,208.60593374371194,237.72125816266382,250.80253531643658
6748,178.67480956242656,207.27830459414966,196.76430611829704,229.46136468865822,254.02131909326445,225.25673721850117,256.3835011014685,208.63637786179544,237.7548592369023,250.8376436717673
6749,178.70098241403352,207.3095724877634,196.79355638528443,229.48515701146223,254.0575178262778,225.29012505406297,256.4201990495902,208.6668250162605,237.78846045896273,250.87275220628032
6750,178.72715695981503,207.34082334922167,196.8228182760297,229.50891456159678,254.09371640863571,225.3235171036256,256.4568976892315,208.697263467922,237.82206160368477,250.90786024756878
6751,178.75332630100291,207.3720598656281,196.8520845695889,229.53263482565376,254.1299139144515,225.3569101659701,256.49359673828496,208.72770078603565,237.85566276267656,250.94296721360803
6752,178.7794926699853,207.40329642740224,196.88135161643652,229.55632375986914,254.16611187272125,225.39029812607026,256.53029570689836,208.75814094041414,237.8892632891582,250.9780741996343
6753,178.80566028966336,207.4345399003923,196.91061124618994,229.57996777529485,254.20231249120278,225.42369804034405,256.5669942133572,208.78858180085712,237.92286197941704,251.01318020962944
6754,178.83182817782279,207.46578952365346,196.93987004416053,229.6036542962505,254.23851387467636,225.45710115261994,256.6036926056774,208.8190208766513,237.95645913694082,251.04828587605937
6755,178.85798338871533,207.4970475484272,196.9691227199986,229.6273506614748,254.2747148584971,225.49049722351913,256.64038746670974,208.84946044372472,237.99005621642294,251.08339175471926
6756,178.88414648413058,207.52830907155933,196.9983715086594,229.65102976699123,254.31091355371822,225.52388679133202,256.67708228142254,208.87989705585116,238.02365332516405,251.11849787009592
6757,178.91031963416498,207.5595709503852,197.02762091463913,229.67471126716546,254.3471127035837,225.55727366881771,256.71377702607884,208.91033499134411,238.05724873904308,251.15360388318436
6758,178.9364958294119,207.59083841344605,197.05687904502287,229.69837557632104,254.3833119651313,225.59064882216296,256.7504722637247,208.94076582622725,238.0908425881796,251.188710005104
6759,178.96267310092992,207.62210807459297,197.08614178650592,229.72207064837326,254.41951025301037,225.62402518491234,256.7871662689577,208.97119318022152,238.1244362547763,251.22381622226754
6760,178.9888491270376,207.65337566276898,197.11540054966565,229.74579192446126,254.45570895988314,225.65739585164914,256.8238602100766,209.00161626106592,238.15802946788347,251.25892243998447
6761,179.01500936190286,207.68463654559764,197.14466050775732,229.76953024047907,254.49190743138587,225.6907721862006,256.8605530442839,209.03203402511056,238.19162299557473,251.29402917659579
6762,179.0411725303007,207.7159103302158,197.1739170810789,229.79328588760012,254.52810533703587,225.72415333985438,256.8972427049355,209.06244362912605,238.22521725919725,251.3291363677929
6763,179.06731112346932,207.74718979242726,197.20316792965508,229.8170508596095,254.56430089193464,225.75753975016917,256.93392886555193,209.09285222652986,238.2588116773703,251.36424414527121
6764,179.093441147496,207.77847031054708,197.2324171013054,229.84079903241417,254.60049628498405,225.79093424024546,256.9706110779283,209.12326487795116,238.29240604195542,251.39935206273114
6765,179.11955847791083,207.80974864723765,197.26166815113052,229.86456150592866,254.63669100012305,225.82433386606766,257.0072957579489,209.15367902277032,238.32600057731827,251.43445967433985
6766,179.14567747879323,207.84103508545743,197.29090304380483,229.8883496014968,254.6728897627247,225.8577358589169,257.0439812709399,209.18409124610324,238.3595950483378,251.469566848674
6767,179.1718015888327,207.8723333948222,197.32013750002127,229.9120592219238,254.70909091502867,225.8911382370475,257.08066545578777,209.2145029103676,238.39318908989836,251.5046736352335
6768,179.19792746774533,207.90364394345357,197.34936591757378,229.93576511481567,254.74529286968834,225.92453750648198,257.1173492902168,209.24491539430878,238.4267822894958,251.53978042153358
6769,179.22405193636195,207.93495791658268,197.37859426310405,229.95947607907164,254.78149557198572,225.95793516401665,257.1540311195556,209.27532026241846,238.46037585955096,251.57488687712055
6770,179.2501634318618,207.96626665767212,197.40783578516167,229.9831957877185,254.81769875199225,225.991325946381,257.1907150419996,209.30572103011212,238.4939696457894,251.60999333010687
6771,179.27627049543491,207.997576906462,197.43708260872808,230.00690429990246,254.85390201364115,226.02471027130085,257.22740032048114,209.33612213064117,238.52756330971312,251.6451001748761
6772,179.3023685738672,208.0288822478198,197.46631547469437,230.0306533794056,254.89010519041005,226.05808875335137,257.26408737626844,209.3665276843009,238.56115697888114,251.68020698459213
6773,179.32846790309404,208.06018029121466,197.4955417869373,230.0544450164969,254.92630891852227,226.09146741052382,257.30077682339856,209.39693732679018,238.59475079522366,251.7153129863758
6774,179.35456895074893,208.09146114884243,197.5247688426285,230.07825834264068,254.9625126237056,226.12484599909635,257.3374694307277,209.42734798739676,238.62834470508352,251.75041898300813
6775,179.3806728965529,208.1227528307035,197.55400007462654,230.10204088234067,254.99871355600135,226.15822101478585,257.3741625483622,209.45775962337274,238.66193858101718,251.7855252670332
6776,179.4067785271761,208.15404849225067,197.5832339259398,230.12582321446297,255.03491299455683,226.19158138434264,257.4108530502956,209.48816644081842,238.6955327809147,251.8206320418431
6777,179.4328718497414,208.1853226123653,197.6124687497027,230.1495808379597,255.07111128921434,226.22493476065665,257.44754481974104,209.5185749435958,238.7291278391341,251.85573881630455
6778,179.45896767284938,208.21659533170305,197.64169650446703,230.1733592562879,255.1073096915125,226.2582810527362,257.48423724614463,209.548978876986,238.76272310434837,251.89084523892825
6779,179.48506547747766,208.24787288061103,197.67092552676885,230.1970742504629,255.1435071678309,226.29162819657782,257.5209318738733,209.57938361767836,238.79631822230897,251.92595192330947
6780,179.5111623194892,208.27915623276178,197.70014325057542,230.22075937175723,255.17970458673375,226.3249663568443,257.55762862714965,209.6097935253091,238.8299122710746,251.96105909698844
6781,179.53726213997473,208.3104429941694,197.72936174216775,230.2444272694373,255.21590236142976,226.35829670816094,257.59432580467734,209.64020561967024,238.86350533884993,251.99616691544833
6782,179.56336468865769,208.34173280145913,197.75858295441637,230.26809356934925,255.2520992274296,226.39162722729483,257.63102268378174,209.67060993349418,238.89709722560204,252.03127484719346
6783,179.58946844995984,208.37302574702943,197.7878068981155,230.29176628441766,255.2882978018984,226.42495867987503,257.66771831201237,209.70101445789766,238.93068852405474,252.06638223977075
6784,179.62184168883923,208.4072050141756,197.82128772307627,230.32323233410517,255.32445390690745,226.45980783035213,257.7043340951111,209.7348961993996,238.96562146100177,252.1017973184262
6785,179.73939400472412,208.52551586193252,197.93930522511533,230.4404036305295,255.4434268727198,226.57840002910805,257.82337141585606,209.85308208638597,239.08424885007508,252.22062720701706
6786,179.74272237541285,208.53300440643733,197.94474478047795,230.44224738726786,255.4543724915508,226.58735814840884,257.8344346445451,209.85952225951104,239.09354079441792,252.2309033414961
6787,179.7666355758757,208.56227842738093,197.97141065334364,230.4641721829876,255.4879037063652,226.6184460794827,257.868107066784,209.88746235348606,239.1250436468449,252.26361758073287
6788,179.79260451889346,208.5937329167606,198.00020391595194,230.48809818309243,255.5236939555579,226.6517463477273,257.9040405424686,209.91755079893085,239.15876701789404,252.29857562740858
6789,179.8187729109883,208.6254062175413,198.02921488591343,230.51222500263174,255.5597111991417,226.6852632324337,257.9402001678761,209.9478477618665,239.19271038799474,252.33375813867377
6790,179.84495902898487,208.6571064796533,198.05824466529444,230.53638676023894,255.59575200587616,226.71880328839634,257.9763824340581,209.97816168734914,239.22667428640645,252.36896322021056
6791,179.87114808180866,208.68882786559013,198.08727279605168,230.56058544751994,255.63179548831792,226.75234846690003,258.0125668278992,210.00847906184237,239.26064080911053,252.40417054157442
6792,179.89733386936751,208.7205556688566,198.11630270368283,230.58480137604548,255.6678396877388,226.7859001266417,258.04875145002495,210.0388033721844,239.29460820196755,252.43937801213573
6793,179.9235270685086,208.75227550869758,198.14532485093542,230.6090208195104,255.7038847534418,226.81945991238987,258.0849360887699,210.06912994113176,239.32857570776446,252.47458531729424
6794,179.9497229051153,208.78397714303648,198.17435363689776,230.63327477703788,255.73992999752767,226.85303483130187,258.12112075689424,210.0994569138607,239.36254208013,252.50979208153566
6795,179.97592481196168,208.8156788197872,198.2033847067602,230.6575430078271,255.7759746577267,226.88661779431516,258.15730584117773,210.12977494029877,239.39650516087917,252.5449985450052
6796,180.00213794093742,208.84738440986214,198.23241605971518,230.68184621154808,255.81201798937366,226.92020197570017,258.19349118347395,210.16009433049874,239.43046900969455,252.5802056035794
6797,180.02835900794102,208.8790779716875,198.26143888018203,230.7061753085727,255.84806104041843,226.95379099194062,258.2296765682117,210.19041428706052,239.46443329173715,252.61541282091986
6798,180.05458463173582,208.9107793453932,198.2904508329391,230.73049492096845,255.88410313602262,226.98739496060097,258.2658621395396,210.22073193960486,239.49839760883202,252.65061982004192
6799,180.08079477936377,208.94250414962866,198.31946500903717,230.75483748299456,255.9201452969682,227.0210140196705,258.30204815950725,210.25104455223342,239.53236363819929,252.6858262630785
6800,180.10699324961996,208.97424116385582,198.3484654819206,230.77923132616525,255.95618794383407,227.0546365989741,258.3382346637356,210.28135482381413,239.5663299914647,252.72103288030155
6801,180.13318483255583,209.00597999613663,198.37746642811965,230.8036738997221,255.99223075186984,227.08826415080318,258.37442127046165,210.31166464449544,239.60029311067987,252.75623958575798
6802,180.1593743207491,209.03771348856108,198.4064630786639,230.82815340183717,256.0282745825084,227.12189365584936,258.41060777261424,210.34197508072313,239.63425238902283,252.791446568381
6803,180.18555469543622,209.0694493752497,198.4354580844021,230.85264870920795,256.064318700782,227.15552171272643,258.44679422897957,210.37228257321087,239.6682128943024,252.82665376689022
6804,180.21173675326312,209.10120361934543,198.4644496902256,230.87714113074193,256.1003625479878,227.18913478595167,258.482980740838,210.40259042761176,239.7021751452119,252.8618611856454
6805,180.23791494207512,209.13296436511848,198.4934475342476,230.90165061685838,256.136406441767,227.22274602691,258.51916732305244,210.43289750068536,239.7361384760036,252.897068663317
6806,180.2640918428039,209.16471947279535,198.5224545233045,230.9261678649208,256.1724504616369,227.25635745885424,258.5553538942534,210.46320477498531,239.77010234527492,252.93227636271675
6807,180.29026398778893,209.19649228448034,198.55146996235132,230.95065760715806,256.20849374081564,227.2899644720945,258.59154025776223,210.49351280187287,239.80406628988956,252.96748412771325
6808,180.31644134546045,209.228280836146,198.58049287456515,230.9751336227103,256.2445367811259,227.32357308164129,258.6277268379322,210.5238213834685,239.83802973567362,253.002692244919
6809,180.34262366498533,209.2600771079812,198.60951784556002,230.99956722832874,256.2805799092621,227.35718055563436,258.6639136617151,210.55413561781575,239.8719938953308,253.0379007648101
6810,180.36879289908944,209.29188412578122,198.6385424760841,231.02400750246733,256.3166230968214,227.39079206351525,258.7001006431469,210.58445225922443,239.90596099094088,253.073109351659
6811,180.39495323103188,209.32369468640508,198.66756202412463,231.04843006051456,256.3526662159665,227.42441257929897,258.73628769371186,210.61476465663242,239.93992885924683,253.10831782924637
6812,180.42111087507672,209.3554834857086,198.6965839094419,231.0728129491802,256.38870914047277,227.45803526138758,258.7724747539573,210.64507810855307,239.97389555359328,253.14352582392038
6813,180.44727069977293,209.38727028165638,198.72559362642377,231.09723798364632,256.42475207706974,227.49165644107984,258.8086617852581,210.6753858917388,240.00786279010572,253.1787333389706
6814,180.47342302766125,209.41907284696708,198.7546086339908,231.1216847408378,256.46079443942466,227.52528068611687,258.84484898346255,210.70569147740994,240.04182717905687,253.21394100755617
6815,180.49957307758228,209.4508800013254,198.78362932324947,231.14611682984705,256.49683601494013,227.5589048562662,258.8810362331331,210.7360017443285,240.07579154062347,253.2491487175738
6816,180.52572583381001,209.48268229947826,198.81265548421177,231.17050556414563,256.5328781831363,227.59253000339137,258.9172232225219,210.76631531524038,240.1097547680236,253.2843564621429
6817,180.55187325219018,209.51448670239026,198.84168328446117,231.19490615095305,256.5689205633231,227.62615534280675,258.95341019867107,210.7966373118235,240.14371837361372,253.31956421385772
6818,180.57802468893055,209.5462847790006,198.87070914105303,231.21928711635562,256.6049641450559,227.65977835744502,258.9895972236582,210.82696225477656,240.17768199842646,253.35477191558485
6819,180.6041799311566,209.5780750043584,198.89972307974097,231.24364484973785,256.6410081667496,227.69339995718792,259.0257840375659,210.85728710702045,240.2116493721877,253.38997956206242
6820,180.63033660729675,209.60986991030006,198.9287390963534,231.2680077563283,256.6770520132628,227.72702594429265,259.0619704941856,210.88761055089566,240.24561828856625,253.42518723515332
6821,180.65649448452027,209.64166855342563,198.95774272739115,231.2923538242955,256.7130948835901,227.76065305539998,259.09815678105747,210.91793852743504,240.27958927287187,253.46039488478078
6822,180.6826459400245,209.67346990675964,198.9867395494195,231.31670544510746,256.74913774675014,227.79427509034738,259.134343366596,210.9482747686875,240.31356123185589,253.49560264606325
6823,180.7087833276798,209.70524938328646,199.01573662227327,231.34106350055788,256.78518052177145,227.82788808055162,259.1705302591775,210.97861860244035,240.34753320385857,253.53081063364527
6824,180.73492374543812,209.73704681390075,199.04473273812357,231.36539736738408,256.8212214514956,227.86149391545587,259.20671731707387,211.00896433650297,240.3815024201087,253.56601867770644
6825,180.76106943486744,209.76885383343156,199.07373813906761,231.3897164073184,256.8572626491839,227.89509990075945,259.2429043867089,211.03931359954754,240.41546818620486,253.6012268052467
6826,180.78721685906905,209.80067299300498,199.10274763591144,231.4140590927058,256.89330416435985,227.92870707453443,259.2790912068393,211.0696644306625,240.44943157117024,253.63643533521454
6827,180.81337195684176,209.8324961634521,199.13176078200843,231.4384263545006,256.9293455461545,227.96230649145534,259.3152775472434,211.1000128791652,240.48339133035435,253.67164404851516
6828,180.8395322423561,209.86432057176623,199.1607787968326,231.46281135677748,256.96538671730326,227.9959056838324,259.35146388047093,211.1303514105873,240.517351896648,253.70685275716767
6829,180.8656936950019,209.89614790486306,199.18980371923206,231.48715127552327,257.00142842011047,228.0295113657214,259.3876504291964,211.1606864763879,240.5513139989297,253.74206114046706
6830,180.891852160743,209.9279780463575,199.21883213485447,231.51144492314367,257.0374710308802,228.06311838317976,259.4238371643508,211.19101578918395,240.5852775319081,253.77726951704213
6831,180.91801144201267,209.9598104020845,199.24786171539446,231.53565515987947,257.0735141039751,228.09671355392862,259.46002414041413,211.22134365565987,240.6192414454439,253.81247738525082
6832,180.94416847775068,209.99164501012544,199.27688186771707,231.55987641212985,257.1095572442508,228.1302983888071,259.49621115896565,211.25166987331775,240.6532052699166,253.84768498749233
6833,180.97033466562362,210.0234863169938,199.30589941875093,231.58411194598304,257.1456002940527,228.16388366641524,259.5323983310419,211.28199761130278,240.68717104424056,253.8828924838845
6834,180.99651020805368,210.05532969390288,199.33491772480863,231.6083563163179,257.1816423758006,228.19746276657048,259.5685856065403,211.31232565669464,240.7211391851717,253.9181000010238
6835,181.02269009708627,210.0871640914891,199.36393502349017,231.63260713946906,257.21768287777024,228.23103026364547,259.60477284115325,211.3426574393754,240.75510785951246,253.95330775267192
6836,181.04887229615358,210.11899868200447,199.39295073966636,231.65686976106187,257.253722666975,228.26458705751637,259.64096004753645,211.37299144759257,240.78907602729694,253.9885155769698
6837,181.0750441589098,210.1508334394324,199.4219440299906,231.6810802345098,257.2897630074051,228.29814388992978,259.6771470410524,211.4033183588098,240.82304601065226,254.02372292692814
6838,181.10121094941474,210.18267210325985,199.45093847473257,231.70529471199302,257.3258035491528,228.33169513547665,259.71333434549916,211.43364563553888,240.85701648671096,254.05893000585624
6839,181.12737849070203,210.21451362273854,199.4799327058498,231.7295291175008,257.36184444199176,228.36523775750746,259.7495216690314,211.46396944701695,240.8909844546043,254.09413656029656
6840,181.15355214792953,210.2463630507497,199.5089308650452,231.75379564833503,257.3978853633742,228.39878205723252,259.7857084181348,211.49428652090342,240.92495184174592,254.12934247128467
6841,181.1797326604575,210.27822287392726,199.53793268690623,231.77809388934523,257.4339257782241,228.4323383033639,259.821895544829,211.52460195496357,240.95891800136002,254.16454801148657
6842,181.2059164797005,210.31008990682608,199.5669421609505,231.8024078059231,257.4699663975839,228.4659014530598,259.8580827640671,211.55491780923649,240.99288396126838,254.1997530358716
6843,181.232091146451,210.34196555983416,199.59596087110597,231.82669247716137,257.5060070888938,228.4994657714011,259.8942697429231,211.58523393354733,241.02685013747657,254.23495764594648
6844,181.25827030842623,210.37384378579108,199.6249872552407,231.8509891064069,257.54204765029925,228.53302951038702,259.93045650451575,211.61554305315386,241.06081672411065,254.27016250026318
6845,181.28445994288313,210.40573103258825,199.6540168400765,231.8752988022817,257.5780873818823,228.5665864961242,259.96664283933774,211.64585269943493,241.09478409287505,254.30536784041507
6846,181.3106548326781,210.43764214906398,199.68303045686088,231.89962019814936,257.61412735197297,228.6001287408795,260.0028289129853,211.67616060966745,241.12875521049534,254.3405732921174
6847,181.3368516070469,210.4695841617889,199.71204088699565,231.92396849360367,257.65016704957634,228.63365497811625,260.03901545212796,211.70647116959856,241.16272741862872,254.37577886441227
6848,181.3630507832678,210.50153502651233,199.7410553010354,231.948325490578,257.68620532605365,228.66718285037703,260.0752021699972,211.73678246163445,241.1966993322875,254.41098446468584
6849,181.38923748543831,210.53346884749564,199.77007104554605,231.97267824746856,257.7222435105327,228.7007116566707,260.11138899944496,211.76709216151448,241.23067157563668,254.44618992168174
6850,181.41542065045138,210.56540295135676,199.79908372540712,231.9970130705221,257.75828109970047,228.7342546050639,260.1475758607927,211.79740437435368,241.26464537686454,254.48139525713077
6851,181.44159104856894,210.59733269635908,199.82809867260787,232.0213352275779,257.7943177953104,228.76780217048957,260.1837627146273,211.82771758867938,241.29862267841472,254.5166008082723
6852,181.467759686438,210.62926437361597,199.85711444311784,232.04563150674164,257.8303540585556,228.8013490275367,260.2199498968997,211.858025593781,241.33260328345798,254.55180656963688
6853,181.49392302421103,210.66120460000087,199.88612719264657,232.06989018779677,257.8663912448034,228.83489761777724,260.2561371651537,211.88833032146707,241.36658749204094,254.58701236374364
6854,181.5200751056333,210.69314646342565,199.91514077967318,232.0941528586026,257.9024294384221,228.86844891241464,260.2923245013406,211.91863243028132,241.4005725889832,254.62221794420518
6855,181.54622683139465,210.7250667096686,199.94415264973478,232.1184191179354,257.93846791877303,228.9019965098536,260.32851218828665,211.94893179635687,241.43455661050044,254.6574236712775
6856,181.57237700244156,210.75698860662015,199.97317009389096,232.14269582920502,257.9745067745633,228.93554242213253,260.36470024764446,211.9792299289957,241.4685405265621,254.69262943628112
6857,181.59854099969368,210.78891063156374,200.0021895072521,232.16693530962675,258.0105457262069,228.96909412155279,260.40088838164786,212.00952273995685,241.50252155184086,254.72783549363797
6858,181.6247118973283,210.82083737566685,200.03120923876642,232.19112266686793,258.0465850739935,229.00264852019316,260.4370763993942,212.03980509350092,241.5365047808476,254.763041683755
6859,181.6508850710383,210.85275058457023,200.06023314119878,232.2152948843191,258.0826251978016,229.0362033455529,260.4732643988626,212.07008404103118,241.5704890249859,254.7982475775374
6860,181.67706111676623,210.88466436940433,200.0892616066858,232.23945805166701,258.118665950084,229.06975927821807,260.5094526318676,212.10036448476163,241.60447465978592,254.83345346175187
6861,181.70322726584288,210.91657651427366,200.1182890678908,232.26365555542765,258.15470683530185,229.10332186613869,260.54564095425525,212.13064774680674,241.63846551509727,254.86865935408483
6862,181.72939682626406,210.94849046969554,200.1473188950807,232.2878700542084,258.19074768355944,229.13688606039037,260.58182931128215,212.16092529856027,241.67245894458355,254.9038654287461
6863,181.7555636863072,210.9804062572178,200.1763573773732,232.31207243107826,258.226788184698,229.17044105339684,260.61801786998245,212.19119949844807,241.7064525390586,254.93907161887896
6864,181.78173146758365,211.01231038917018,200.20539929705896,232.33624031157967,258.2628261937831,229.20399546172473,260.6542065186224,212.22147237964435,241.74044260611356,254.97427815551669
6865,181.80789918305223,211.04423199177972,200.23443876279808,232.36041988765163,258.29886258257534,229.23754159326054,260.6903951427946,212.25174540925406,241.77443507089774,255.00948483816774
6866,181.83406766014488,211.07616801120423,200.26348581744648,232.384576461077,258.3348980595738,229.2710841163347,260.72658368882566,212.28201775283304,241.8084284680607,255.0446918491972
6867,181.86023602140858,211.10810691302547,200.29253599637255,232.40874322329307,258.37093396346097,229.30462738385538,260.76277240774635,212.31228917363555,241.84242186343047,255.07989893106242
6868,181.88640582258324,211.14003958957522,200.32158507804797,232.43292143560788,258.40696991289,229.33817651617585,260.79896112513427,212.3425616782577,241.87641334981177,255.11510557833765
6869,181.91256680300987,211.17197510041504,200.3506261280067,232.45703964196125,258.44300501362596,229.37173055336754,260.83514975807105,212.37282890645633,241.91040266284452,255.1503119192986
6870,181.93872948891988,211.20391364832642,200.37966852190485,232.481100705001,258.479038421183,229.40529493303683,260.8713385313955,212.40309822599582,241.94438841297995,255.1855181728127
6871,181.96488012451056,211.23586466106124,200.40871505418224,232.50514654244148,258.5150720460736,229.43886701774855,260.9075273677453,212.43337083123853,241.97837442413734,255.2207242724911
6872,181.99102913883078,211.26782870812133,200.43777228021176,232.52920749066985,258.5511067896522,229.47244221657425,260.943716190853,212.46364433442506,242.0123614231124,255.2559301658086
6873,182.01717876720375,211.29979564725022,200.46683330683524,232.55328811962139,258.5871416763767,229.50601777293505,260.9799047135213,212.4939181246807,242.04634874250567,255.2911362013451
6874,182.0433274270453,211.3317681182781,200.495893581754,232.57736058439505,258.62317445018823,229.5395868772533,261.0160932104806,212.52419355476923,242.08033604228706,255.32634247792743
6875,182.06948101235912,211.36374375348103,200.52494350540925,232.60145078661765,258.65920686873176,229.57315315989254,261.05228200694785,212.55445743902504,242.114321762455,255.3615487832329
6876,182.0956382645386,211.39571216841094,200.55399625800172,232.62555154921304,258.69524092322365,229.60671453682207,261.0884708638655,212.58471947719383,242.14830590441122,255.3967550472644
6877,182.12178487548456,211.42768461182908,200.58305154357703,232.64962094800345,258.7312759983019,229.6402736399272,261.1246595142637,212.61497943613722,242.18228933394522,255.43196119699215
6878,182.1479191771816,211.459657012251,200.61209655804979,232.6736954847971,258.76731124263654,229.67381976908288,261.1608478217266,212.64523831752902,242.2162735277429,255.4671672749702
6879,182.17404858780688,211.4916305098836,200.64113827881914,232.69773657416042,258.8033472322563,229.7073596708844,261.1970360768213,212.67549414061259,242.2502569807514,255.50237325732743
6880,182.20018042619398,211.52359878122348,200.6701700786773,232.7217969466015,258.8393834915928,229.74089535839278,261.2332242283084,212.70575189972394,242.28424002607912,255.53757924564303
6881,182.22631341819383,211.55558450041718,200.6992068079194,232.74582881930883,258.8754195890175,229.7744339564688,261.26941269426095,212.73600803883573,242.3182243884387,255.57278560843298
6882,182.2524462051476,211.58757615929858,200.72825300561618,232.76988114159457,258.91145466297604,229.80798081352017,261.3056013682683,212.76626725195524,242.35220896837168,255.60799224101365
6883,182.27859022436547,211.61956574253065,200.75730960271235,232.79386549966222,258.94748994453647,229.8415298573825,261.34179003582227,212.79652768699177,242.38619332266163,255.64319892655627
6884,182.30473981688442,211.65155601286517,200.78636946032898,232.81783028146563,258.9835255319213,229.8750747927381,261.37797837365775,212.82678573596468,242.42018170028857,255.67840567077434
6885,182.33088324257773,211.68353605954076,200.81543061006107,232.8417997599252,259.0195608009038,229.90862458111462,261.4141666636424,212.8570445222764,242.45417116295218,255.7136127103023
6886,182.35702110633403,211.71551404323012,200.84447625638572,232.86577725916752,259.0555960673257,229.94217938536573,261.45035473451935,212.88730225095298,242.4881635500808,255.74882041837395
6887,182.38314340027995,211.74749330286988,200.873521105237,232.88978174837115,259.09163044844865,229.97573534012787,261.4865424047401,212.91755185443427,242.52215689710704,255.78402859391124
6888,182.4092686844957,211.77948422254096,200.9025650481538,232.91379768569863,259.1276648694838,230.00930082657442,261.52273021200995,212.94779587629642,242.5561476278405,255.8192368201997
6889,182.43539596670877,211.811492281912,200.9316188617484,232.93778312223148,259.1636992848249,230.04287087717253,261.55891802508404,212.97803906289167,242.59014016623075,255.85444446040665
6890,182.46152567061034,211.8435149241796,200.9606972683416,232.96176047438652,259.19973345884523,230.07644739889935,261.59510566487955,213.00828268777326,242.62413312497563,255.88965178805313
6891,182.4876577768161,211.8755411592388,200.9897990361112,232.98572847357246,259.2357675156645,230.11002580294533,261.6312933250186,213.03852608077744,242.6581259753756,255.92485841481903
6892,182.5137897078548,211.90756743463396,201.01891622469694,233.0097151504992,259.27180172763343,230.1436039544536,261.66748120187026,213.06876961445002,242.69211874993866,255.9600651658119
6893,182.5399269348668,211.93960449300567,201.04803752258522,233.03371347727864,259.30783562979354,230.1771917137198,261.7036691863203,213.0990127112911,242.72611042659682,255.99527230031163
6894,182.5660695690155,211.97164630721966,201.07715452693236,233.0577179529664,259.34386837056513,230.21078215328546,261.7398570368779,213.1292534943442,242.76010218923858,256.03047953484105
6895,182.59221540552642,212.00368208129,201.10626082208532,233.08173321392485,259.37990109150115,230.24437898563275,261.7760449565825,213.15948852679773,242.79409516511552,256.06568669162857
6896,182.61836897351478,212.0357188609691,201.1353601004249,233.1057166675886,259.415933304525,230.2779873036585,261.81223300204397,213.18972670046952,242.82808907525055,256.1008937661349
6897,182.6445265732348,212.06775864980514,201.1644606771582,233.1297032474732,259.45196516403445,230.31159839484803,261.84842105911144,213.2199666695963,242.8620854008407,256.13610049403667
6898,182.6706783600699,212.09980674687063,201.19356374606264,233.15369039755538,259.4879976011004,230.3452029622287,261.88460888407167,213.25020708458894,242.89608247252878,256.1713076343562
6899,182.69682663680686,212.13185666039456,201.2226701972857,233.17770880234934,259.5240311312841,230.37881616906031,261.9207966761335,213.28044778235335,242.93007919539053,256.2065148874041
6900,182.72297578833275,212.16391601012546,201.25177567716972,233.20173874727803,259.56006632303905,230.4124320665874,261.95698404931176,213.3106906121351,242.9640742252495,256.2417221574026
6901,182.75536542819225,212.1983519838813,201.28521528074756,233.2333366473383,259.5960704226206,230.44737256698886,261.99312932952853,213.3445175210297,242.99913609916337,256.27716862819915
6902,182.87292463248878,212.31677064841432,201.40321546980582,233.35056332091915,259.7150221076731,230.56600313271304,262.11210077987,213.46268037832098,243.11781764176274,256.3960117014893
6903,182.87640708079087,212.32517895359985,201.4086404793784,233.3523503422445,259.7263913973794,230.5749844119982,262.1229682401747,213.4689862181538,243.1268343096082,256.40603014346624
6904,182.90053402752892,212.35558678213573,201.43528467461974,233.37416530765444,259.7604387136504,230.6061068023749,262.15640280100223,213.4967565387448,243.15799791137366,256.4384276290174
6905,182.92672594980735,212.38817835382437,201.46404423713662,233.39796003759176,259.796752287543,230.63944812036243,262.1920941164707,213.52667117759646,243.1913761549546,256.4730631707509
6906,182.95312134759092,212.42098240696734,201.4930084126378,233.42196242320384,259.83328929599054,230.6730095660867,262.2280109202751,213.55679882542643,243.22497457987444,256.5079228326066
6907,182.9795383921591,212.45380254288108,201.52199746627488,233.44601001384254,259.86984818183527,230.70659062579423,262.2639499040156,213.5869524274579,243.25859429906106,256.54280362934435
6908,183.0059602162279,212.48661641141976,201.55099324179912,233.47007264852292,259.9064095609448,230.74017282196183,262.2998915770775,213.61710956581013,243.29221588968204,256.577687748835
6909,183.03238540370717,212.5193909637091,201.57999058044987,233.4941407459565,259.942971024831,230.77375401214172,262.3358337202935,213.64726626229276,243.32583755270724,256.61257466092803
6910,183.05879284089627,212.55215491625935,201.60898619221527,233.5181886068273,259.9795307660261,230.80733633462654,262.3717758957209,213.67742462829966,243.3594584194108,256.64746341298695
6911,183.08519648394744,212.58489273844154,201.6379841822834,233.5422386605256,260.0160882338345,230.840925870826,262.407718080541,213.70758408139903,243.39307931179138,256.6823524965417
6912,183.1115894001305,212.61762303413005,201.66697551415396,233.56626424214363,260.0526444099228,230.87451726560272,262.44366026201317,213.73774089577054,243.4266991501761,256.7172408246472
6913,183.13798297980867,212.65037283373152,201.69596317785357,233.59027145594592,260.08919675514306,230.90809489368326,262.4796018974866,213.7678969161106,243.46031857279564,256.7521268154235
6914,183.1643698295602,212.68312903320805,201.72495266617216,233.61426041813183,260.1257484952804,230.94166831321527,262.515543189618,213.79805342370213,243.49393793858368,256.7870143415252
6915,183.190762412796,212.71586615738067,201.7539301503604,233.63818886256269,260.162300040519,230.9752368357916,262.5514848924965,213.8282079005594,243.5275575019256,256.821902350375
6916,183.2171680379749,212.74861333445466,201.7828979204596,233.66208898424117,260.1988513398589,231.00880563676762,262.58742670740236,213.85836451694135,243.56117766844167,256.8567911034468
6917,183.2435835083367,212.78136564430204,201.81186597730374,233.68599723020444,260.2354033132496,231.0423676896566,262.62336836063594,213.8885268268423,243.59479807931496,256.89168143656036
6918,183.2700032547401,212.81413220329438,201.840835570637,233.7099532605842,260.27195686930196,231.0759246929384,262.65930987503594,213.9186914289678,243.62841850015317,256.9265721753735
6919,183.2964159049877,212.84690529256585,201.86979801019055,233.73393335016263,260.3085131058858,231.1094819136672,262.69525176788846,213.94884978817126,243.66203849727228,256.9614630275383
6920,183.32283842231521,212.87967854583724,201.8987458674209,233.75791398752784,260.3450699131379,231.1430430325918,262.73119432400944,213.97900852802206,243.69565815850626,256.9963545257774
6921,183.34926588245074,212.9124353750952,201.9276939003576,233.78187291059865,260.3816260137492,231.1766051154494,262.76713703111625,214.0091647920707,243.72927851478744,257.0312487003022
6922,183.3757080358948,212.9451931247967,201.95664097084176,233.80578465457174,260.41818158103194,231.21016816581664,262.80308012652006,214.0393234867134,243.76289920955676,257.0661436012559
6923,183.4021566735008,212.9779548098113,201.98558415032363,233.82969912565187,260.4547386754748,231.24373322396377,262.8390233187744,214.06948395677742,243.79651985039027,257.10103896671615
6924,183.42861296809988,213.0107266835377,202.01452897482102,233.85362813689585,260.4912957577435,231.27730749520595,262.8749660483567,214.09964482856978,243.83014018306108,257.1359348378983
6925,183.4550749139196,213.04350401325934,202.04347896296,233.87757466236727,260.5278497429905,231.31088892491897,262.91090895199443,214.1298057549953,243.8637610931982,257.170830396546
6926,183.4815283375622,213.07627315811845,202.07243095723322,233.90145731425648,260.56440136416364,231.3444758104159,262.9468521372605,214.15996693097452,243.89738214038974,257.2057245933507
6927,183.50797838663775,213.1090360779334,202.10138276616274,233.92532791104304,260.60094634612597,231.3780639830135,262.982795342755,214.19013543952065,243.93100253265973,257.2406180886265
6928,183.5344189288405,213.14180889219958,202.13032629972247,233.94917238914533,260.63748836906785,231.41166622288765,263.01873819256093,214.22030666354885,243.96462296719827,257.27550964049584
6929,183.56086269903213,213.17459900014106,202.1592736820007,233.97297660597906,260.6740317312371,231.44527381074877,263.05468118844556,214.25048410401084,243.9982424751003,257.31040116823175
6930,183.58730823016313,213.20739382207034,202.18820972466503,233.99679502342337,260.7105762377247,231.47888986085977,263.0906246456474,214.28066405813829,244.03186241477735,257.3452916903293
6931,183.61374957404973,213.24019848304218,202.21714461982188,234.0206356783365,260.7471216758089,231.51251712291332,263.1265682327957,214.31084712482684,244.06548257164098,257.3801822916412
6932,183.64018032999334,213.27300850929237,202.24607943003898,234.04439923747282,260.7836695647412,231.54614690586536,263.16251176777394,214.341032452751,244.09910199626643,257.415072799218
6933,183.66658566501764,213.30582415860758,202.27501537880676,234.06818971910218,260.82021789899153,231.57977588111,263.19845491161624,214.37121513898938,244.1327215579585,257.4499612119736
6934,183.6929811842462,213.33864390621562,202.30394832782034,234.09201075669955,260.8567649749474,231.61341540027757,263.2343974790682,214.4014024251875,244.16634145102066,257.4848476007434
6935,183.71936473078696,213.37145665350826,202.3328779530456,234.11584407415938,260.89331046020556,231.64705772196717,263.2703400719572,214.4315914350056,244.1999615125132,257.51973068738596
6936,183.74575553819977,213.404265277248,202.36181742476646,234.13966595998892,260.92985664315734,231.6806952091933,263.30628251656594,214.46177509147518,244.23358016006688,257.5546139509453
6937,183.77215140153098,213.43703811502252,202.39076143020267,234.163472709887,260.9664036824387,231.71433340474098,263.34222471566045,214.4919558104877,244.2671987132629,257.5894972330163
6938,183.79853196530829,213.46980920323847,202.4196956480964,234.18729144197712,261.0029505712725,231.7479700495227,263.37816708653867,214.52213621552025,244.3008175873436,257.6243802545597
6939,183.8248954280411,213.50258038624276,202.4486219323466,234.21109009860527,261.0394958683958,231.78160233221556,263.414109947403,214.55231722903736,244.3344378200992,257.65926283990177
6940,183.85125720445942,213.53536850726607,202.4775533413177,234.23487879408978,261.07604379251234,231.8152225005316,263.45005351128475,214.5824970500528,244.36805847233595,257.69414563564834
6941,183.87762822864877,213.56816621273555,202.50649282704148,234.25864956268052,261.11259217845316,231.84884397195182,263.48599722658025,214.61267776284706,244.40167870917668,257.72902869653797
6942,183.90401111513972,213.60096537130136,202.53543508144975,234.28237272268842,261.14913815750486,231.88246591922857,263.5219406569071,214.64285746679158,244.43529893791663,257.76391352189876
6943,183.93039819811582,213.6337746126918,202.56437192091025,234.30609532459866,261.18568257877934,231.91607978769508,263.5578837171257,214.67303521132285,244.46891920445583,257.79879882531884
6944,183.95678373742584,213.6665892376882,202.59331299834574,234.32976763400612,261.2222274464103,231.94969100209445,263.5938267177139,214.7032140071994,244.50253911250678,257.83368681717246
6945,183.98316416892942,213.6993799307464,202.62225569947552,234.3534407586653,261.25877156643736,231.9833024980744,263.629769233955,214.7333972407449,244.53615977628743,257.86857662631905
6946,184.0095365801645,213.7321707939684,202.65119514884873,234.3771228877868,261.29531311945425,232.01690848902297,263.6657117586334,214.76358631203797,244.5697806833701,257.9034665616322
6947,184.03591429948708,213.7649656317929,202.68012964998823,234.400851845601,261.3318567271972,232.05051019230845,263.7016544709987,214.79377730899822,244.60340113406352,257.9383542220075
6948,184.0622957236561,213.79775815302133,202.70907082228982,234.42463731938028,261.36840139136905,232.08410444831358,263.73759728190527,214.8239684471462,244.63702178864926,257.9732428169584
6949,184.08866404453804,213.8305534477743,202.7380140175562,234.4484384670501,261.4049470935417,232.11769647438277,263.77354018836854,214.85415958685925,244.67064313288017,258.0081316710667
6950,184.11503025833935,213.86333533488317,202.76695777259235,234.472236728587,261.4414939683976,232.15128515869844,263.809483684191,214.88434976633613,244.7042647594832,258.0430201168561
6951,184.1413940169473,213.896111518167,202.7958973943732,234.4960384198703,261.4780408220377,232.18488442793034,263.8454277048272,214.9145425313476,244.7378863135924,258.0779084527216
6952,184.1677654300371,213.92887644561068,202.8248325730088,234.51981135342692,261.51458454843885,232.21849089509237,263.88137182503306,214.94473550563401,244.7715077462131,258.11279543144775
6953,184.19414678269442,213.96162822690422,202.8537688905807,234.54359858488192,261.5511276399221,232.2520986739866,263.91731583486325,214.97492573844505,244.80512942382433,258.1476831927558
6954,184.22053457871647,213.9943782812818,202.88269949916418,234.56737633735554,261.5876724491958,232.2857120338638,263.9532598504974,215.00512420272335,244.8387511742488,258.1825713501555
6955,184.24692430181193,214.02713059257647,202.91163159474866,234.59112901803493,261.62421955903824,232.31932718655372,263.9892038433758,215.03532580830367,244.87237347888228,258.2174595507536
6956,184.2733111776869,214.05985655032535,202.9405660972005,234.61490058900858,261.6607669531811,232.35293538661037,264.02514713507054,215.06552852111707,244.90599605667973,258.2523492458616
6957,184.2996946392623,214.09258229764498,202.96950493419124,234.63863737288708,261.69731134993964,232.38653461788294,264.06109085465044,215.09573463557447,244.93961935882814,258.28723960777324
6958,184.32607221899013,214.12528540540606,202.99844553382087,234.66237967676668,261.73385423712756,232.4201334474174,264.0970346646743,215.12594171074207,244.97324281721149,258.3221299049272
6959,184.35245327178495,214.15798094161457,203.02738098686766,234.68612143073366,261.770395232761,232.4537202690574,264.1329774137277,215.156149574736,245.00686389096094,258.3570186600659
6960,184.37882931663032,214.19068693374405,203.05631997797624,234.70986918850028,261.8069355921049,232.48730881359944,264.16891958727064,215.1863609025286,245.04048352265275,258.3919055935245
6961,184.4051879702262,214.22339730160897,203.08525204863903,234.73358999526343,261.8434725132991,232.52089755791,264.2048612914968,215.21657534855007,245.0741030201101,258.4267928557256
6962,184.431544233674,214.25609174616045,203.11417601274425,234.75731287446703,261.88000828030266,232.5544862612169,264.2408030545602,215.24679119557993,245.10772194478068,258.4616805581476
6963,184.45790566032076,214.28879179571967,203.14309793838495,234.7810598904437,261.9165447723204,232.58808632003704,264.27674466532466,215.27700729447966,245.14133881044788,258.49656831709626
6964,184.484268390572,214.321495713469,203.17201252874978,234.8048329478591,261.95308311515294,232.62168998630327,264.3126857447945,215.30722207662535,245.174955732723,258.53145552790176
6965,184.51062875084924,214.35418200314962,203.20092829540846,234.82861609297913,261.9896268616487,232.65528387149547,264.34862649372195,215.33743012084724,245.2085713712127,258.56634278558414
6966,184.53699153962455,214.386841756681,203.22983673033806,234.8523763596073,262.0261719916602,232.6888777637961,264.38456740012373,215.36763746668936,245.24218683826572,258.6012293950511
6967,184.56335772320844,214.41950262800543,203.2587497813559,234.87613884364924,262.0627164574679,232.72247241385634,264.420508506896,215.39784280609476,245.27580259704007,258.63611707916107
6968,184.58972520075406,214.45217434968478,203.28766451111355,234.89986408965333,262.0992644021057,232.75606822639304,264.45644967561526,215.42804749919182,245.30941871969267,258.67100518657156
6969,184.61610344811155,214.4848521215173,203.31657845999547,234.9235689639723,262.1358130470071,232.7896635764745,264.4923908207935,215.45825886341686,245.34303491125883,258.7058924806554
6970,184.6424940634251,214.51751614561388,203.34550203475635,234.9472694654634,262.17235798189546,232.8232558164909,264.52833208013567,215.48847205398286,245.3766515272593,258.7407777775424
6971,184.66889064937925,214.55018227399816,203.37442921104054,234.97097808634146,262.20890299986144,232.85685007033698,264.5642734654818,215.5186854433061,245.41026863108982,258.7756623006148
6972,184.69526688527637,214.58284964223364,203.40335098615463,234.9946919665211,262.2454487129408,232.89045305859827,264.6002147466746,215.5489054891434,245.44388604326875,258.810545947579
6973,184.72163232223215,214.61551681858126,203.43227322655815,235.0184195599026,262.2819947986114,232.92405877513832,264.6361561009935,215.57913152672714,245.47750348338877,258.845429181574
6974,184.74799865816368,214.6481808113691,203.46118813681085,235.04212398880122,262.3185402421349,232.95767430867406,264.67209751971217,215.60935913287975,245.51111944743812,258.880313246217
6975,184.77436641943916,214.68082733885223,203.4901142488197,235.0658531931863,262.35508570597455,232.99129317208508,264.70803876588764,215.63958335809642,245.54473459722155,258.9151993675402
6976,184.8007319416009,214.71346984554583,203.51905485190719,235.08957638947768,262.3916304798859,233.02491138378568,264.7439799384393,215.66980396360054,245.57834863448582,258.9500858699102
6977,184.82709705106248,214.74612721586544,203.5480036430933,235.11331515457601,262.42817546591976,233.05852958233783,264.7799207929402,215.70002281800416,245.61196228392544,258.9849718373177
6978,184.8534605949063,214.7787913740625,203.5769542370123,235.13703046764047,262.4647203805984,233.0921352912457,264.8158616698159,215.73024231407612,245.64557609456853,259.01985886174083
6979,184.87982232912526,214.81146029553463,203.60590326378986,235.16071872107557,262.5012701293018,233.1257499535232,264.85180255556816,215.7604678299552,245.67918983611975,259.05474698689426
6980,184.9061888363934,214.84413683025858,203.63483130609842,235.1844352367462,262.5378246415246,233.1593672204704,264.88774396759806,215.79069561366703,245.7128035782559,259.0896353189704
6981,184.9325675965515,214.8768385984847,203.66375873127754,235.20803791349147,262.57438043678434,233.19298045221655,264.9236854923965,215.82092656607816,245.74641768912934,259.1245234917664
6982,184.95895276974517,214.9095482246206,203.69268771977625,235.23164396123653,262.6109374085704,233.22661095984012,264.9596264604646,215.85115990947307,245.78003246389224,259.1594134652783
6983,184.98533211641148,214.94225138887953,203.7216149013537,235.2552427629955,262.6474946008727,233.26024707221012,264.99556745834127,215.88139595871212,245.81364756791294,259.1943042457252
6984,185.0117099454802,214.9749517451662,203.75054142864812,235.27881924616153,262.68405064987917,233.29388007274855,265.03150847566735,215.9116329269673,245.8472631970256,259.22919510545285
6985,185.03807659847595,215.00763254442342,203.77947071879433,235.30241406495344,262.7206058894429,233.32750693339167,265.0674488317547,215.94187170732116,245.88087897018988,259.2640855878524
6986,185.06443829946483,215.0402970460332,203.80839492612193,235.32595150517216,262.75716034072093,233.3611222190239,265.10338942113924,215.9721117585338,245.91449569117339,259.2989751423871
6987,185.09080626959462,215.07296646265232,203.83730885609702,235.34945647816082,262.7937161494086,233.39473872353585,265.13933006307326,216.00235395169756,245.94811283851593,259.3338629870938
6988,185.1171771850397,215.10564384759232,203.86622314166462,235.37286992236898,262.83027247242416,233.42834446514905,265.1752701866709,216.03259848523345,245.9817302597719,259.36875067566837
6989,185.1435409871465,215.13832858836622,203.89514506977423,235.3962953524781,262.86682882309054,233.4619562480897,265.2112097963968,216.06284346078985,246.01534944312886,259.4036389314965
6990,185.16990544994874,215.1710149731744,203.92406959717917,235.4197316306308,262.9033848674148,233.4955724082591,265.2471491187398,216.09308674252367,246.04896915547965,259.43852701609376
6991,185.19626989883963,215.20369229617458,203.95298870306993,235.44315926982588,262.93994053473324,233.52919715706852,265.283088458412,216.12333770370682,246.08258873075147,259.4734148571492
6992,185.2226370402518,215.23637139593797,203.9818965226325,235.46653981991224,262.9764993257705,233.5628240878514,265.31902765278926,216.1535915155328,246.11620811346174,259.50830270321416
6993,185.24900561079764,215.26904307459574,204.01080076721848,235.48987619732972,263.01306488600943,233.59644001086616,265.35496645939503,216.18384543493977,246.1498281837157,259.54318963523644
6994,185.2753794239568,215.30170838029488,204.039710054326,235.5131943333539,263.04963204515315,233.6300462381873,265.390905337749,216.21409736840232,246.18344835399046,259.57807659706276
6995,185.301741010294,215.3343379345226,204.06862058665732,235.5365143644935,263.0861989850823,233.66364141109028,265.42684412625215,216.24434996534592,246.21706692614748,259.61296216626386
6996,185.32810471327534,215.36694732889953,204.09752617420148,235.5598381522225,263.1227708253243,233.69723639626267,265.46278252741945,216.2745966382594,246.25068544741285,259.64784740739316
6997,185.35445580342812,215.3995266300433,204.12643617600054,235.58316714341785,263.15934386378547,233.7308264429658,265.4987204684542,216.30484473598887,246.2843046612475,259.6827316919474
6998,185.38080026834734,215.43209707063613,204.15534798979536,235.60646748904057,263.1959171945631,233.7644035551903,265.53465756518347,216.33509428097182,246.31792418575844,259.7176150710825
6999,185.40714164189484,215.46465229452832,204.18425130471093,235.62976350873112,263.2324924465734,233.7979814686247,265.5705947192001,216.3653412027944,246.35154579759075,259.7524984425609
7000,185.43348641957957,215.49720064099208,204.21315439620867,235.65305074565154,263.26906856390076,233.83155786579403,265.6065321715082,216.3955904499443,246.38516916911547,259.7873793763139
7001,185.45983242179665,215.529749472239,204.24205566990463,235.67637715395077,263.3056471701663,233.8651349099565,265.64246968541255,216.42584440658933,246.4187943625761,259.82226194461225
7002,185.48618083987685,215.5622838249324,204.27097188132922,235.69972965424742,263.3422261558699,233.89870609231437,265.6784067220354,216.45609990892893,246.4524200188234,259.85714487351913
7003,185.51251782078356,215.59483051871067,204.29989930655037,235.7230975981093,263.37880163558884,233.93228689186066,265.71434341821003,216.48635429709216,246.4860449121203,259.89202686265924
7004,185.53884598584781,215.627380728531,204.32883395702396,235.74642331218365,263.41537558587044,233.96587085093205,265.75027962086756,216.5166150140427,246.5196684281703,259.92690712099096
7005,185.56517477883182,215.65992912945526,204.35777139405516,235.76970240559905,263.45195024102253,233.9994546439392,265.78621581618796,216.5468801203001,246.55328978749984,259.96178742845956
7006,185.59150600156397,215.6924738959497,204.3867094721314,235.7929727879867,263.48852682387053,234.03303337715303,265.82215199398314,216.57714689054768,246.58691068885386,259.99666706188077
7007,185.617845061177,215.7250211435129,204.41564369120974,235.81623071697476,263.52510351557794,234.06660816889635,265.858088574636,216.60741573656352,246.62053173856188,260.0315452342782
7008,185.64418794109685,215.7575715432664,204.44457147032568,235.83945423333202,263.56167554389333,234.10018381114665,265.8940252600073,216.63768538063462,246.6541523589548,260.0664235684338
7009,185.67052479873956,215.790122246006,204.47348463678122,235.86268694550958,263.59824377809286,234.1337604190124,265.9299617974248,216.6679551007072,246.68777397634972,260.1013024010685
7010,185.6968538989869,215.8226614570535,204.50239614676693,235.8859259869582,263.63480732377377,234.16733694530825,265.9658981350135,216.69822424078328,246.72139633909194,260.13618159496286
7011,185.72318390336102,215.85518732157644,204.53129479548002,235.90917639219805,263.67136632421176,234.2009070967505,266.00183524971646,216.72849224891044,246.75501956548305,260.17106084051386
7012,185.74951297900557,215.88770415398156,204.5601981731745,235.93238098167964,263.70792796611926,234.2344824620357,266.0377728423716,216.75875454989227,246.78864409725668,260.2059403323529
7013,185.77584296348343,215.92021082532918,204.5891035929245,235.95555798967933,263.7444899590823,234.2680687172451,266.07371128846836,216.78900622853163,246.82226911587324,260.24082006692214
7014,185.80216619824893,215.95271018588915,204.6180046294572,235.97870693438614,263.7810471783908,234.30165747938332,266.10964994078,216.81925813875992,246.85589416307351,260.27569975278226
7015,185.82848181945437,215.98520970119313,204.64690274008868,236.0018705042738,263.81760079492386,234.33524056701097,266.14558818746275,216.8495113672603,246.88951870737932,260.31057805516235
7016,185.85480641178526,216.01770817038658,204.675805632749,236.0249953456952,263.854154411943,234.36882621797798,266.1815260756309,216.87976486374282,246.92314306405905,260.3454558388398
7017,185.8811349494539,216.0502094402699,204.70471090733187,236.04814535775392,263.8907106330003,234.4024158195247,266.2174640019763,216.91001501161568,246.95676600449977,260.3803352230108
7018,185.90746724654784,216.08271034638295,204.73361026527076,236.07130975747282,263.9272717882142,234.43600862765706,266.2534014900375,216.94025993279004,246.9903902032587,260.41521562319684
7019,185.93992546949718,216.11729027498149,204.7669781681291,236.1025807805975,263.96376467121576,234.47094236853627,266.28931363712,216.97408883970638,247.0253339348014,260.4505592377141
7020,186.05751347869145,216.2357694005484,204.88494824288514,236.2196701658654,264.0827847859471,234.58957009526108,266.4082524488227,217.0922525361668,247.1439658576049,260.5693591113669
7021,186.06067050971674,216.24427135668267,204.8907540611085,236.22094039545507,264.09416645091716,234.59875056916042,266.41929352934835,217.09852105000454,247.15257849025423,260.57940427863883
7022,186.08436398342656,216.27478466834637,204.91787875943058,236.2421318758771,264.1282290143175,234.63011661348176,266.45294132262273,217.12624424527777,247.18324185301728,260.61183635392894
7023,186.11010555504174,216.30748503895057,204.9471321401444,236.26533840098156,264.1645597249562,234.66370500215197,266.4888498343939,217.15611866766565,247.21610942039035,260.6465074187529
7024,186.1360454840302,216.340427570167,204.97660624639965,236.2887259255921,264.20111707862014,234.69752080750132,266.52498449948837,217.18620599295443,247.24919585697776,260.68140258093746
7025,186.16200298558422,216.373423107026,205.00610044505353,236.31213424926676,264.23769551621166,234.73136324359686,266.5611418079371,217.2163155035866,247.28230355953065,260.716319735058
7026,186.18796304551705,216.40643894538812,205.03559252618538,236.33556264080661,264.2742749978099,234.76521926592537,266.59730125799956,217.24642761945367,247.31541408320737,260.75123835613954
7027,186.21391404682316,216.43945848254373,205.0650764804247,236.35894695319146,264.3108524426239,234.79907857855784,266.63346083962597,217.2765405498842,247.34852536834762,260.78615589507405
7028,186.23986517343712,216.47247558693812,205.09456759054018,236.3823449794777,264.3474289793285,234.8329297128016,266.6696205529346,217.3066549127495,247.3816367593964,260.82107395986895
7029,186.26581916390123,216.50548404091387,205.12406128537702,236.40575070077648,264.3840061859333,234.8667723850905,266.7057805132035,217.33676952383016,247.41474763106402,260.8559921252728
7030,186.291768968107,216.5384889969587,205.15355397880893,236.42916165018588,264.42058335370353,234.9006202226025,266.74194052533846,217.36688324492317,247.44785834777358,260.8909109578703
7031,186.3177201190552,216.57151263740204,205.18304744389005,236.45257311442154,264.4571601253595,234.93446938408587,266.77810040035234,217.3969998176519,247.48096858384193,260.9258311357648
7032,186.3436793097926,216.60455177350823,205.2125416274759,236.47599841884283,264.49373708052053,234.96831982347152,266.8142601741636,217.4271174408252,247.5140786805935,260.9607516082806
7033,186.36964202903485,216.63761214599953,205.24202590919782,236.49942953377382,264.53031111365294,235.00217089124394,266.8504199860095,217.45723173197536,247.54718877985627,260.99567207859775
7034,186.3956067063225,216.6706783103437,205.27150692200024,236.52286929236095,264.56688446846454,235.03601730193935,266.886579585575,217.48734490253975,247.58029810215928,261.03059267088173
7035,186.42157370968692,216.70372644477112,205.30099528573524,236.5463041669034,264.6034537418284,235.0698644000995,266.92273907608154,217.51745843070185,247.61340584229734,261.06551300942
7036,186.44753346590315,216.7367361151427,205.33049105940964,236.5697605566302,264.6400269502459,235.1037189047328,266.9588987634953,217.54756753203915,247.64651351712368,261.10043238662166
7037,186.47348708041403,216.76973513706636,205.35998852878677,236.5931918671367,264.67660132911146,235.1375760778568,266.99505850021495,217.57766686277574,247.6796214674309,261.13535089352933
7038,186.4994432318353,216.80271324321694,205.38948547753893,236.6166310646076,264.71317393624133,235.17143094136904,267.0312182764668,217.60777117667186,247.71273044276316,261.17026887035587
7039,186.52540079214754,216.83569123377788,205.41897392361338,236.64003689753054,264.74974785476184,235.2052849396335,267.0673780501476,217.63787786615697,247.7458399398524,261.2051883946134
7040,186.5513562268233,216.86864982328268,205.4484641098872,236.6634520215457,264.78632226383826,235.23914294135392,267.10353766446934,217.66798519214075,247.77894949567042,261.2401107336488
7041,186.577312712669,216.9016093099704,205.4779410900882,236.68690588326962,264.8228962556153,235.27300151362795,267.1396974516869,217.6980846927841,247.81205859066648,261.27503421363366
7042,186.6032665938454,216.9345632935838,205.5074009485345,236.7103945424783,264.85947150551334,235.30685982019082,267.17585729044964,217.7281857160412,247.84516778826256,261.30995770162554
7043,186.62922203855754,216.96751812660747,205.53686280608582,236.73380744702098,264.89604815516986,235.3407196549287,267.21201735511005,217.75828803261848,247.87827762574864,261.3448787062278
7044,186.6551735615582,217.00048596512647,205.56631774445808,236.75723871786684,264.9326300680575,235.37457472506438,267.2481774562906,217.78839076203656,247.91138826362715,261.37979871080023
7045,186.68112682846316,217.03345896244056,205.59577701579434,236.78060294344994,264.9692180492079,235.40843000353993,267.2843372200042,217.81849258635506,247.94449969886,261.41471814697013
7046,186.70708663390985,217.06641568866868,205.62524412009807,236.8039557942522,265.0058071993218,235.44228324344755,267.32049706026476,217.8485905245151,247.97761186547382,261.44963770592443
7047,186.7330500947495,217.09936458935854,205.65471396213547,236.8273153605563,265.04239552383694,235.4761345441996,267.35665723906874,217.87869400550426,248.01072467345057,261.4845558904804
7048,186.75900716896743,217.13228862239154,205.6841848513033,236.85064329424267,265.07898752593184,235.50999524713984,267.39281771186444,217.90879993814264,248.04383764065165,261.5194745781491
7049,186.7849661189997,217.1651966033195,205.7136597108017,236.87397651841397,265.1155816412617,235.54385818281392,267.42897822803286,217.93889870182193,248.07695060750825,261.55439479018486
7050,186.8109131942834,217.19810890298504,205.74315065556704,236.89732582977956,265.1521760782452,235.57771599253405,267.46513866896925,217.9689948212946,248.11006348260676,261.58931534023264
7051,186.83686290756063,217.23101700166612,205.77265502671938,236.9206927863171,265.18877026824464,235.61156803086826,267.5012992832536,217.99909561931312,248.14317576182214,261.62423406305345
7052,186.86281500570558,217.2639249516394,205.80216257939182,236.94400982017274,265.22536270544236,235.64542284228335,267.537459915466,218.0291977291711,248.17628813703692,261.65915347276587
7053,186.88876051132033,217.29682460969985,205.8316665622889,236.96737362008682,265.261951553804,235.67927826768388,267.57362025917985,218.05929817502704,248.2094005101822,261.69407387236845
7054,186.91470856147973,217.329725012978,205.86116463413455,236.99076398565634,265.29853812650015,235.7131257637114,267.6097804703787,218.08939440958207,248.24251127293877,261.7289945072106
7055,186.94066587452204,217.36262306210782,205.8906682672421,237.01414036975038,265.33512481050184,235.7469655618056,267.64594079540905,218.11949012601062,248.27562140973941,261.7639154374446
7056,186.96662709092337,217.3955212229091,205.92017400376045,237.0375326471146,265.37171017341177,235.78080180604482,267.6821013552231,218.14958475936314,248.3087310255549,261.7988366537642
7057,186.99259464995998,217.4284043515582,205.94967883930968,237.06093742837132,265.40829384609424,235.81463680844698,267.71826226040565,218.1796757297085,248.3418399908215,261.8337578331395
7058,187.0185650024056,217.46129659627985,205.979186309158,237.08432693068278,265.444876972495,235.8484687214202,267.7544232632487,218.20975935259824,248.3749491008368,261.86867800606416
7059,187.04453604415613,217.4942045155784,206.00869875586525,237.10774902366958,265.4814584076023,235.88230681295892,267.79058424906594,218.23983968322523,248.40805742319213,261.90359848713143
7060,187.0705010921134,217.52711868616285,206.0382126447438,237.13119487677838,265.51804323612845,235.91615588207327,267.8267449955519,218.2699210628545,248.44116611746708,261.93851897876334
7061,187.09646643336737,217.56003360784163,206.06770979037253,237.15465009882976,265.5546292270031,235.95000770813243,267.862905697012,218.30000323657288,248.47427487520457,261.9734383535354
7062,187.12242047086548,217.59293596358526,206.09718382247334,237.17811339317456,265.5912173495727,235.98385354367142,267.8990664549379,218.3300850934386,248.50738333736996,262.0083563661946
7063,187.14836822773566,217.62583825751238,206.12665833551645,237.2015962260908,265.62780560794596,236.01770080604686,267.9352272155807,218.36016291101117,248.54049097827254,262.043272852346
7064,187.17431610243028,217.658715381339,206.15613609122482,237.22509289136852,265.6643884505836,236.05155281328595,267.9713878575405,218.3902427625338,248.57359851702233,262.0781881563611
7065,187.20026769277655,217.69159535883307,206.1856183243854,237.24856684243562,265.70096780454793,236.08540549675288,268.0075485372874,218.420323558769,248.60670577082715,262.1131021912986
7066,187.22622821730852,217.72447146504723,206.2151030338401,237.27203483248155,265.7375488034891,236.11925430608974,268.0437093948186,218.45039490785308,248.63981182225888,262.14801394233984
7067,187.2521951311379,217.7573716564923,206.24459505148158,237.29551336675917,265.77413002474367,236.1531114913167,268.07987027800226,218.48046408345547,248.67291735236682,262.18292543070993
7068,187.2781648632367,217.79028894599128,206.2740900187531,237.31896752697114,265.81071104680603,236.18697185203834,268.1160311778829,218.51053541608565,248.70602251773767,262.2178362389359
7069,187.30413554016462,217.82322311330307,206.30357909606155,237.3424365323558,265.8472924856424,236.22082318482407,268.15219226935955,218.5406079500542,248.73912778651516,262.2527464343145
7070,187.33010574070212,217.85617458504026,206.3330706686993,237.36591385135898,265.88387224545204,236.25466325218292,268.18835345002805,218.57067984405342,248.7722330183973,262.28765848796985
7071,187.35606976167537,217.88913026026447,206.36256853450314,237.38941988066242,265.92045252370355,236.28850432363268,268.22451482709823,218.600745354918,248.80533729170278,262.3225710205468
7072,187.38203427174892,217.92208137442736,206.39208175377843,237.41296557633265,265.9570331508004,236.32235507060662,268.26067625277,218.63081131874395,248.83844155526756,262.35748380822423
7073,187.40799769083586,217.95503044066848,206.42160451862893,237.43654606189426,265.9936134997939,236.35620970486613,268.29683756581323,218.6608738943491,248.87154610266364,262.3923980834539
7074,187.43395136494283,217.9879792370179,206.45112935655456,237.46014393372315,266.03019419639736,236.39006670924886,268.3329988288551,218.69093319339555,248.90465175630996,262.4273129490922
7075,187.45990580281975,218.0209215022419,206.48064829461822,237.48374766653066,266.06678126325545,236.4239243549102,268.36916038715054,218.72099138561072,248.93775775545356,262.46222821347595
7076,187.4858601704915,218.05385834305625,206.51016442348393,237.50733910876343,266.10337141946616,236.45778292025253,268.40532199667405,218.7510476515191,248.9708631412029,262.4971435662669
7077,187.5118154636108,218.0867645528522,206.5396774978879,237.5309629973215,266.13996152977705,236.49164206528718,268.4414836904657,218.7811080003359,249.0039679381336,262.532058446164
7078,187.5377697334149,218.11966793902226,206.56919329197493,237.55460232026886,266.17654822289245,236.52549487795932,268.477645439294,218.81116994077607,249.0370727770428,262.56697383466724
7079,187.5637256791058,218.1525676399199,206.59871049354126,237.57824155048618,266.213137107606,236.55934441788153,268.5138071619115,218.84123211677712,249.07017615885118,262.6018914091093
7080,187.58967898681954,218.18544104298317,206.6282122922183,237.60188668780202,266.2497264682425,236.59317207510452,268.54996854707707,218.87129222324805,249.10327912802606,262.6368094615178
7081,187.6156355640064,218.21830206050905,206.65771793640312,237.6255655303125,266.2863150666304,236.62699967470616,268.5861297769697,218.9013504003459,249.13638100501655,262.6717276520477
7082,187.6415934691946,218.25114060013135,206.6872345543355,237.64926528677643,266.3228997001808,236.66082490616296,268.62229070921336,218.9314101569902,249.16948276788756,262.70664601819936
7083,187.6675517899214,218.28397876187861,206.7167557078672,237.6729359567096,266.35948178668883,236.6946483672867,268.65845141749173,218.96147338970331,249.20258471060055,262.74156439895495
7084,187.69350416029476,218.31680320172637,206.7462772110031,237.69661165797643,266.3960619259988,236.72847095105806,268.69461230456767,218.99153987030957,249.2356860030702,262.7764823821083
7085,187.71946108910203,218.34962865158678,206.77580065450087,237.72028814937948,266.4326405370437,236.76229469783692,268.73077321743284,219.0216127838813,249.26878648157435,262.81139994060675
7086,187.7454220273423,218.38245660062012,206.8053322717812,237.7439677873582,266.46921693979573,236.79611369632076,268.76693392963085,219.05168818554264,249.3018868542259,262.8463171176312
7087,187.7713687461018,218.41529476995362,206.83486686341547,237.76764467530003,266.5057920915771,236.82993585830724,268.80309486651686,219.08176401175032,249.33498611006686,262.88123399014927
7088,187.7973151623796,218.4481356113006,206.8643980118043,237.79131159240848,266.5423643749414,236.86376228348593,268.8392558725073,219.11183467579036,249.36808618629013,262.91615110330315
7089,187.8232631746453,218.4809599722769,206.89391625443406,237.81500182173562,266.5789301767833,236.8975938360342,268.87541656522563,219.14190338028084,249.4011876276684,262.95106817139566
7090,187.8492121685073,218.51377916673147,206.92343720852583,237.83870461373797,266.6154913671956,236.93142632462778,268.9115770176488,219.17196937215382,249.43428947638427,262.985984132882
7091,187.87515986473906,218.54657113141226,206.95294303196158,237.8624085018309,266.65205076794507,236.96524856022535,268.9477374028017,219.20203813462166,249.4673922756663,263.0209000187208
7092,187.90110860829336,218.57934647259123,206.982452791616,237.88604437672655,266.6886114904878,236.9990591588716,268.9838972916416,219.23210765751452,249.5004953828594,263.055816127696
7093,187.92705441706474,218.61211962383987,207.01196537321323,237.90968867605696,266.7251734084921,237.0328676648086,269.0200569672384,219.26217688418677,249.53359810511347,263.0907330323894
7094,187.95300516816167,218.64489178680077,207.04148572973364,237.9333414677083,266.76173841204934,237.06667135851924,269.0562168872154,219.29224695769207,249.5667003847093,263.1256499545574
7095,187.97895806240538,218.6776666543141,207.0710090270826,237.9569750038827,266.7983062139901,237.1004719951029,269.09237723086295,219.32231774929448,249.59980308215265,263.1605655813472
7096,188.00491202946873,218.7104234319611,207.1005311297562,237.98062344196387,266.8348751545642,237.13427421020174,269.12853779525904,219.35239496473346,249.6329058275714,263.19547926497825
7097,188.03085875534308,218.7431837670336,207.13004949456425,238.0042902561886,266.87144426777587,237.16807194544677,269.1646985771238,219.38247900588055,249.66600956898256,263.23039203015304
7098,188.05680551173901,218.77595953939075,207.15956553857444,238.0279628163665,266.9080132155038,237.20186954743082,269.20085948076434,219.4125651548242,249.6991135801624,263.26530321761203
7099,188.0827532293013,218.80873838711318,207.18908030848908,238.0516442198987,266.9445812016145,237.23565202353333,269.23702049898395,219.4426433061925,249.73221756559943,263.3002141548331
7100,188.108705749656,218.84148907901206,207.21859818861296,238.0753395824717,266.9811493964576,237.2694397439008,269.27318169323235,219.47272276450613,249.7653216092489,263.33512527264054
7101,188.13466152191114,218.87423560974068,207.24811906552225,238.09904284892096,267.017717186302,237.30322988852419,269.30934293941215,219.5028027810915,249.79842527317558,263.3700353044085
7102,188.16061572739974,218.9069820450295,207.27764148616862,238.12276327247855,267.05428247233897,237.33702809981656,269.345504244041,219.5328819171445,249.8315283891542,263.40494530275765
7103,188.1865730039702,218.9397299801418,207.3071774404472,238.14649905074532,267.0908458241667,237.370830345038,269.3816655316783,219.56296198696324,249.86463198687235,263.4398538229593
7104,188.21253492632428,218.97248456682672,207.33672521051707,238.17022801822336,267.12741123192706,237.40463278262067,269.4178265314475,219.5930463127115,249.89773592137766,263.47476118496166
7105,188.23849993695615,219.0052384617842,207.36627606351414,238.1939547795599,267.1639781819935,237.43844306818707,269.4539875604515,219.6231352921111,249.93084012775054,263.5096685352774
7106,188.26447155782697,219.03800686826932,207.3958395225219,238.21766063205493,267.20054545615193,237.47226237761438,269.4901486168242,219.65323115632293,249.96394492959047,263.5445759588744
7107,188.2904462498672,219.07078605923581,207.4254089377281,238.24137647852808,267.2371125853017,237.50608925343641,269.5263097344344,219.68332940528873,249.99705029634382,263.57948413048865
7108,188.31641749017615,219.10356982799553,207.45498143785358,238.26505324169713,267.2736809111703,237.53991896650234,269.56247085825623,219.71342483122604,250.03015621515846,263.6143931946344
7109,188.3423903304547,219.1363606163017,207.4845551224223,238.28875729194945,267.31025094818494,237.5737558890676,269.5986319133103,219.74351371684855,250.06326225728785,263.64930292186966
7110,188.36836542242415,219.16915334965202,207.51412725762145,238.3124783652868,267.3468210890359,237.60759763066844,269.63479299451615,219.7735968106772,250.09636731174905,263.68421268070375
7111,188.39433607031387,219.20193075424245,207.54370037340118,238.33618168103916,267.3833894645943,237.64144540493314,269.67095415153307,219.803677711339,250.12947133988828,263.7191210931157
7112,188.4203081307698,219.23469057553103,207.5732725042923,238.35993455982435,267.4199621943519,237.67529596546458,269.70711531866715,219.83376053854798,250.16257476543677,263.7540296693888
7113,188.4462736810394,219.26744285218396,207.60285528260167,238.38371912062533,267.45653738915104,237.70915560712064,269.7432765660165,219.86384424816026,250.19567824333504,263.78893839729875
7114,188.4722490636587,219.3001594772915,207.63244724841394,238.40746925532855,267.4931128855735,237.74301804240548,269.77943786156345,219.8939231646821,250.22878087248208,263.82384833978773
7115,188.49822881089526,219.33289207383567,207.66204705371925,238.43124528151577,267.52968751703247,237.7768783905107,269.81559895178583,219.92399660901492,250.26188237382067,263.85875957325305
7116,188.5242090466346,219.36563962971908,207.69165384629835,238.45504072665076,267.566262257644,237.8107377089155,269.85175969753374,219.9540676487925,250.29498404267832,263.8936715715864
7117,188.55019295012622,219.39839265136976,207.72126676599487,238.47881426393235,267.602841264058,237.8445902529147,269.887920716026,219.98413735580434,250.32808622544567,263.92858364495027
7118,188.57618062721966,219.43114679787578,207.75088169119348,238.5026081744925,267.6394212620231,237.87844947419782,269.924081800674,220.0142076186444,250.3611884937185,263.96349438549487
7119,188.60216321964995,219.46389773558923,207.78049097367727,238.52641788374436,267.67600164732914,237.91231314668832,269.9602424914861,220.04427195391673,250.39429072334585,263.9984035690516
7120,188.6281426240194,219.49664609388253,207.8100919581355,238.55017584286688,267.71258240941717,237.9461774417618,269.99640324754444,220.0743373402118,250.42739205261302,264.0333117798384
7121,188.65412373224297,219.52939694547214,207.83967100275032,238.57393551385618,267.74916201027276,237.98005164418083,270.03256444054705,220.1044030919187,250.46049235832683,264.0682210101082
7122,188.68010695137843,219.56215258728045,207.86925108230187,238.59769316667206,267.78574037707455,238.01392945467373,270.0687257254852,220.13446721712683,250.4935927849418,264.10313097600726
7123,188.70608395957797,219.59490689263794,207.89882989041305,238.6214840868759,267.8223186640958,238.04780344156939,270.10488690411626,220.16453084058023,250.52669415056303,264.13804099671756
7124,188.7320541699911,219.62766200974164,207.92840723649158,238.64531057579168,267.8588945498101,238.08167211574107,270.14104767084484,220.19459295970773,250.55979580426546,264.1729502674301
7125,188.75802489409344,219.66040329394488,207.95800938331243,238.66915822519786,267.8954706327862,238.11554978693556,270.17720832617107,220.22466178161602,250.59289653398585,264.20785970193134
7126,188.78399599291424,219.69312934327195,207.98762148281472,238.69294870215194,267.93204620361246,238.14943025587073,270.213368887183,220.25473348581514,250.62599699738158,264.24276882793345
7127,188.80995717831328,219.72584417273768,208.01722037206906,238.71673968194554,267.9686150060612,238.18330634234255,270.249529334927,220.284805580271,250.65909712958236,264.27767720908884
7128,188.8359071906262,219.75854730259587,208.04679942058772,238.74052473796206,268.00518343629204,238.21717726071245,270.2856896591469,220.3148736239338,250.6921983627537,264.3125849716481
7129,188.86184426780423,219.79122667681904,208.07636973793507,238.76429989279555,268.04175235444706,238.25104480870039,270.3218500924048,220.3449387478034,250.72530008354565,264.3474925459599
7130,188.8877817192468,219.8239020286141,208.1059369733863,238.78808942064975,268.0783215681451,238.2849196248365,270.3580105391487,220.37500899589165,250.75840115769822,264.38240001764194
7131,188.91372267033458,219.85655505770757,208.13549064569418,238.8118813838876,268.11489431753495,238.31880591752136,270.39417121246146,220.4050808737499,250.79150334262442,264.41730636394385
7132,188.93966584172222,219.8892114423555,208.16502368698744,238.8356760623383,268.1514694405339,238.3526987887108,270.43033233159576,220.43514994864427,250.82460580942174,264.45221177065696
7133,188.96560425224183,219.9218772605842,208.19454575703327,238.85946302227973,268.1880477206351,238.38659277553182,270.4664935551311,220.46521800899217,250.85770789891825,264.4871163595915
7134,188.99152982746688,219.95455602691885,208.22407108354784,238.88323224836577,268.2246286859041,238.42048569061723,270.50265495555817,220.49528473365652,250.89080966091737,264.522019921711
7135,189.0174561110462,219.98725826454245,208.25358583421382,238.90701215354173,268.2612105212617,238.45437552337,270.53881660704747,220.52535244303067,250.92391130537908,264.5569226145328
7136,189.04338201595652,220.01996723897508,208.28309293038222,238.93082183288124,268.29779219054296,238.48828030255996,270.57497854445137,220.55542185377413,250.95701345886545,264.59182314308873
7137,189.06930806690818,220.0526657979951,208.31259337307998,238.9546609626015,268.33437087319703,238.52219934887398,270.6111408499733,220.58548866807087,250.9901159145259,264.626723039885
7138,189.10161624903301,220.08730527877063,208.3461694576548,238.9861935864999,268.37087575905394,238.5572385731219,270.6472629107871,220.61925710102764,251.02489119198103,264.6620723979539
7139,189.219141241081,220.2058094162519,208.4642269687318,239.10339284409278,268.48989755418506,238.6759106028616,270.76623111041215,220.73739539842504,251.14345236406774,264.78087468389845
7140,189.22241751561873,220.2142587787501,208.4706624328103,239.10489728158356,268.50137788557504,238.6847607544598,270.777187825274,220.7434112860483,251.15195673022117,264.79119922858564
7141,189.24627223755522,220.24471657578235,208.4986064519268,239.12639628946798,268.53556056963816,238.7157150995662,270.81073185227416,220.77081197371706,251.18248768586886,264.8239738666404
7142,189.27217641812732,220.27736754795382,208.5286990096313,239.14991909154207,268.57201434528605,238.74888359233827,270.8465347654305,220.80035226268123,251.21522013680382,264.858993474717
7143,189.2982743038314,220.3102185308156,208.55900420358046,239.17367430981596,268.60869431104646,238.78227601686322,270.8825635700668,220.83010591439339,251.24817116936129,264.89423749133994
7144,189.32438569236467,220.3430860774119,208.58935674835658,239.1974628924309,268.6454005602804,238.81569380192013,270.91861501710144,220.8598809020105,251.28114376154613,264.92950392517434
7145,189.35049652571985,220.37596322614658,208.61972123614956,239.22123630610275,268.6821092351213,238.84911417627265,270.95466872318974,220.88965776349946,251.3141180231462,264.96477262482966
7146,189.3766091884379,220.4088700249894,208.65009156554353,239.2450126472022,268.7188135190409,238.88253292444037,270.9907226826347,220.91943480676886,251.3470915191142,265.0000415975271
7147,189.4027338806137,220.44178599534905,208.68046762502735,239.26878916552866,268.75551553477885,238.91595808284686,271.02677667752425,220.94921265857536,251.38006447933225,265.03531059954173
7148,189.42886531233205,220.47469924654774,208.7108593435894,239.29258416396118,268.79221558168547,238.94938541810959,271.0628306681304,220.9789864346645,251.41303513064105,265.0705795920844
7149,189.45498709458,220.50761272051344,208.7412572677713,239.316392454806,268.82892075642917,238.98280028853588,271.09888456834966,221.00875760391025,251.44600498271078,265.1058486089919
7150,189.4810950186635,220.54053059911837,208.77166880556803,239.34018615900877,268.8656323637189,239.0162101827591,271.13493838248115,221.03852939962073,251.47897663069014,265.14111768613793
7151,189.5072002426575,220.57347578882215,208.80208930864703,239.36397924230963,268.9023454347225,239.0496132713282,271.17099221460353,221.06830090960221,251.51194937915454,265.1763867768361
7152,189.53329965234838,220.60643603342913,208.83250083377234,239.38776667683783,268.9390582092454,239.08301607647132,271.207046042005,221.0980756277958,251.5449223052815,265.21165584539807
7153,189.55939410701095,220.63942231001874,208.8629234601763,239.41151517573851,268.97577249692546,239.11641753040868,271.24309980851984,221.1278568584841,251.5778946186335,265.24692487168574
7154,189.58549057651013,220.67242906407697,208.893349206541,239.43527476140093,269.0124872183662,239.14981455971665,271.27915359096903,221.15764034663894,251.6108666376058,265.282193876815
7155,189.61158619329657,220.70545838221938,208.9237733490961,239.45902519310727,269.0491976805337,239.18320015280946,271.31520740727456,221.18742268200657,251.64383843103687,265.31746285827506
7156,189.6376836563767,220.738493684929,208.95421927984512,239.48279805740563,269.0859070460558,239.216583275807,271.35126131421725,221.21720772394698,251.67681050463412,265.3527317792149
7157,189.66378322475117,220.77153202494554,208.98467477910066,239.5065937837522,269.12261586094564,239.2499629124757,271.38731524523354,221.24699392920013,251.70978119358531,265.3880005770177
7158,189.68987349261818,220.8045758346928,209.01514209393747,239.53042745042058,269.15932359564545,239.28333925209162,271.42336916837667,221.27677692084131,251.7427508333722,265.4232693197421
7159,189.71596515489114,220.83762161503242,209.04562227187498,239.55431121577072,269.19602679495154,239.3167120019995,271.4594230812805,221.30655975679525,251.7757186881791,265.4585380614184
7160,189.74205595299279,220.8706719579068,209.07610637264676,239.57821582442898,269.2327289627036,239.35008811888812,271.4954768880781,221.3363455510239,251.80868744100158,265.4938067961902
7161,189.7681418138954,220.9037360927665,209.10657441157102,239.6021331200314,269.26943161600656,239.38346753670533,271.5315306163985,221.36613212618516,251.84165940156288,265.52907553051125
7162,189.79422745744594,220.9368217825798,209.13702897196384,239.6260648318433,269.30613301638493,239.41684783343695,271.56758437636915,221.3959182038382,251.87463345038506,265.564344174175
7163,189.8203187274296,220.96991468586918,209.1674855849902,239.64999974733456,269.3428324576268,239.4502137186841,271.6036382269763,221.42570207568886,251.9076078701181,265.59961277411554
7164,189.84641311056765,221.00300870883834,209.1979245567144,239.67395994270268,269.3795290499581,239.48358054333562,271.6396920951339,221.455484754176,251.94058386072572,265.6348813464173
7165,189.8725096622795,221.0360999377623,209.22835347870773,239.69794438147045,269.4162229425646,239.5169475760005,271.6757459320801,221.4852634811857,251.97356041126585,265.67014989932886
7166,189.89859624029455,221.06919228412448,209.25878167054537,239.72194715962743,269.4529168720826,239.5503115752105,271.7117997591574,221.51504073423524,252.00653578455672,265.70541847689555
7167,189.92468460982153,221.10228612940173,209.289203117592,239.7459024115143,269.48961031433294,239.58366326974703,271.7478536111448,221.54481821455983,252.03951210370846,265.74068706410173
7168,189.95077706869574,221.13538399944136,209.31963133831943,239.76987166923362,269.52630559578245,239.61702259644832,271.7839074557525,221.5745957704798,252.07248873009888,265.7759556314328
7169,189.9768764595216,221.16848276902343,209.35006107872331,239.79382653993815,269.56300692962094,239.65038728347935,271.81996120123785,221.60437416319704,252.1054655162331,265.811224187469
7170,190.00298055399946,221.2015642404945,209.38048332828419,239.81779177679357,269.5997094845745,239.68375258125903,271.85601499044816,221.63415551733453,252.1384435690393,265.84649276159377
7171,190.0290863807805,221.2346409856758,209.41090542197387,239.84173073920968,269.63640754123827,239.71710997511872,271.8920688127201,221.66393843871117,252.17142203440756,265.88176133549456
7172,190.05519098666613,221.2677196660565,209.441320063622,239.8656514607631,269.6731085506746,239.75045478465591,271.92812264184306,221.69372156432837,252.2044016700931,265.9170298768548
7173,190.08128982244762,221.3007983799519,209.47175090359246,239.88954134433592,269.70981797180775,239.78380179712065,271.96417645686256,221.7235045972316,252.2373830414149,265.9522984211126
7174,190.10738388359715,221.33387772003198,209.5021889450406,239.91343182305275,269.74652921276896,239.81715114068564,272.0002302285487,221.75328491882317,252.2703648318003,265.9875670164161
7175,190.1334686023048,221.36697075475934,209.53260038499545,239.93734452862046,269.78324043399004,239.85049652086246,272.0362840064615,221.78306363158805,252.30334539845649,266.02283562135796
7176,190.15955074362245,221.40006747859192,209.56298460527557,239.96126359657367,269.8199517433172,239.88383954084577,272.0723378189209,221.81284404959663,252.33632599362,266.05810419082815
7177,190.1856355135971,221.4331593872058,209.59336882776725,239.98518526357608,269.85666352040266,239.9171844448704,272.1083917408994,221.8426285064902,252.3693073859916,266.093372780673
7178,190.21171667248146,221.4662453537486,209.62375511049152,240.00910309402227,269.8933775386248,239.95053027702932,272.1444457207368,221.87241504410554,252.4022897680886,266.1286413818713
7179,190.23780355442793,221.49933497501206,209.65414473185973,240.0330352509944,269.9300936026075,239.98387962584076,272.18049976946884,221.90220505465865,252.43527222632258,266.1639099914745
7180,190.26389383404333,221.53242108429887,209.68453623386327,240.05698204029886,269.96681086913526,240.0172309779121,272.2165538345523,221.93199714422005,252.4682550133443,266.1991786198332
7181,190.28998169219463,221.56551655718516,209.71492634712416,240.08095110365593,270.0035297904583,240.0505828502484,272.2526078787313,221.96179117474753,252.50123800213117,266.2344472489808
7182,190.3160705190905,221.5986333051862,209.7453013717785,240.10493472562516,270.0402499727044,240.0839347956221,272.2886619236799,221.99158585109754,252.5342208743366,266.26971582932975
7183,190.34216172578152,221.63175470549393,209.77568055006824,240.12896311291712,270.0769710064958,240.11727714719763,272.3247161167399,222.02138211566216,252.56720316928173,266.3049844136637
7184,190.36825549385503,221.664882319883,209.80607053237324,240.15301635564282,270.1136963088371,240.15061851736164,272.36077036109083,222.0511793152355,252.60018397079625,266.340252980745
7185,190.39435055813584,221.69801602632913,209.83646605876422,240.17705855263978,270.15042237336377,240.18396041288378,272.39682467230034,222.08097332735844,252.6331648405292,266.3755214956192
7186,190.42044328399678,221.73112931863966,209.86686304891376,240.20113093977056,270.18714364672127,240.21730685255588,272.4328790045309,222.1107654882229,252.6661455132623,266.41079000202654
7187,190.44654124616608,221.7642568859587,209.8972508785058,240.22522683961049,270.2238655523672,240.2506595030891,272.4689334199735,222.14055805502576,252.69912582860016,266.44605852956903
7188,190.47265188927472,221.79738868294316,209.92763959549512,240.2492701660295,270.2605887204796,240.28402398597487,272.504987851062,222.17034984928821,252.73210564117295,266.4813270826978
7189,190.49876759574428,221.83051698030698,209.95802624484804,240.27329895931632,270.29731238861575,240.31739307360698,272.54104216163887,222.20014057998716,252.76508409690837,266.51659564150543
7190,190.52488443497487,221.8636182510582,209.98840317100397,240.2972822122406,270.3340359048549,240.35076258025407,272.5770963781845,222.2299328602756,252.79806427618894,266.55186423770516
7191,190.55099565252138,221.89670570232735,210.01879001168948,240.32124329528273,270.3707625066585,240.3841320700218,272.61315060128874,222.25972561745817,252.831044988806,266.5871328459796
7192,190.5771061194785,221.9297887123742,210.04919811269303,240.34521606685362,270.4074945824918,240.4175039785718,272.64920482009916,222.28951869798357,252.86402413511817,266.62240142231343
7193,190.60321283080825,221.9628738860611,210.07961849416668,240.36919427307262,270.44422817499105,240.45087700513332,272.68525907776996,222.31931369929055,252.89700323905663,266.6576700123214
7194,190.62931573761838,221.99595853165934,210.1100543193238,240.39317424105482,270.4809622964797,240.48424877810294,272.72131334009,222.34910981003554,252.92998024347318,266.6929386643531
7195,190.65540507851662,222.02905378439038,210.14049834541072,240.4171571480411,270.517695965618,240.51761746736273,272.7573675571174,222.3789076186611,252.96295589203822,266.7282073385135
7196,190.6814815897427,222.06215258783152,210.1709443004429,240.44112709283925,270.55442568520317,240.5509892605892,272.79342182297825,222.4087077050437,252.99593171403146,266.7634760145637
7197,190.70755716343328,222.09524157531078,210.20137446046357,240.46507036411572,270.5911570867913,240.58436231883798,272.8294760946214,222.43851020984854,253.02890748213582,266.79874469028704
7198,190.73363307083773,222.1283159101293,210.2317924433937,240.48901231341236,270.6278886924415,240.61773546845117,272.86553031991116,222.46831465888434,253.0618813203141,266.83401336528823
7199,190.7597131782201,222.16138327337882,210.2621796648313,240.51291488380062,270.66461990435914,240.65111288907207,272.90158450299606,222.49811973632148,253.09485469778738,266.86928203330086
7200,190.78578165584872,222.19442781413184,210.2925647597726,240.53680025615282,270.7013535774782,240.68449229457283,272.93763857991763,222.5279246212029,253.1278272353222,266.9045507050426
7201,190.811843616637,222.22745084976643,210.32295234565427,240.56070653352828,270.7380872728888,240.71787710506666,272.9736927499912,222.55773058162416,253.16079899906953,266.93981936286974
7202,190.83790841209728,222.2604671452362,210.35333233701073,240.58463767505324,270.77481480596913,240.75126345357617,273.00974697781373,222.5875356672158,253.19376862170958,266.9750880098246
7203,190.86397457566366,222.29346995289242,210.3837064418905,240.60861640158907,270.8115426412835,240.7846504332031,273.045801231257,222.61734162012962,253.22673674266872,267.0103566004787
7204,190.89003886271547,222.3264573266097,210.41408170854652,240.6326182905763,270.848273192249,240.81804863065733,273.0818554791948,222.6471462724599,253.25970520356657,267.0456251525856
7205,190.9160979932789,222.35945044849456,210.44445014315926,240.65662172472804,270.88500518713903,240.85145257771165,273.11790961054567,222.676949025458,253.29267258472657,267.08089369352115
7206,190.9421399208578,222.39246386724844,210.4748006077849,240.68063093244828,270.9217371076881,240.884865500264,273.1539637391732,222.7067524860924,253.32564001105644,267.11616219978254
7207,190.96817816656724,222.42548645778712,210.50514277710195,240.70464899068827,270.9584660845624,240.91828391220648,273.19001783386403,222.73655631748397,253.3586056562244,267.15143073213983
7208,190.99421723783942,222.4585127985707,210.53548677958986,240.72864447256083,270.9951939993129,240.9517106471416,273.2260720759087,222.76636020804528,253.391571234262,267.18669931205625
7209,191.02025700407393,222.4915397457959,210.56582031991593,240.7526049980859,271.03192193488593,240.98513972142004,273.26212648063915,222.79616365217052,253.42453650577414,267.22196793490684
7210,191.04629021404926,222.52455415051963,210.59615793463115,240.77657339222725,271.068649702282,241.0185687601803,273.2981809154901,222.82596382182112,253.45750094714248,267.25723656369786
7211,191.07232831195466,222.55755054258853,210.62650638236764,240.80054943695941,271.1053804829798,241.05199926695664,273.3342352753918,222.85576477282743,253.49046771794286,267.2925051407203
7212,191.0983680677348,222.5905456622948,210.6568601402607,240.82453073482918,271.1421170827611,241.08543139228152,273.3702896353129,222.88556747952896,253.52343700624021,267.3277737667998
7213,191.1244071741741,222.62355657335777,210.6872236610855,240.84851346967156,271.1788584434584,241.1188702401244,273.40634398442387,222.91537133289611,253.55640688178408,267.363042406646
7214,191.15044666172713,222.65658216084532,210.71759088420018,240.87249628384012,271.21560180065404,241.15231056101445,273.4423984020849,222.94517549271248,253.58937653374733,267.3983110210119
7215,191.176486992184,222.68961126982109,210.74796053319932,240.8964638256559,271.252345060864,241.18574274747706,273.47845288672227,222.97497968790134,253.62234631102143,267.43357957053894
7216,191.2025309058537,222.72264609023293,210.77833766280708,240.9204353464164,271.28908935812353,241.2191753567089,273.5145073758314,223.0047839271917,253.65531473454502,267.4688481046091
7217,191.2285766007682,222.75568564645545,210.80871728759726,240.94439427885118,271.3258367253803,241.25261414587618,273.5505617549202,223.03458903735057,253.68828354564383,267.50411664014905
7218,191.25462667686625,222.78872523976045,210.83908402500919,240.9683579479587,271.36259128211367,241.28605399474583,273.58661613217686,223.06439459168388,253.72125415967895,267.5393851784382
7219,191.2806807243632,222.8217576989825,210.8694540426837,240.99234547688042,271.3993566203844,241.31948736639143,273.62267057449907,223.09420067409812,253.7542271243218,267.57465372244616
7220,191.30672799161871,222.85479364699978,210.8998237794145,241.01634762693232,271.4361242945047,241.35291871734916,273.65872502725864,223.12400832007037,253.78720137403425,267.60992231931493
7221,191.33277299295085,222.8878195593791,210.93018372339338,241.04033280829827,271.47289262983867,241.38635266727468,273.69477949956047,223.15381617960128,253.82017584729533,267.6451909275493
7222,191.35881263752873,222.92083440416891,210.96054985166316,241.06432158725914,271.50966578569313,241.4197870732958,273.7308339773717,223.18362372308272,253.85314994896822,267.6804594943121
7223,191.38484857307296,222.95385067356835,210.99092099526632,241.08831493513804,271.5464398794377,241.45321996152478,273.7668885624648,223.21343179974852,253.88612150491787,267.7157280670892
7224,191.41087623093952,222.98687080948307,211.02129365028532,241.112329168708,271.58321199555195,241.48664515897408,273.80294318399456,223.2432402256712,253.91909305451165,267.75099667209076
7225,191.4369063998086,223.01987453742413,211.05166551872932,241.1363559482919,271.61998494085066,241.52007110683277,273.8389977767943,223.2730488116916,253.9520630249465,267.7862653187849
7226,191.4629369952007,223.05288058727785,211.08204017789203,241.16037645971323,271.6567578699987,241.55349728675546,273.8750523685592,223.30285531825552,253.98503105664935,267.8215339746506
7227,191.48896700404885,223.08589498278909,211.1123979253958,241.18439288107476,271.6935296920601,241.5869215538757,273.9111069086511,223.33266231930097,254.01800098156858,267.85680261528626
7228,191.51499785329,223.1189193046621,211.14276057417894,241.20842841511592,271.7303017072131,241.6203371773384,273.9471613227996,223.36246357843146,254.05097154285656,267.89207127238393
7229,191.54102409506189,223.1519583306448,211.17312910060986,241.23248033919117,271.7670703734469,241.65375733894928,273.9832156833618,223.39226563450373,254.08394374550124,267.92733993239034
7230,191.56705060685047,223.18501472639554,211.20350593665515,241.2565684144719,271.8038362904726,241.68717868381262,274.01926998068575,223.4220681696019,254.11691662955667,267.9626086690105
7231,191.59307871624148,223.21807551069404,211.23389078606098,241.28070247530331,271.8406049102492,241.72059064843367,274.05532417513746,223.4518708096102,254.14988902005447,267.99787746470594
7232,191.61910889905448,223.25114333702803,211.26427734379183,241.30487137665494,271.877375488037,241.7540079606543,274.091378285768,223.4816723056363,254.18286050966637,268.0331462669562
7233,191.64514290314443,223.28421719319712,211.2946569840437,241.32905119809502,271.91414595573457,241.78742707079766,274.127432419802,223.51147426466287,254.21582969450648,268.06841500188057
7234,191.67118274339418,223.31730606971647,211.32503147074823,241.35322941316892,271.95091169584344,241.82084541388872,274.16348655919484,223.54127725510108,254.24879736144587,268.1036836670451
7235,191.69722508481075,223.35041697411302,211.35540509145525,241.37739278069967,271.98767639833534,241.8542565072609,274.199540690893,223.57108058505924,254.28176465354218,268.13895227756916
7236,191.72326508844122,223.38354582268303,211.3857845257735,241.40152655468947,272.0244426301705,241.88766425134924,274.23559481015377,223.6008835008008,254.31473202590126,268.1742208659415
7237,191.74930058972492,223.41667868117509,211.41616926835772,241.42566163616627,272.0612087846253,241.92107097813224,274.2716488799668,223.6306822307869,254.3476985660306,268.2094894360954
7238,191.77533754986496,223.4498092088877,211.4465442732635,241.44982488121633,272.09797434002786,241.95446845543373,274.3077029690421,223.6604797619419,254.3806647829099,268.2447580369592
7239,191.80137238915864,223.48294096245036,211.47690655521404,241.47400381935776,272.1347406690729,241.98786411955436,274.3437570605169,223.69027750115524,254.41363110929228,268.28002665076696
7240,191.82741022383073,223.51607499799746,211.50727400825545,241.49821059421407,272.17150439128375,242.02126688771142,274.37981112853004,223.72007616727268,254.44659654287221,268.3152952556016
7241,191.85344518958036,223.5492095317913,211.53765519935857,241.5224343808027,272.20826654469516,242.05467273402883,274.41586517256803,223.74987463152675,254.47956300889118,268.35056383207905
7242,191.87948915200488,223.58233338435338,211.56804238761833,241.54667020517337,272.2450366731494,242.08807851750112,274.4519192556173,223.77967170370508,254.51253104712805,268.3858323738967
7243,191.90553749801398,223.615456691418,211.59839615742104,241.5709142297203,272.2818103846299,242.12146722284186,274.4879733431872,223.80947480928197,254.54550004285903,268.42110086214547
7244,191.93158218145962,223.6485946648098,211.62874665096663,241.5951413318489,272.31858535330804,242.15485415265044,274.52402739596823,223.83928028820023,254.57847012811442,268.4563693270682
7245,191.9576314381579,223.68174162540376,211.65909867629458,241.61937411565228,272.35536045599486,242.18823651177578,274.56008141458346,223.8690842167547,254.6114415793414,268.49163775615847
7246,191.9836825473873,223.71488927072636,211.68943896745697,241.64361676891988,272.3921359530907,242.22162129050454,274.59613546884947,223.89888427649842,254.64441335310664,268.52690612141544
7247,192.00973420300684,223.7480087220695,211.71977582373088,241.66786978648642,272.42891184431323,242.2550068602766,274.6321896192401,223.9286838600176,254.67738291089486,268.5621744474054
7248,192.03578439693464,223.78111176042867,211.7501209056259,241.69209081037843,272.4656886547079,242.28839426196157,274.6682439703812,223.9584851370843,254.71035141479499,268.5974427856187
7249,192.06183655652768,223.81421484570944,211.7804713100985,241.7162909834518,272.50246607118817,242.32178640374346,274.70429837456317,223.9882838335752,254.74331942861042,268.63271113114
7250,192.08789091322137,223.84729879278393,211.81082367282798,241.74045527193866,272.5392430357361,242.35518172864025,274.7403528229881,224.0180828320765,254.77628567245563,268.6679794935687
7251,192.11394182654664,223.88038715287757,211.84116086932912,241.76462516113193,272.5760168373869,242.38858740839424,274.7764072901984,224.04787784313754,254.80925011130583,268.7032478813579
7252,192.14000050019064,223.91348762874838,211.8715020867082,241.7888262387975,272.612790398325,242.42199624973088,274.812461808626,224.07767306250526,254.84221436725502,268.7385162804682
7253,192.16607290187625,223.94659070600824,211.90185963477586,241.81307583683287,272.64956482313715,242.45540351007486,274.8485164377525,224.10746803439974,254.87517868727585,268.77378467847296
7254,192.19215433600766,223.97969593249096,211.93223080402404,241.83734353290305,272.6863426298499,242.48880831283512,274.8845710948736,224.1372637919217,254.90814356889902,268.80905307143234
7255,192.2182428344892,224.01280365625334,211.96260560498226,241.86161132603144,272.72312641757037,242.52220596420364,274.9206257952639,224.16705970489193,254.94110904131568,268.844321474969
7256,192.24433371301808,224.0459020604414,211.99296836823518,241.88589702333837,272.7599124836748,242.55559835764524,274.95668060000764,224.1968547872473,254.97407387318376,268.87958983935215
7257,192.27042649408207,224.0789909335334,212.02333286605023,241.91019263223177,272.79669894725,242.58897353063796,274.99273548163876,224.22665088731705,255.00703902964278,268.91485819837646
7258,192.30279195856446,224.11376253462734,212.05720195795493,241.9418905976899,272.8333987040491,242.6238350983367,275.02875753754057,224.26032726300258,255.04176979126353,268.9503238137318
7259,192.4203410092026,224.23232216264236,212.17538253211046,242.05915929873788,272.9524477811121,242.74243251232573,275.14771173647796,224.37842689634604,255.1603122666998,269.06917492773664
7260,192.42349318733838,224.24069829002275,212.18194347438387,242.0612953299269,272.96411215898684,242.75079822808527,275.1585404191109,224.3844212146877,255.1690366773099,269.0792853535379
7261,192.44718628371555,224.27105371034986,212.21003580633686,242.08361082746293,272.99851819430944,242.78115595805195,275.19192778143895,224.41179511277744,255.19984118639434,269.11179529287887
7262,192.4729415743765,224.30360649583903,212.24027315001098,242.10796238113195,273.0351923416904,242.81371224912178,275.2275708179881,224.44130618736955,255.23285386173183,269.14654467821447
7263,192.49890707882952,224.3363982085196,212.27070556796838,242.13253045788093,273.07208742436615,242.84648351951822,275.2634389440821,224.4710303505352,255.26608729929862,269.1815168623165
7264,192.52489214677294,224.369221963043,212.30115800673056,242.15713486220557,273.1090054845164,242.879276366286,275.29932900836747,224.50077412631921,255.29934293090213,269.2165114006874
7265,192.55087821400159,224.40205870214876,212.33161503897904,242.18175132704326,273.14592753900956,242.91207124100006,275.3352209504786,224.53051898095597,255.33260051666196,269.2515091300847
7266,192.57686442297418,224.4348987332697,212.36206114887872,242.20635090182466,273.1828555915624,242.94486169560693,275.3711129574737,224.5602641284158,255.36585816276855,269.28650767935113
7267,192.60285190691803,224.46773045673677,212.39251294541432,242.23095015734893,273.2197874808281,242.97765231444737,275.4070046986505,224.5900041593761,255.3991156977429,269.3215071261704
7268,192.6288369001877,224.50054656466503,212.4229580957219,242.2555140446892,273.2567206913017,243.01043645894813,275.4428965940107,224.6197445621944,255.43237346714687,269.35650677089467
7269,192.65482401102122,224.53334502242788,212.45339958175688,242.2800645983804,273.2936585273531,243.04322111670066,275.47878874486145,224.649485753374,255.4656312791094,269.391506037355
7270,192.68081365547903,224.56614591544076,212.48383719593585,242.3046199438753,273.330597567195,243.076007832818,275.5146809616299,224.67922950061006,255.49888869118547,269.42650540237
7271,192.70680475344105,224.59894999306033,212.51427582470473,242.32917827188965,273.3675365766132,243.10880036969195,275.55057351148724,224.70897562681174,255.53214617217674,269.461504367245
7272,192.73278727767715,224.63175896748842,212.54471505184148,242.35372527802738,273.40447785020615,243.14159429247277,275.58646614738177,224.73872241905642,255.56540367481801,269.496502772914
7273,192.75875388264302,224.6645682774225,212.5751365380094,242.37827399551534,273.44141931533926,243.17438555459518,275.6223588569791,224.7684672283793,255.59866152514567,269.53150073829687
7274,192.7847208969276,224.69736809294147,212.60552508799157,242.40283505417682,273.47836060287875,243.20717706027193,275.6582528875157,224.79821216125214,255.63191950316562,269.5664977651015
7275,192.81068505514403,224.7301758563094,212.63590699939985,242.42738488915495,273.5153031351502,243.23996698124128,275.6941473819396,224.82795793710793,255.66517730225755,269.60149500557026
7276,192.83664633911948,224.76298642209053,212.66629916561365,242.45188743997738,273.55224556870616,243.2727542015435,275.7300419507447,224.85770407057765,255.69843493792666,269.6364924299477
7277,192.86260631340866,224.79579715127912,212.6966964261135,242.4763706609449,273.589186493859,243.30554051914697,275.7659371923885,224.88744958985475,255.73169264150584,269.6714897755995
7278,192.88856726184707,224.8285948638826,212.7270916846661,242.50087071936653,273.62613041757083,243.33832489377198,275.80183256205316,224.91719201081787,255.76495065219962,269.7064853041722
7279,192.9145215042442,224.86138043520455,212.75749342412053,242.5253953655149,273.66307829407043,243.37110941755395,275.83772791086534,224.946933789,255.79820896833218,269.7414818226318
7280,192.94047688329812,224.89417802728605,212.78789806283766,242.5499445395584,273.70002897448165,243.4038966021954,275.8736236371092,224.97667709829764,255.83146735063966,269.7764788152067
7281,192.96641869496713,224.92700258349146,212.8182897016968,242.57450670694897,273.7369805091566,243.4366847484482,275.9095198935136,225.0064228302864,255.8647254363813,269.811475807319
7282,192.9923533507469,224.95984943661946,212.84868339002767,242.599065580086,273.77393169139464,243.46947095143784,275.9454162729642,225.03616936811852,255.8979834022871,269.8464726308912
7283,193.01828540818397,224.99270110225706,212.8790764066422,242.62363591754314,273.810879741765,243.5022625721471,275.9813122655466,225.0659161532587,255.93124102165444,269.88146968012296
7284,193.04421892704482,225.0255515874642,212.90945317604059,242.64822269638375,273.84782775339045,243.53505585475222,276.01720770434537,225.09566343393342,255.96449812645994,269.9164690715639
7285,193.0701578419124,225.05837815628172,212.93982671109734,242.67281918114037,273.8847767256086,243.56784873951656,276.05310254652505,225.12540821642486,255.99775540569547,269.951469506347
7286,193.09610590186057,225.09121621162177,212.97021290951932,242.6974103798784,273.9217277114827,243.60064016599065,276.0889975046262,225.15515539099835,256.0310128580534,269.9864703463813
7287,193.12205948524172,225.12406785641994,213.0006065992963,242.72201119590346,273.95868083058417,243.6334348008165,276.12489247423696,225.1849036562011,256.0642703332305,270.021472163941
7288,193.148014877718,225.15692678119433,213.03100487225572,242.7465963563727,273.99563690306195,243.6662302134339,276.1607871510842,225.21465325421335,256.0975274839659,270.05647423485823
7289,193.173966840012,225.18980616828426,213.061416578167,242.7711669201298,274.03259350922934,243.69902233270986,276.19668175400363,225.2444041714743,256.1307846316901,270.09147604586303
7290,193.19992455266723,225.2226917838046,213.09184629148902,242.79574172328248,274.0695504664658,243.73181909662492,276.2325763150617,225.27415553030417,256.1640418124188,270.1264778325479
7291,193.22588937997946,225.2555662350355,213.1222819243679,242.8203275663099,274.10650837268764,243.76462189867058,276.26847113736045,225.3039054625184,256.1972993277364,270.16147867637886
7292,193.25185725352404,225.28843162091255,213.15269981861474,242.84493462610686,274.1434660511257,243.79742632133323,276.30436599389486,225.33365056209234,256.2305569424792,270.196479044783
7293,193.2778268693825,225.3212899752342,213.18310769865036,242.8694894635206,274.18042013637165,243.83022989260124,276.340260217308,225.36339656349654,256.26381437784084,270.23147921063725
7294,193.30378820492137,225.35417308905227,213.21349188739987,242.89405200667136,274.21737029571574,243.863029637679,276.3761538529441,225.39314419534153,256.29707171609476,270.2664783875991
7295,193.32974046245027,225.38707744141425,213.24387981605858,242.91862415399515,274.2543195798454,243.8958211075304,276.41204758857754,225.42289264197922,256.33032902124563,270.30147797334917
7296,193.35569102394106,225.41998632611737,213.27427382524337,242.94318416026843,274.2912629849171,243.928612578729,276.4479409755855,225.4526359753367,256.36358601739704,270.3364776491816
7297,193.38164290702335,225.45288296453546,213.30466965423284,242.96773220456396,274.3282054300294,243.9614042867354,276.4838337091623,225.48237751646215,256.39684284073917,270.37147702220676
7298,193.4075926511473,225.4857817122602,213.33506695471127,242.99227630334238,274.36514982642706,243.99419718826977,276.5197264201368,225.5121221476037,256.4300998142634,270.40647619661934
7299,193.43353603855672,225.51867509398238,213.36547035955763,243.01680112861925,274.40209483849225,244.02699127457677,276.5556193253171,225.54186791862637,256.46335702368134,270.44147616784585
7300,193.45948175424184,225.55156878566112,213.39588018864802,243.04133620016853,274.43903951486504,244.05978361750917,276.5915122339479,225.57160913335974,256.4966145004628,270.4764763366682
7301,193.48542881940995,225.58446204457172,213.42629586236905,243.06583758262016,274.4759835741217,244.09257309949678,276.6274046533751,225.60135145011074,256.5298720433417,270.5114759621341
7302,193.5113795564776,225.61735797578942,213.45672105116137,243.09033849932044,274.512929426405,244.12536704455715,276.6632971055248,225.63109545769672,256.56312944230166,270.5464759216236
7303,193.53733238760498,225.65024276046483,213.48715770293137,243.1148411416104,274.54988106363,244.1581618956962,276.6991893399325,225.66084017885143,256.5963868118863,270.5814765271362
7304,193.56327698467038,225.68314679828367,213.51762881083118,243.13936325182735,274.5868368366928,244.19095606412773,276.7350817198302,225.69058193920958,256.62964426368484,270.61647755996233
7305,193.58922352458185,225.71605685959742,213.54811594673026,243.16390365149323,274.623796645083,244.22375154574897,276.7709742768156,225.72032414676414,256.6629017255776,270.6514786642265
7306,193.61517179891783,225.74896717683933,213.57860501208265,243.18845640888185,274.6607602121785,244.25654454811797,276.80686744588814,225.75006342874758,256.69615912557197,270.6864793630666
7307,193.64111664005023,225.78188190287716,213.60909650555982,243.2130363849996,274.69772443382857,244.28933808674202,276.84276076324323,225.7798038740242,256.72941654713003,270.72147982294155
7308,193.6670573334988,225.81477791195476,213.63959231740142,243.2376283205006,274.7346885399591,244.32213163541067,276.8786540236047,225.80954471028267,256.7626737741252,270.7564782596638
7309,193.692999378446,225.8476593853335,213.6700853388873,243.26222383263652,274.77165602902056,244.35492413016252,276.91454760281596,225.83927912593592,256.7959308757717,270.7914761992834
7310,193.71893547188296,225.8805431624125,213.70057243627548,243.28681348927674,274.80862717663257,244.38771799338173,276.9504415498552,225.86901326135757,256.8291881291572,270.8264735439998
7311,193.74487107734024,225.91343937829666,213.73105524042782,243.31142136498838,274.8456031764998,244.42050838637303,276.98633552898133,225.89874455614734,256.8624454241793,270.8614709400788
7312,193.77080904241134,225.9463493645113,213.7615374560657,243.336039054093,274.882583493849,244.45329751628546,277.0222294588834,225.9284772427783,256.89570234035966,270.8964686092271
7313,193.7967470805233,225.97927314737507,213.792029092659,243.3606342255,274.91956809719153,244.4860825256767,277.0581235837532,225.9582126721375,256.9289588711334,270.93146623070277
7314,193.82268627268866,226.01220054101537,213.8225243804963,243.38523072023182,274.9565535680352,244.51886387491174,277.0940176342156,225.9879516573897,256.96221540968287,270.96646272274666
7315,193.84862395422792,226.04511461128075,213.85301150551805,243.4098383100974,274.99353758074983,244.55164656458206,277.1299117197526,226.0176918245686,256.9954719905348,271.00145964312037
7316,193.8745518597256,226.0780390177253,213.8835013473547,243.43446488319415,275.03052060583116,244.58443015063145,277.16580639443805,226.04742929296563,257.02872888701694,271.03645739120367
7317,193.90047615654393,226.1109796313537,213.913979850491,243.4591034233294,275.06750441611007,244.61721415713842,277.20170180493835,226.0771608009859,257.0619861167339,271.0714557646702
7318,193.926396823706,226.14392285381598,213.9444467597021,243.483726319623,275.10449039338783,244.64999278721075,277.2375980222687,226.10688639967714,257.0952435845957,271.1064547589147
7319,193.95231816330102,226.1768437559896,213.97486943292185,243.5083592171935,275.1414805105787,244.6827657096844,277.2734946615904,226.13661188318972,257.12850110008816,271.1414548627101
7320,193.97823983867488,226.20973908622273,214.00529798655427,243.53296991954778,275.1784727585042,244.71553395162368,277.30939132241093,226.1663375365044,257.1617583237543,271.1764557788071
7321,194.004164945508,226.2426060769399,214.03573083226752,243.55756779085277,275.2154666219307,244.74830294924314,277.3452877942261,226.19606245833455,257.1950155195127,271.21145683978733
7322,194.03007806562604,226.27549422962753,214.0661649217582,243.58216915759266,275.2524604419411,244.78106569686094,277.38118451149774,226.22578405826337,257.22827226689844,271.2464576309537
7323,194.05599196609677,226.30839168798613,214.0965993092366,243.60677088416395,275.289453300119,244.81383048368437,277.4170818847842,226.25550393880556,257.26152923666285,271.2814591989432
7324,194.0819058699519,226.34126513496696,214.12703973397225,243.63137726981907,275.3264467646187,244.84659708306648,277.45297982860353,226.2852240985317,257.2947862888451,271.3164619470418
7325,194.1078218559327,226.37415836865313,214.1574902390888,243.65599107744535,275.36343746129626,244.87936405285808,277.48887823311554,226.31494362000112,257.3280431049222,271.35146492873184
7326,194.13374420428744,226.40707118773875,214.1879472343283,243.68058202847845,275.40043123962477,244.91213445762804,277.5247769181918,226.34466195926777,257.36129952325285,271.38646810394096
7327,194.15966959381933,226.44001361864372,214.2184057952602,243.70514237304567,275.4374280431954,244.94491175221341,277.5606761570861,226.3743791695567,257.39455580058285,271.42147232576707
7328,194.1855936474076,226.47296430169743,214.2488652276843,243.729704869746,275.47442475395826,244.9776961982204,277.5965755251368,226.40409286735598,257.4278120192635,271.4564767210203
7329,194.21151702709767,226.50589150181375,214.27930934058426,243.7542672004458,275.5114202458234,245.01048249011768,277.6324745310784,226.4338061086071,257.46106836011427,271.4914802529539
7330,194.2374452200635,226.53881442010677,214.30975587622976,243.77881334653085,275.5484179398249,245.04327182737896,277.6683725650608,226.46351560175458,257.4943247932116,271.52648444510345
7331,194.263376301434,226.57172618967925,214.34018503693198,243.80333802079682,275.58541586971285,245.07606258263456,277.7042699203988,226.49322250634566,257.5275815388287,271.56148939087973
7332,194.2893027539588,226.60464162505252,214.3706053368385,243.82789076255932,275.6224156121159,245.10885339647254,277.74016688384523,226.5229259244393,257.56083838079957,271.59649461626356
7333,194.3152118999648,226.63756144484492,214.4010142381268,243.85247195002142,275.6594163310011,245.14164032860435,277.77606351310214,226.55262980652594,257.5940951982058,271.6314998447383
7334,194.34111869152161,226.67047575664108,214.4314252056106,243.87707226773054,275.6964212193609,245.17442787514855,277.8119597852676,226.58232629535533,257.62735246723173,271.6665052227035
7335,194.36703147707942,226.7034040170361,214.46181955704284,243.9016116461449,275.7334288555664,245.20721713517867,277.8478554195269,226.6120249943603,257.660609933192,271.70151109315856
7336,194.3929469768888,226.7363435498703,214.49221280577095,243.92616150424564,275.77043918059434,245.2400061178785,277.88375106608754,226.64172460067633,257.6938674138205,271.73651701921796
7337,194.41886195935206,226.7693015209871,214.52261690675462,243.95072426383584,275.80744963806114,245.27279217755097,277.91964674762,226.67142365446946,257.72712471634986,271.77152263598856
7338,194.444779538005,226.8022648505359,214.5530248874765,243.9752927755308,275.84445519597443,245.30557850325752,277.95554248358786,226.70112309934103,257.7603816122725,271.8065285158221
7339,194.47069876719212,226.8352296343344,214.58342561699854,243.99985088192022,275.8814602883742,245.33836328110672,277.991438222562,226.73081975476745,257.7936382356457,271.84153561580285
7340,194.49661538209799,226.86819721457596,214.61382691000887,244.0244007850054,275.91846158896,245.37114802557468,278.0273334167508,226.7605204853608,257.8268946866701,271.8765432208844
7341,194.52252544004625,226.90114640936162,214.64421986694893,244.04896095283084,275.955460998659,245.40393282061893,278.06322858098054,226.79022320151174,257.86015122200865,271.911551225415
7342,194.5484349248783,226.9341014303446,214.67460118457964,244.07351245827917,275.99245924881757,245.43671494260025,278.0991232887171,226.81992615319868,257.893407761391,271.9465593215341
7343,194.57433404350874,226.96705791167057,214.70498881861656,244.09807589107706,276.02945255833913,245.4694997390742,278.1350178272737,226.84963045584945,257.9266638697811,271.9815671901777
7344,194.60023459563044,227.00001432606845,214.7353863902529,244.122590195039,276.066447971177,245.50228975815293,278.17091141135114,226.87933578654426,257.95991999655024,272.0165756537288
7345,194.62613026291592,227.0329721968821,214.7657874307817,244.147095082905,276.1034474521291,245.53508513230435,278.2068044781319,226.90903970023535,257.99317612803935,272.0515847739055
7346,194.65201562806482,227.06591221255556,214.79618976440338,244.17160073683633,276.1404512451984,245.56788180576726,278.24269667618864,226.93874515717067,258.02643230052706,272.0865940151202
7347,194.67790189780544,227.09885793835576,214.82659604189112,244.1961092598247,276.17745819267816,245.60067794789924,278.27858803436624,226.96845242286687,258.05968847674706,272.1216041511667
7348,194.7037891052973,227.13179478286514,214.8569897244699,244.22060296365095,276.21446560295834,245.63347380324356,278.3144795194321,226.99816020147256,258.0929442752347,272.1566155435521
7349,194.7296768865884,227.16473953715652,214.88738760626384,244.24509140045987,276.2514728886941,245.66627234733724,278.3503709808019,227.02786589475954,258.12619976065713,272.1916271982974
7350,194.7555683913771,227.19768620580712,214.91778772878678,244.26956400294011,276.28848679634444,245.69907256619635,278.38626290794423,227.05756600662957,258.15945537207443,272.22663856996843
7351,194.78146396429307,227.23060873114446,214.9481708966863,244.29404349656596,276.3255018606416,245.7318753690158,278.42215490093264,227.0872636994793,258.19271142836675,272.26165112257274
7352,194.80736092572943,227.26352084668818,214.97857110845143,244.31850378189242,276.362510525162,245.764683137594,278.45804637518694,227.11696212693136,258.22596783539694,272.29666444581017
7353,194.83325785937842,227.29641324774724,215.00898964389495,244.34291662153856,276.399517308274,245.79749227908982,278.4939372468632,227.14666078407993,258.25922453695586,272.33167893217717
7354,194.8591556778488,227.3293087883007,215.03941362796732,244.3673184207472,276.4365206845507,245.8302995461375,278.5298278701503,227.17635956838936,258.29248135240056,272.3666944016407
7355,194.88505540491224,227.36221779948372,215.06984031236172,244.39173808167197,276.47352407625056,245.86310771930962,278.56571854841854,227.20605561097543,258.3257381816876,272.4017107496046
7356,194.9109580852153,227.39513107500656,215.10026809202793,244.41616987459713,276.5105310745241,245.8959123384679,278.601608530934,227.23574943089505,258.35899504515316,272.43672749801004
7357,194.93685816809855,227.42803930406293,215.13069199249648,244.44060912334717,276.5475393069503,245.92871713998647,278.63749878587186,227.2654435664222,258.3922520360951,272.4717447437535
7358,194.96275128192033,227.46095358235723,215.1611036342122,244.46501930459948,276.5845484284934,245.96152120991664,278.6733894426732,227.29513506202844,258.425509244315,272.5067620993277
7359,194.98864036186419,227.49386890214294,215.19150770811018,244.48942798860506,276.6215581520904,245.99432600559,278.7092803977489,227.32482709089513,258.45876650774613,272.5417789856516
7360,195.01452580838549,227.5267935587885,215.22191281558912,244.51381999108122,276.6585676982218,246.02713034721938,278.74517138658854,227.35452003672026,258.49202355612937,272.57679549268886
7361,195.0404040628353,227.5597219009092,215.25233441954475,244.53825627418092,276.6955774020247,246.0599364359463,278.78106186830547,227.38421727501316,258.52528044906904,272.61181097819434
7362,195.06627920387595,227.5926284992919,215.28276899367114,244.56271742201932,276.7325874185508,246.0927430235282,278.81695247720205,227.41391611733883,258.55853745079554,272.6468254894564
7363,195.09215770181072,227.6255240449716,215.31320983780134,244.58714916943626,276.76959841409877,246.1255500210502,278.8528436661363,227.44361469113997,258.5917944044844,272.6818394202381
7364,195.1180373569332,227.6584117272876,215.34365234084095,244.61155174105642,276.8066120052179,246.15835982346695,278.88873491835614,227.4733145136952,258.6250507964749,272.71685265663086
7365,195.1439148595074,227.69128486640744,215.37409211779715,244.63596018453663,276.8436270253345,246.19117475036177,278.9246256272421,227.5030165664893,258.6583066022782,272.75186599126926
7366,195.16979472392464,227.72417256511216,215.40453085304998,244.66035185598426,276.8806438313496,246.22399099528883,278.96051635075384,227.53271935029719,258.69156224490536,272.78687858481356
7367,195.19567437208534,227.757076569806,215.4349674667093,244.68473140340686,276.9176656965846,246.2568020540198,278.9964068336073,227.56242182527066,258.7248179422637,272.82189074224686
7368,195.22155653141866,227.78998668274178,215.4654085660743,244.70905548638157,276.95468872936925,246.2896134860201,279.03229746261104,227.59212430166602,258.75807340910023,272.85690265224264
7369,195.2474384054095,227.822899947361,215.4958374983052,244.73332044864014,276.9917094748627,246.3224245649839,279.0681880307767,227.62182696249718,258.79132887615117,272.89191455231486
7370,195.27331980499997,227.85581383481733,215.52626020327625,244.75757231749657,277.02872481653594,246.35523526271072,279.1040786031513,227.65152900482357,258.82458446618205,272.9269261531215
7371,195.29920363185312,227.8887239256123,215.5566870708818,244.7818222752554,277.0657376323248,246.38804677274675,279.13996873196635,227.6812307621003,258.85784007708224,272.96193699926
7372,195.32508474631,227.92164137605047,215.58712843844563,244.80608864840465,277.10274800996,246.42085943168948,279.17585761896277,227.71093229437392,258.8910957793431,272.9969468804266
7373,195.35096813880494,227.9545612604453,215.61757340798934,244.8303744652707,277.13976620389667,246.4536752666082,279.2117470505982,227.74063421774272,258.9243515221192,273.0319559630321
7374,195.37685397863902,227.98747919423087,215.64801610378362,244.85463124417393,277.176786356992,246.48649352817145,279.24763687705627,227.77033664136448,258.957607079686,273.06696400349466
7375,195.40274094499947,228.020379351608,215.67846130639998,244.87889743289702,277.2138048108383,246.5193124629969,279.2835267182162,227.80003883512728,258.99086216295126,273.1019730340853
7376,195.4286260353675,228.05328082344428,215.7089080649758,244.90314711936176,277.25082336098296,246.55212926700912,279.3194158126755,227.8297408723586,259.0241171676753,273.1369826641331
7377,195.45449859758725,228.0861617479,215.73934881647128,244.92736929950527,277.2878409271811,246.5849457116706,279.3553040518388,227.8594435170443,259.05737220577447,273.1719923997004
7378,195.4803670169612,228.1190505565267,215.76978526300792,244.9515769886479,277.32486086675607,246.61776551572862,279.3911923273498,227.88914655765893,259.09062737072026,273.2070019610796
7379,195.51265547020768,228.1537573566637,215.80367982565755,244.9832482560989,277.3617762367018,246.6524493607748,279.42705911486763,227.92278979116045,259.12545204318513,273.24238589444735
7380,195.63017217612673,228.27228976827678,215.92187109752595,245.10050574398386,277.48085549960535,246.77097213124975,279.54599157623124,228.04087550478664,259.24403396117594,273.3612027020174
7381,195.63309914826584,228.2802803553812,215.92810827874757,245.10228020751626,277.4926703241983,246.7792063548763,279.5567253421469,228.0466456071209,259.2526904114376,273.37089024350047
7382,195.65648763119287,228.31017228918714,215.9557826470403,245.12411689156806,277.5272602319216,246.80940191275084,279.589998129975,228.07373267390935,259.28340911872607,273.40287974618394
7383,195.68192732356732,228.34225425930225,215.98560311375678,245.1479584978218,277.5641246683919,246.8417960876094,279.6255246826211,228.10295151452718,259.3163345399866,273.4371012349863
7384,195.70757852947355,228.37456607972257,216.01564915995039,245.17199499701292,277.6012109552669,246.87440987587783,279.66127726055976,228.13238390427856,259.3494811251374,273.471545258257
7385,195.73325117201372,228.4068988399697,216.04573285683082,245.1960575334622,277.6383221616318,246.90704203392505,279.69705255319354,228.16183866573002,259.38264958497734,273.50601003191565
7386,195.7589251750665,228.43924680917553,216.07582590783542,245.22014688690484,277.6754383840233,246.93967872424878,279.7328294936661,228.19129653827758,259.4158203210986,273.54047598344425
7387,195.78460108269059,228.47161912029503,216.10592009390538,245.2442478847011,277.71255787456045,246.97231674879112,279.768605955696,228.22075533898789,259.4489912862221,273.5749388575572
7388,195.81028177692374,228.5040017421141,216.1360191800543,245.2683419316797,277.74967923710494,247.00495060125272,279.80438234791234,228.2502150919289,259.482162227343,273.6093959728971
7389,195.83596511895334,228.53639144767368,216.166120870608,245.29246634122651,277.78680060148906,247.0375813238598,279.84015778164525,228.27967520900233,259.5153326710029,273.64385161597437
7390,195.8616492137577,228.56878312487453,216.19621553129144,245.31663093334123,277.82391861848487,247.07021822651626,279.8759332035037,228.3091344321066,259.548503166941,273.67830891459835
7391,195.88733082413486,228.60116232165558,216.22628352718002,245.34080999901624,277.8610327162384,247.10285677598023,279.9117085400276,228.33859081717276,259.58167430122603,273.71276713867985
7392,195.91301300162107,228.63355468063872,216.2563522569235,245.3649787831268,277.8981493848221,247.13549601742824,279.9474845863042,228.36804754552264,259.6148456247292,273.74722444503834
7393,195.9386887726413,228.66595668647508,216.28641640805688,245.38915043665105,277.9352722207693,247.1681354858467,279.98326082416094,228.3975043827753,259.648016753825,273.78168562385713
7394,195.96436180277323,228.69836011502255,216.31647673369673,245.41331282348966,277.97239655266225,247.2007741988519,280.0190381345075,228.42696134936773,259.6811875572349,273.8161482084655
7395,195.99003031750988,228.7307790396284,216.34653547586345,245.43747964634593,278.0095258330226,247.23341434475336,280.0548157770324,228.4564172559322,259.71435851841267,273.8506102065173
7396,196.0156991240361,228.76320394894356,216.37659846714598,245.46158475113916,278.04665634477783,247.2660548127429,280.0905930353114,228.48587260621323,259.7475298925912,273.88506681148306
7397,196.04136995820153,228.7956251729168,216.4066634870921,245.48566943076338,278.08378443638827,247.2986869673195,280.12636893337293,228.5153278574011,259.78070145217714,273.9195190579808
7398,196.06704318920464,228.82804476493172,216.43671719352824,245.5097531493292,278.12090690341523,247.33131013517948,280.1621450964528,228.54478328901712,259.8138728934064,273.95397029872413
7399,196.09271766536529,228.86047767850704,216.4667663308187,245.53384684037243,278.15802723510865,247.36393321309083,280.197921286374,228.57423964941088,259.8470435821436,273.98842244227075
7400,196.11838742771613,228.89292344815289,216.4968044370814,245.5579518592647,278.19514794151485,247.3965517219512,280.23369848000704,228.60369651226793,259.8802142435945,274.02287452026985
7401,196.14405835311774,228.9253719389968,216.52684283157652,245.58201217110133,278.23226666270557,247.42917056400805,280.2694758763175,228.63315108301788,259.91338448796927,274.0573213762903
7402,196.1697246559388,228.95782190669402,216.5568694309577,245.60608710960608,278.26938686479934,247.46179237144864,280.30525135111355,228.66260438876301,259.94655449730664,274.09176839175
7403,196.19539826484854,228.9902740914283,216.58688216231351,245.63017885427118,278.3065078773839,247.49441501611616,280.3410261492243,228.69205710053183,259.97972458906133,274.1262106258254
7404,196.22107535766995,229.02273740172973,216.61688816115435,245.6542585615693,278.3436343007055,247.52703755270323,280.37680182543124,228.72151048599855,260.01289471420085,274.16064922643545
7405,196.24675191569924,229.05520653796538,216.64689398837118,245.67833937604027,278.3807629392931,247.55965690251728,280.412578210272,228.75096424349005,260.04606485594707,274.19508411653345
7406,196.27243212594118,229.08764990096415,216.6768889391847,245.70242913440998,278.41789722513266,247.5922754726794,280.44835470752037,228.78041827981733,260.0792353959911,274.2295185980664
7407,196.29811460998306,229.12010434234358,216.7068809803518,245.7265335292661,278.45503806261434,247.62489080600608,280.48413207241873,228.80987258476853,260.11240605515326,274.2639525169567
7408,196.32379585824998,229.1525634488301,216.7368723643844,245.7506515078329,278.4921830112614,247.65750033917996,280.51990979621803,228.8393244209778,260.145575474709,274.298387939273
7409,196.34947891602337,229.18502282791854,216.7668712727619,245.77477621365054,278.52933485294756,247.6901093789457,280.55568850310516,228.8687765023558,260.17874495536455,274.33282511718056
7410,196.37516282118685,229.21747393614382,216.79688240068333,245.79888923530348,278.5664966377134,247.72271901329583,280.591467516401,228.89822802879522,260.21191516399387,274.36726254283707
7411,196.40084817316912,229.24992760172827,216.8268982392296,245.82299928506103,278.60366028184677,247.75532696477163,280.6272455870994,228.9276806651355,260.2450859369,274.401696300901
7412,196.42653612940407,229.2823814068143,216.8568979620098,245.8471180054344,278.64082095265627,247.78793394006132,280.6630232766088,228.95713425030164,260.27825680829386,274.43613006367315
7413,196.4522304481835,229.3148373938361,216.88689349345753,245.87127630548437,278.6779817708214,247.82054048722594,280.69880129370955,228.9865853389358,260.3114269139707,274.4705645462499
7414,196.47792707524508,229.3472955845219,216.91689456188737,245.89547429327118,278.7151385272687,247.85314826398144,280.73457957419873,229.01603711263672,260.3445980297442,274.5050035110079
7415,196.50362609255401,229.37975555923663,216.94689052078442,245.91969444364454,278.75229522802425,247.88575786655068,280.77035739177563,229.04548926637779,260.3777694765315,274.53944510401914
7416,196.52932765687825,229.4122214685022,216.9768913264736,245.9439223687799,278.789455444172,247.91836610380383,280.80613522208114,229.07493939435795,260.41094091971297,274.5738879344034
7417,196.55503100147044,229.4446901588798,217.00689397633886,245.96814380924255,278.82661726523156,247.95097300741267,280.84191333790824,229.10438831356385,260.444112049096,274.6083308380294
7418,196.5807361962943,229.47717376353614,217.03689705813153,245.99234233306473,278.8637861531519,247.9835811910596,280.8776918816979,229.1338394576065,260.477282884081,274.64276973064705
7419,196.60644176665159,229.50967938993722,217.06688322368674,246.01655372654943,278.9009604028358,248.01618962445693,280.9134708866806,229.16329275305242,260.51045360806194,274.67720734770114
7420,196.63215349930059,229.54219861487678,217.09686701390095,246.04077181831212,278.93813845830243,248.04880034945677,280.9492499057414,229.192746595206,260.54362476845387,274.7116437730019
7421,196.65786912857172,229.574720774327,217.126859321368,246.0649933419627,278.9753173281127,248.0814126729052,280.9850278523054,229.2222000714839,260.57679605454587,274.74608030000525
7422,196.68357893040582,229.60724173718302,217.156871206868,246.08917979498236,279.01250076094146,248.1140229853423,281.02080559945597,229.25165266460598,260.60996782046783,274.7805200835661
7423,196.7092819466885,229.63976497717368,217.18689239617734,246.11336681921398,279.0496865397565,248.14663469484827,281.0565829653938,229.281105857803,260.6431400598379,274.81496115519224
7424,196.73498747404332,229.67230085529977,217.21691541123045,246.1375539804364,279.08687252784233,248.1792473511321,281.09235980659156,229.31055929754075,260.67631243710997,274.84940118248636
7425,196.76068379843787,229.70485108801822,217.24693215511698,246.16174675428155,279.1240573681105,248.21185943488342,281.128136158242,229.34001245322986,260.7094848047318,274.8838402725481
7426,196.786385045965,229.73741858964848,217.27695075812355,246.1859123652388,279.16123939577636,248.24447242487506,281.16391176694975,229.36946566324136,260.74265670587334,274.91827448640703
7427,196.81208923547047,229.76999101580748,217.30697064330627,246.2100661340046,279.1984267940702,248.27708587091348,281.19968746189113,229.3989200567581,260.77582908763,274.9527085273402
7428,196.83778647120937,229.80256240758376,217.33698460060265,246.23424256387474,279.2356152185763,248.30969920862256,281.23546326345456,229.42837608648253,260.80900157180423,274.987139737291
7429,196.86348325592022,229.83512849694299,217.36700101695737,246.25843036192126,279.2728011327039,248.34231508090954,281.27123951709143,229.4578326865114,260.84217379624,275.0215710905002
7430,196.88917938258177,229.86769511689545,217.39701704030242,246.282597860428,279.30998750900636,248.37493478597693,281.3070158333443,229.4872887246944,260.8753457480436,275.0560010351119
7431,196.91487713159196,229.900255581783,217.427017325802,246.3067343074666,279.34717324483626,248.40756142110993,281.34279312088097,229.51674458529035,260.9085174853907,275.09042654013876
7432,196.94057421236792,229.93281739750446,217.45701214177126,246.3308801853308,279.38435781899767,248.4401931931486,281.378571233914,229.54620053513713,260.94168998732806,275.12484877218037
7433,196.9662728561856,229.96538324529993,217.48700987429092,246.35504485260697,279.4215439424459,248.47282602647343,281.4143499945155,229.57565706047666,260.9748628234105,275.1592698933579
7434,196.99197086723123,229.99793789116723,217.51701868835505,246.37922290944059,279.4587305841818,248.505461780766,281.45012989998423,229.60511198257507,261.00803569991047,275.19369474784213
7435,197.01767166161588,230.0305089146239,217.5470319264583,246.40336819727358,279.495919592877,248.53809900402848,281.4859115149077,229.63456630882297,261.04120829009685,275.2281216269746
7436,197.04337398253162,230.06308536264643,217.57704166830956,246.42750407949,279.5331092133527,248.570732497911,281.52169349165234,229.6640208280561,261.0743808870951,275.26254862539895
7437,197.06907130782696,230.09565840197686,217.60705270457922,246.45164999633081,279.5702978569553,248.60336658062488,281.5574745852324,229.69347283188287,261.10755289559467,275.2969725314556
7438,197.0947621072389,230.1282349377176,217.63704027049369,246.4758094550632,279.6074811340229,248.63600131311222,281.5932553993087,229.72292450245408,261.1407250748734,275.33139646159435
7439,197.1204540018594,230.16081096748235,217.66702893731272,246.49995364087752,279.64466322570144,248.66863635869447,281.6290352362185,229.75237674301775,261.1738972947466,275.3658209789995
7440,197.14613773883505,230.19337384512903,217.69699892584597,246.52411407578174,279.68184668829065,248.70126795389652,281.664814155656,229.7818300014861,261.2070694244294,275.4002441510468
7441,197.17182700975158,230.22592349978612,217.7269567493162,246.54825572097886,279.71903346753015,248.73389913705074,281.70059313573273,229.8112845132529,261.24024135321497,275.4346672175038
7442,197.19752080596706,230.2585037148309,217.75692781177028,246.57241642880481,279.75622262650785,248.76653889501995,281.7363721872439,229.8407394667268,261.27341362291406,275.46909399146506
7443,197.22321653770695,230.2911039086926,217.78690370566017,246.59654888731063,279.7934193858888,248.79918141971507,281.77215297152753,229.87019418957877,261.3065861111949,275.503521966878
7444,197.2489070842271,230.32370749179725,217.8168795151282,246.620690986755,279.8306176706739,248.83182135858175,281.8079356660104,229.89964914604397,261.3397590509327,275.5379513685416
7445,197.27460449023081,230.35632656499908,217.84686417735784,246.64479526943938,279.86781167832146,248.86446305304287,281.8437187807443,229.92910309065186,261.3729323119829,275.57238115428936
7446,197.3003094348843,230.38895254316807,217.8768543475806,246.66884480262172,279.9050053153711,248.89710512490967,281.87950247917985,229.95855861187135,261.4061056785601,275.60681010849856
7447,197.32601850598948,230.42157113503274,217.90684534975875,246.6928813478722,279.94219822296805,248.92974594800117,281.9152863209742,229.98801647194603,261.439279058668,275.641235899428
7448,197.35173137298682,230.45419245903818,217.93683545223047,246.71685518926637,279.9793945131041,248.96238699635705,281.951069492155,230.01747689399846,261.47245275296956,275.67566182686085
7449,197.37744991263312,230.48681643628066,217.966824018701,246.74079456532252,280.01659101500286,248.9950332940907,281.9868525399678,230.04693875317798,261.5056265735143,275.71008907212337
7450,197.40317146531248,230.51941169373222,217.99680707682265,246.76474058266575,280.0537864464356,249.02768399656242,282.0226356515508,230.07640148088336,261.5388007261771,275.7445192599915
7451,197.42889354435616,230.55198967526013,218.02679133855898,246.78865547221582,280.09098297267707,249.06033747673976,282.0584187107193,230.10586501505207,261.5719755903635,275.77895035735935
7452,197.45461539804168,230.58457147441007,218.05677363809846,246.81258106178092,280.12817904571904,249.09299307326663,282.09420298907014,230.1353288566914,261.6051506454433,275.81338110455056
7453,197.48033609970844,230.61715448654866,218.08676804544552,246.83651504811039,280.16537162079965,249.12564914485685,282.12998759631745,230.1647916160992,261.63832520141375,275.84780683864466
7454,197.506057153571,230.64972539965515,218.11676740965376,246.86042630493037,280.2025652003623,249.15830037854528,282.16577146699336,230.19425076138558,261.6714997706922,275.88223351998755
7455,197.5317776074502,230.6822976867809,218.14675889079476,246.884320571738,280.23975829763344,249.1909492445712,282.20155540007346,230.22371021812936,261.7046744143255,275.91665974820035
7456,197.55749464612822,230.71487045510955,218.17674590671655,246.90822507576218,280.27694478063444,249.22359548825503,282.2373395009318,230.2531679611599,261.7378500252423,275.95108615105045
7457,197.58320783690675,230.74745182223978,218.2067373409652,246.93215015216856,280.31412198280776,249.2562398598706,282.2731235791414,230.28262549401026,261.7710259321438,275.9855108069471
7458,197.6089221310295,230.7800361129422,218.23673221358746,246.95609339084072,280.35129719338374,249.28888518732802,282.30890722110115,230.31208397902967,261.8042021896992,276.0199356763338
7459,197.6346344411981,230.81261940506647,218.26674172913135,246.98004807388787,280.3884727411108,249.32152650043938,282.34469073823226,230.34154354628132,261.83737867983825,276.05436248442163
7460,197.66034264197208,230.8452036520538,218.29675696743027,247.0040239802733,280.42564808365773,249.35417333869822,282.3804739766261,230.37100373177717,261.87055501378467,276.08878955445215
7461,197.6860443042939,230.87778025138724,218.32676359384303,247.0280102051996,280.4628242342344,249.386824420963,282.41625722999845,230.40046532343862,261.9037313718318,276.1232150987219
7462,197.71173961230957,230.91034343718636,218.35676686814404,247.05196532426268,280.50000202906074,249.41947625477061,282.4520405282712,230.42992881507755,261.93690758857883,276.1576406544709
7463,197.73743588816293,230.94290707342975,218.38676340855463,247.07591399385146,280.5371807584465,249.45212300862252,282.4878246056158,230.45939296910234,261.9700836550267,276.192062675161
7464,197.76313223346335,230.97541863467376,218.41675014842644,247.0998656355101,280.57436431176006,249.4847708582386,282.5236096390129,230.48885550307455,262.0032601088731,276.2264853554978
7465,197.78883316541967,231.0079183333201,218.44674540906468,247.12379336741955,280.611554880394,249.5174163385192,282.5593952498448,230.51831745736195,262.0364366711539,276.2609084496284
7466,197.8145359691016,231.0404114313774,218.47674635011575,247.14773321433097,280.64874615972695,249.55006494823323,282.59518093925715,230.54778089296175,262.06961329062875,276.2953314333364
7467,197.84024009737902,231.0729086064751,218.50674333440594,247.17168352787303,280.68592982840545,249.58271604305523,282.630966249408,230.57724469937475,262.1027903819411,276.32975348900254
7468,197.86595413216406,231.10541733748116,218.5367420594941,247.19559346972372,280.72311554223745,249.61536755568503,282.6667509939597,230.60670818382658,262.1359676198561,276.36417836769556
7469,197.89167234791012,231.13792966022888,218.5667273436648,247.2195214721447,280.7603014571113,249.64801791898995,282.70253507586597,230.63617132005163,262.1691447501829,276.3986044905667
7470,197.9173915960607,231.1704358795907,218.59670732295095,247.24346734501142,280.7974839346258,249.68067035389748,282.7383196434124,230.66563459634938,262.20232102015075,276.43303048342943
7471,197.94311166657997,231.20294186926702,218.62668985154497,247.2674249656263,280.8346705730144,249.71332388199517,282.77410472415585,230.69509805341474,262.2354973169291,276.4674539788926
7472,197.96883360090985,231.2354581921626,218.6566671085744,247.2913402950141,280.87185833183776,249.74597465823788,282.8098905731725,230.72456315457987,262.2686732531536,276.50187809761434
7473,197.9945572996538,231.26798006930963,218.6866404494393,247.31526653862124,280.90905118807785,249.7786282061069,282.84567703284193,230.75402901099633,262.3018486700571,276.53630660678607
7474,198.02027975035605,231.3005017894902,218.71661462133846,247.3391570426647,280.94624592381564,249.81128468042212,282.8814635947966,230.78349289938788,262.33502374412285,276.57073618555086
7475,198.04600164364408,231.33302575981008,218.74659277376432,247.36302144165336,280.9834438610125,249.84394166073318,282.91725077192666,230.81295799754838,262.3681989752512,276.60516486317067
7476,198.07172448216699,231.36555462146305,218.77655249426041,247.38690561125034,281.02064176806914,249.87659903696843,282.9530383891974,230.84242373595382,262.40137384510314,276.63959347464555
7477,198.09744789613825,231.3980614298535,218.80651270664708,247.41074303187506,281.05783096321625,249.90925913707298,282.988826200613,230.87188983700244,262.4345487148434,276.674020252235
7478,198.123169396697,231.43055705729844,218.83646846484535,247.43458242573047,281.09502079639003,249.94192047842012,283.02461399185336,230.9013562418602,262.46772336482644,276.7084470940387
7479,198.14888036071852,231.4630388319478,218.86642629845232,247.45842276976728,281.13221062182447,249.9745819655588,283.06040097269215,230.93082274143913,262.5008974649629,276.74287228512287
7480,198.17458332301206,231.49551027268697,218.89637864097432,247.48227740120274,281.16939662433464,250.007236919817,283.09618797950185,230.9602889808385,262.534071093125,276.7772943597573
7481,198.20028470568252,231.52798509724946,218.92633579451768,247.50614088836033,281.20658637413413,250.03988371915347,283.1319750867576,230.98975490213869,262.5672447384239,276.8117149347549
7482,198.22598935266237,231.560467904924,218.95630513125255,247.529985168516,281.24377731270664,250.072529719974,283.16776343324966,231.0192221928207,262.6004182640215,276.8461331060816
7483,198.25169690324591,231.59297698956712,218.9862805192552,247.55385830983258,281.28096793035104,250.10517008148847,283.2035525368345,231.0486904322124,262.63359213220895,276.88054925566627
7484,198.27740857079834,231.6254947084605,219.01625105057107,247.57774642717754,281.31816177316296,250.13781221062945,283.2393417041814,231.07815901502732,262.6667660420011,276.9149669167527
7485,198.30312182902938,231.65800853183305,219.04621177146765,247.6016398513622,281.3553563636624,250.17045752605554,283.2751303992883,231.10762610981666,262.6999389999455,276.94938474106885
7486,198.32883564742133,231.69052045073582,219.0761735874294,247.62554257355063,281.39254862548586,250.20310426078115,283.31092045856184,231.1370954285301,262.7331108713456,276.9837979171317
7487,198.3545500013648,231.72304249349392,219.10612580813304,247.6494272394598,281.42974190973695,250.2357548540184,283.3467109975798,231.16656825674127,262.76628273961074,277.0182107499211
7488,198.38026548721922,231.7555714243685,219.13608193460675,247.67322660674589,281.46693718468526,250.2684106030111,283.38250122173645,231.1960425665218,262.7994535739014,277.05262152781887
7489,198.4059817031321,231.78810137137205,219.16604277532147,247.6970000286338,281.5041335627183,250.3010683945937,283.41829091520464,231.22551711699876,262.8326238175138,277.0870294181945
7490,198.43170018359947,231.8206304499152,219.19600591209183,247.7207539143471,281.5413312605806,250.3337264242317,283.4540809397316,231.2549904100416,262.8657941674542,277.1214361552129
7491,198.4574212185589,231.8531693141928,219.2259694512084,247.74450877243595,281.5785290884934,250.36638395996658,283.4898711197713,231.28446230090117,262.8989649727784,277.1558429059297
7492,198.48314121320325,231.88571765787364,219.25593292254956,247.7682382200336,281.615725000386,250.39904545546977,283.5256616774635,231.3139362535863,262.93213591276094,277.1902484639068
7493,198.5088643526364,231.91826776499803,219.2858882704923,247.7919712861498,281.6529198248751,250.43170948527023,283.5614532396323,231.3434109863829,262.965306492988,277.2246556009833
7494,198.534588123351,231.9508149004543,219.31584681372308,247.81573852529607,281.6901182421636,250.46437370368105,283.5972455023338,231.37288490451175,262.9984773502116,277.25906354095173
7495,198.5603063144708,231.98338365172654,219.34581086676755,247.83952898971475,281.727321979828,250.49704094364472,283.6330381054007,231.40235845979683,263.0316482999562,277.2934727737189
7496,198.5860179515596,232.01597659910547,219.375753844483,247.8633179470117,281.76452669746425,250.52971117689808,283.6688310487802,231.43183211049237,263.0648200645569,277.3278823350465
7497,198.61173250142656,232.04857530977608,219.40568505548097,247.8871280175393,281.8017305585779,250.56238731826465,283.7046243771843,231.46130480697278,263.0979921090612,277.3622946294548
7498,198.63744947173836,232.08117061481477,219.43562013106498,247.91095954578591,281.83893175346776,250.5950652261445,283.74041852859364,231.49077668179316,263.1311644003236,277.3967106139983
7499,198.6631631066986,232.1137656554361,219.46555676201004,247.93479908511847,281.87614066794526,250.6277392027246,283.7762128449552,231.52024690791598,263.164336764593,277.43112731866063
7500,198.68887781412593,232.14636209793522,219.49548991334643,247.95866626031247,281.913351991251,250.66040692859636,283.81200649768107,231.54971327500982,263.19750811019406,277.46554220623784
7501,198.72110798795012,232.18096895418415,219.5292131234738,247.99021383541833,281.9504421916933,250.69504104661306,283.8477849187515,231.58327676255797,263.2323056936988,277.50073788633614
7502,198.83860021651182,232.29945938936424,219.64733242728283,248.10741937251834,282.06954593086635,250.8135429317356,283.9667050088125,231.70132898288375,263.35087623432634,277.619475627533
7503,198.8417840487621,232.30812953516994,219.65341425059518,248.10927136487746,282.0813188471415,250.82143587417846,283.97743027298634,231.70717891730368,263.35934425460374,277.6285838026531
7504,198.86552323039922,232.3388658064678,219.68089718202802,248.13122415169408,282.1158526392205,250.851202169477,284.0106928049428,231.73436575729053,263.3898267314415,277.659852229283
7505,198.89132327624282,232.37180641960407,219.7105033741735,248.1552167904198,282.1526591818614,250.883156887761,284.0462078229867,231.76368698392204,263.4225090686169,277.6933324726104
7506,198.9173350907555,232.40497250338453,219.74031856445794,248.17942037268458,282.1896922919875,250.91532992146497,284.08194740253697,231.79322202622708,263.45540982395374,277.7270318814226
7507,198.94337420770205,232.4381613383325,219.77017033407284,248.2036476289109,282.22674725548273,250.9475223502498,284.11770894149043,231.82277661120816,263.48833417865234,277.7607547929913
7508,198.9694185615262,232.4713509228056,219.80003485701835,248.22784850681666,282.2638059456451,250.97971571827335,284.15347212460773,231.85233232393963,263.5212609999915,277.794480782103
7509,198.99546918091104,232.50451825873222,219.82990158908783,248.2520644303827,282.30087031811377,251.01190685285,284.1892352359561,231.8818864100206,263.5541881865457,277.8282091228738
7510,199.0215223585821,232.53768686234704,219.85977735852836,248.27626528891767,282.3379368363188,251.04409717902047,284.2249971607609,231.91143840092766,263.58711547131185,277.86193832350494
7511,199.0475777000814,232.57084362000978,219.88965960016594,248.3004625791433,282.37500299352183,251.076287870249,284.2607589974458,231.940989289136,263.6200424661755,277.89566745481517
7512,199.07363547162336,232.60399278772346,219.9195552381222,248.32466891597164,282.41206317133623,251.10847930895315,284.29651952598806,231.9705417003465,263.65297093413835,277.929392814315
7513,199.09968416251886,232.63715249233556,219.94945892499754,248.3488789250698,282.4491162839918,251.14067465026991,284.3322792419651,232.0000953160081,263.6858997821214,277.96311732131403
7514,199.12572582938253,232.67031493936858,219.9793690232025,248.37308387323796,282.4861709351494,251.1728713348523,284.36803875562356,232.02964930619282,263.7188275453549,277.99684498768266
7515,199.15176890221923,232.70347904370823,220.00929366304848,248.39723013927212,282.52322829028384,251.20506884296486,284.4037982172119,232.05920308216642,263.7517562037202,278.03057339201706
7516,199.17781031318978,232.73666271375112,220.03923000552498,248.42139010431504,282.5602883497369,251.2372669648136,284.43955688596793,232.08875694564807,263.7846851052233,278.0643015188951
7517,199.20384992634146,232.76985268787251,220.06918786260357,248.44556259663952,282.59734864958443,251.26946566239013,284.4753143810093,232.1183105381281,263.8176136514635,278.0980300694746
7518,199.22989260480495,232.8030363633383,220.09915350372674,248.46970063112147,282.6344055340931,251.30166687164106,284.5110709043895,232.14786442890048,263.85054304446527,278.13175953510665
7519,199.25591818223728,232.8362093404598,220.12910908169277,248.49386386049386,282.6714609787419,251.33386876736287,284.54682692486585,232.17741377063143,263.88347260736975,278.1654934536209
7520,199.2819405652921,232.8693658462339,220.1590575481439,248.51804170052094,282.708514093239,251.36607066857366,284.58258299254317,232.20696534317827,263.9164017143321,278.1992307135993
7521,199.30795655141543,232.9025322932024,220.1890092447312,248.54220078064057,282.7455656892198,251.39827266714218,284.6183391029418,232.23651873655393,263.9493290991615,278.23297310762973
7522,199.33397334831082,232.93570638667745,220.21895661181722,248.56635899058912,282.78261396871136,251.4304740544349,284.6540942843818,232.26607346424967,263.98225675684756,278.26671821616776
7523,199.3599916752297,232.96888198537437,220.24891110022907,248.59052538077668,282.81966306217464,251.462674849574,284.68984955098495,232.29562871756065,264.01518406163405,278.30046360361297
7524,199.3859999901336,233.0020421186214,220.2788710911454,248.61463007202158,282.85670924915786,251.49487418797662,284.7256049390415,232.32518252930515,264.0481114296125,278.33420443085976
7525,199.4120067773122,233.03519562038105,220.30883217105603,248.6387406264802,282.89375093686476,251.52707603239693,284.76136229215984,232.35473587089587,264.0810388113202,278.36793904930704
7526,199.43801368761584,233.06835536841632,220.33879578101877,248.66286727353398,282.9307872058868,251.55928215300943,284.7971201988469,232.38428910373193,264.1139657741283,278.40167044938613
7527,199.46402200733533,233.1015169636157,220.36876112319575,248.68701317404432,282.9678221024255,251.5914912604709,284.83287897723045,232.41384220814714,264.14689348081356,278.4353968670003
7528,199.49002773596894,233.13467231722123,220.39871587314698,248.71114121035316,283.0048585314741,251.62370174347149,284.86863806046324,232.4433954307687,264.1798230031804,278.4691183012903
7529,199.51602430188535,233.16779738777655,220.42867795542983,248.7352250003451,283.04189506729557,251.65591481965566,284.90439677916663,232.472948676915,264.21275388884334,278.50283481722505
7530,199.54202113966906,233.20090524362934,220.45864687522106,248.75930587946877,283.0789290121978,251.6881287167878,284.9401563341502,232.50250014261775,264.24568538077125,278.5365471582184
7531,199.5680203203577,233.23401327335407,220.48863745710557,248.78339340397872,283.1159635378398,251.72034204872472,284.9759162360902,232.53205119522374,264.2786175797076,278.57026121051075
7532,199.59402285615903,233.2671347283598,220.51864694952948,248.80745960574052,283.152994700515,251.7525526876052,285.0116759732297,232.56160169391208,264.31154997182375,278.6039750903805
7533,199.62002742379158,233.30026136523549,220.54867501726775,248.831530858694,283.1900252170809,251.78476364360608,285.0474350311585,232.59115278041926,264.3444816539422,278.63767311164656
7534,199.646027061237,233.33336220496167,220.5787115717376,248.85559322722403,283.22705157364345,251.81697435246454,285.08319498215343,232.62070600581237,264.3774129926965,278.67137038584025
7535,199.6720211575648,233.3664391634872,220.60874994164783,248.87968406843456,283.26407686795744,251.8491816569127,285.11895643807645,232.65025999186307,264.4103440177115,278.70506998691803
7536,199.6980121889252,233.39951602303532,220.63877524371503,248.90381244279013,283.3011023290798,251.8813879451685,285.15471875181146,232.67981393939806,264.44327545885716,278.73877029240475
7537,199.7240053851141,233.4325832243825,220.66880236656803,248.9279548025659,283.3381217187005,251.91359322411682,285.19048119969267,232.7093681539253,264.4762069282194,278.77247237106167
7538,199.75000057398032,233.46566158569848,220.69883410991494,248.95209739291076,283.37514293406525,251.94579922078276,285.2262434575966,232.73891840767368,264.509137547238,278.80617629370437
7539,199.7760004304795,233.49874249481815,220.7288620918686,248.9762408875948,283.4121668618568,251.97800386569224,285.26200522616597,232.7684696568549,264.54206797071896,278.8398805885321
7540,199.8020050987731,233.53182034157362,220.75889756094818,249.00038054614552,283.44919024555935,252.01020854078908,285.2977671179189,232.79802333494513,264.5749993105827,278.87358313113907
7541,199.82801123030205,233.56487795061744,220.78893552817613,249.0245067283876,283.48620926869336,252.04241144930984,285.33352889445996,232.8275777477696,264.6079321953221,278.9072820527054
7542,199.85401715855053,233.59794194990843,220.81896958238218,249.0486168868512,283.5232290204896,252.07461357612445,285.36929068273247,232.8571312881103,264.6408654317196,278.9409834629747
7543,199.88003198876953,233.63101255532428,220.84900678519992,249.07273138880134,283.56024743347524,252.10681576716988,285.4050533028316,232.88668716658142,264.67379749437674,278.9746851884473
7544,199.90605724845605,233.66408445747598,220.87903161113334,249.09683848854786,283.5972631511429,252.13901639117054,285.44081652581673,232.91624563064553,264.70672991191327,279.0083823472553
7545,199.93208574460687,233.6971506872426,220.90905707264116,249.12094275676003,283.6342763320766,252.1712178218053,285.4765799439904,232.9458048697804,264.73966333638384,279.04208301924
7546,199.95811402338754,233.73022630309052,220.9390738535368,249.1450528394185,283.6712902950149,252.20342106977918,285.51234353509847,232.97536426866174,264.77259706752574,279.07578654424645
7547,199.9841300998888,233.76331860178072,220.9690911924588,249.16914123262862,283.7083082482814,252.23562488588811,285.5481073968533,233.0049257156997,264.805531198113,279.10949783413236
7548,200.01014244194283,233.79642198809827,220.9991080397278,249.19320877730158,283.74532704758997,252.26782547452552,285.58387127223233,233.0344877956507,264.8384665501371,279.1432115103022
7549,200.0361567537029,233.8295273485196,221.02911499377166,249.21731675971856,283.78234870231256,252.3000201866039,285.61963448022675,233.06404773741517,264.87140223581036,279.1769251252836
7550,200.06216199857957,233.86261238300335,221.05913340892005,249.2414656459548,283.8193717055064,252.3322150103638,285.6553976834989,233.0936053208917,264.9043371495119,279.2106366209655
7551,200.08817504536123,233.89565607132047,221.08915922496098,249.26563232781314,283.8563944783466,252.3644099483512,285.6911606296691,233.12316083112395,264.93727220515046,279.2443477493918
7552,200.11419126786222,233.9286816731088,221.1191867354081,249.2898097408364,283.89341683326074,252.3966054307298,285.72692315241363,233.15271625598874,264.97020687556864,279.27805694289145
7553,200.1402080790755,233.96169110646133,221.1492120556527,249.31395681055415,283.9304397685491,252.42880189265787,285.7626857992054,233.1822726735096,265.00314037378854,279.3117649713623
7554,200.16622500408536,233.9946914633666,221.17921644034843,249.33809389523472,283.9674598551348,252.46099854221103,285.7984483430214,233.21182947093067,265.0360736918122,279.34547337817713
7555,200.19224625431875,234.02768683229468,221.209210230656,249.36221216236527,284.00447781256236,252.49319584996294,285.83421046056867,233.24138517989573,265.0690071748946,279.3791829933107
7556,200.21826897131152,234.06068389703444,221.23920550408502,249.3863409228127,284.0414972633548,252.52539382628544,285.86997285908126,233.27093907408178,265.10194086815306,279.4128951416234
7557,200.24429179969826,234.09368824896623,221.2692011771992,249.41042688161508,284.078517031837,252.55759141079136,285.9057351338783,233.30048827796307,265.134875968205,279.4466100659795
7558,200.27031151536212,234.1266983674333,221.2991973004416,249.43446922674835,284.11553208831054,252.58979066777,285.9414965174227,233.33003554347377,265.16781158912914,279.48032537006804
7559,200.29633887638218,234.1597084914833,221.32920255754607,249.45851683201545,284.15253947388067,252.62199118036816,285.9772576292047,233.35958205829706,265.2007472078551,279.5140288923959
7560,200.32237078069812,234.19271815416994,221.35921920349227,249.48254136289054,284.1895467630615,252.6541929472204,286.0130186542475,233.38912879498648,265.2336820882717,279.5477194546157
7561,200.3484002616648,234.22569811853768,221.38923977118748,249.50658363312752,284.22655494113496,252.68639565019194,286.0487787865091,233.41867514903623,265.2666180987241,279.5814164222792
7562,200.37443415357626,234.25866150657112,221.41924332827617,249.53064899768188,284.2635672687065,252.71859856227894,286.0845386118089,233.44822086976117,265.2995551616082,279.61511754787546
7563,200.40045763837412,234.29158701444996,221.4492461593905,249.55473249026892,284.30058025137765,252.75079929041124,286.1202994309418,233.4777694934753,265.33249259473877,279.64881921946807
7564,200.42647611804912,234.32450842767736,221.47923968874008,249.5788242295469,284.3375896118,252.78299730469087,286.15606049699005,233.5073195144102,265.36543005624134,279.68251681904417
7565,200.45249988045285,234.35744692605957,221.509251455046,249.60290522223758,284.3746007872316,252.81519760385407,286.19182203604674,233.5368698030359,265.3983667741638,279.71620984241616
7566,200.47852639592656,234.39039017913674,221.53927901684997,249.6270230672435,284.4116123445986,252.84740104890915,286.22758385624485,233.56641905552542,265.4313028759406,279.74989572282107
7567,200.50454807201632,234.4233111464252,221.56931392375753,249.65115864476914,284.44861927009583,252.87960535202478,286.263347361989,233.59597076034916,265.46423863546664,279.7835743068308
7568,200.53056872075993,234.45620102841602,221.59935583716307,249.67529546481913,284.48562351223137,252.91180791103048,286.2991113163898,233.6255245262364,265.49717388605796,279.81725361986753
7569,200.55658520225683,234.48909247280662,221.6294001189055,249.69942711490262,284.522632394408,252.94400769523406,286.33487447281425,233.65507883912034,265.5301095600655,279.8509339985772
7570,200.58259456135514,234.52198410162794,221.65944842971933,249.7235508342164,284.55964360626854,252.97620829759842,286.3706367283052,233.68463167712886,265.56304628838586,279.8846091693531
7571,200.60860598940417,234.55486652382032,221.6894997139386,249.74768225824977,284.5966573673914,253.0084093369215,286.4063989945053,233.7141855814245,265.59598339723783,279.918283609878
7572,200.63461480592454,234.58775062080096,221.7195485787321,249.77177699672987,284.6336725029432,253.0406090201676,286.44216139307383,233.74373992847765,265.628920969028,279.95195381169214
7573,200.66063159954902,234.62063668444037,221.74958491060102,249.79588858022663,284.67068919895405,253.07280829925017,286.4779233671971,233.77329486035313,265.6618599528143,279.98562660349603
7574,200.68665420358408,234.65352391131168,221.77963617857515,249.8200186844828,284.7077067898651,253.1050077046587,286.5136847812621,233.80285122857774,265.6947993230654,280.0193012275382
7575,200.71267781535408,234.68640500462973,221.80969790032123,249.84415749649102,284.7447236534055,253.13720707506414,286.549445191232,233.8324080923833,265.72773782090866,280.0529752082792
7576,200.7387042231401,234.71928164456108,221.83976318574662,249.86829234042904,284.78173430418195,253.16940825606918,286.5852056362971,233.86196334672098,265.7606748334359,280.0866476599821
7577,200.76473306281545,234.75217335319192,221.8698040120036,249.89243740678987,284.8187479856861,253.20161003154905,286.62096566882485,233.89151635534014,265.7936111142529,280.1203201185393
7578,200.7907635467173,234.78508520503843,221.899864739017,249.91655636233173,284.8557658751658,253.23380907308922,286.65672426879524,233.9210640363144,265.826546622254,280.15399296809414
7579,200.81678843347504,234.81800244026164,221.92993333718624,249.94064175185437,284.8927877155361,253.26600843153227,286.69248275668457,233.95061402069737,265.85948197133075,280.1876634268141
7580,200.84281460374663,234.85091470756225,221.95999153844707,249.96472943671793,284.92981187170335,253.29820429866447,286.728240727604,233.98016612807004,265.8924169281697,280.22133424859413
7581,200.8688409616776,234.8838214779287,221.99006303620533,249.9887845362218,284.966835983388,253.33039909819323,286.76399929050984,234.00972042190196,265.92535194368764,280.2550011075569
7582,200.89486956187025,234.91672899796183,222.0201385577616,250.0128014951497,285.0038548752639,253.3625941548753,286.79975863432935,234.03927615917019,265.9582865715689,280.2886701505397
7583,200.92090048555363,234.94963105736068,222.05020467283796,250.03680667928066,285.0408655829549,253.3947869834457,286.83551840503026,234.06883499989414,265.9912197482883,280.32234039065906
7584,200.94693236792378,234.98253403063296,222.08026399122699,250.0608080822557,285.07787420605996,253.42698017557882,286.8712792514199,234.09839530174793,266.0241527019457,280.3560187284848
7585,200.9729618545225,235.01542645849239,222.11031312099252,250.0847739746166,285.1148850238477,253.45917479122332,286.9070414449893,234.1279559399029,266.0570849179442,280.3896996607939
7586,200.99898483610002,235.0483140988114,222.14036919672552,250.10866136625822,285.15189608038406,253.49137074937386,286.94280502953063,234.15751351297854,266.0900145767461,280.4233800705496
7587,201.02501195119808,235.0811805316369,222.1704146358483,250.13253755527836,285.1889074846371,253.5235670064118,286.97856882921053,234.18706881258396,266.12294448195746,280.4570590994817
7588,201.05104160409493,235.1140175279851,222.20045930351597,250.15644691310152,285.2259188404095,253.5557592047926,287.01433112725823,234.21662222248875,266.1558744596052,280.49072909165824
7589,201.07707215293138,235.14685333856744,222.23050132138766,250.18037606851559,285.26292413800115,253.58794865214637,287.05009259197584,234.24617299231525,266.1888047635793,280.5243956458752
7590,201.1031029764447,235.1796840922106,222.2605446091367,250.20431526840247,285.29992800628617,253.62013849328366,287.0858537532405,234.27572323128416,266.22173554338514,280.5580712816002
7591,201.12913330654777,235.2125027959412,222.2905888950248,250.22825956451376,285.336930626129,253.65233072327146,287.12161372721675,234.30527527017074,266.2546648357205,280.5917537405097
7592,201.15516291131868,235.24531826283152,222.3206175237963,250.25220117264328,285.37393140603496,253.68452452505647,287.15737377812434,234.33482775035623,266.28759636918085,280.6254378736539
7593,201.1811964022061,235.27814044585188,222.3506443166368,250.27615816627988,285.41092545155703,253.7167189814487,287.1931328128245,234.36438033699068,266.32052946436335,280.6591220271579
7594,201.20723746781874,235.3109668588494,222.38067095890244,250.30012161330924,285.4479187092844,253.74891411273924,287.2288927445844,234.39393166709021,266.3534627726587,280.69280333854414
7595,201.23328109336418,235.34380075410937,222.41069499560905,250.32408607678747,285.4849121123553,253.78111233183017,287.26465291439206,234.42348187310884,266.38639660045936,280.72648413989384
7596,201.2593257400672,235.37663864726807,222.44072012353493,250.34806558971806,285.52190559821247,253.81331156416329,287.30041266342,234.453034750045,266.4193315830006,280.7601599655466
7597,201.285372143923,235.40946693549114,222.47073782606722,250.3720574710659,285.5589002620577,253.84550831960996,287.33617039202585,234.4825885454969,266.45226741503393,280.7938349879121
7598,201.3114157468502,235.44228134782148,222.5007415527389,250.3960239745374,285.5958959347527,253.87770429093658,287.371927536461,234.51213957953482,266.4852034044015,280.8275110134768
7599,201.33745428480418,235.47506993120928,222.5307403333518,250.41998775776162,285.6328914635231,253.9098986189252,287.4076851567268,234.54168695407913,266.51813820717683,280.8611919054611
7600,201.36349205298436,235.5078626233861,222.56073197651304,250.44396601358633,285.6698844926995,253.94209525421678,287.4434431068092,234.57123456130915,266.55107305307575,280.89487709943495
7601,201.38953065533943,235.54067291830535,222.59071263528736,250.46795481757852,285.7068819145822,253.97429363522232,287.47920084124223,234.6007786465839,266.58400618188585,280.92856306572907
7602,201.41556689923863,235.57351404820648,222.62069504142474,250.49194646454347,285.7438834724602,254.00649234783043,287.51495751738133,234.63032201665854,266.6169394446893,280.96224817664176
7603,201.44159554477733,235.6063799978328,222.6506776394655,250.51594065734054,285.78088976865996,254.03869099881567,287.5507145995727,234.65986705648194,266.6498710032661,280.9959349800616
7604,201.46762569161945,235.6392561896221,222.68066168814744,250.53994761494747,285.8179022227005,254.07088858604877,287.58647367420537,234.68941277265668,266.6828006439856,281.02962573070806
7605,201.49365322464166,235.6721448176158,222.71064501783022,250.56396354250825,285.8549186992896,254.10308546494448,287.6222338257002,234.71895645250655,266.7157299083761,281.06332215049935
7606,201.51968276991707,235.70503888480332,222.74063425393626,250.5879713247301,285.8919401894336,254.13528023145713,287.65799469250476,234.74849899432158,266.748659805059,281.0970198711684
7607,201.54571382119462,235.7379335140551,222.7706261255621,250.61199384163052,285.928965114667,254.16747170992988,287.6937565482773,234.7780416115322,266.7815909400544,281.1307115005546
7608,201.57174517787044,235.77082580404948,222.80061897101018,250.6360225330173,285.96598987758654,254.19966146576996,287.7295191291099,234.80758313464347,266.8145226223148,281.1644006333147
7609,201.59777792576762,235.80371567032057,222.8305986164242,250.66004826153267,286.0030066768704,254.2318511822782,287.76528181081494,234.8371236168535,266.84745572728826,281.19808855732043
7610,201.6238135275292,235.83661135811408,222.86057406120102,250.68407297592825,286.04002009484105,254.2640413290318,287.80104472489893,234.86666368865443,266.8803907629766,281.23176996190915
7611,201.6498506482598,235.86950804593522,222.89054050207832,250.70805062716036,286.0770336756645,254.29622951096502,287.83680779613235,234.8962036095114,266.91332775894995,281.2654492302172
7612,201.67588531580134,235.90239367551064,222.92050818344285,250.73202328320824,286.11404784565514,254.32841748850444,287.8725697793613,234.92574259946502,266.9462664254776,281.29912545958507
7613,201.70192293402522,235.93529098758907,222.95047203854088,250.75599641231784,286.15106527107866,254.36060222079544,287.9083313900082,234.9552805412939,266.97920547278676,281.33278755590135
7614,201.72796324452676,235.96819233965937,222.98043114249654,250.77997524446806,286.18808347565283,254.39278769055718,287.94409296828496,234.98481868005032,267.0121433693211,281.366441627952
7615,201.75400567548007,236.0010948252392,223.0103986986924,250.80391785807944,286.2251011464792,254.4249737185705,287.97985432105315,235.01435529579774,267.04508131933346,281.4000949001423
7616,201.78004193462047,236.03400185024702,223.04036955382824,250.8278687347492,286.2621191326371,254.45715773387604,288.0156160637783,235.04389213723604,267.0780200582635,281.43374814553795
7617,201.80608084509737,236.0669101493082,223.07032876958036,250.85179658287413,286.29914249766125,254.48934096483498,288.0513778407421,235.07342772258974,267.1109603628357,281.46739865677756
7618,201.83212055896738,236.09980756821776,223.10029010185406,250.8757226604356,286.33616697732697,254.52152473479512,288.0871391413492,235.10296393448655,267.1439014380783,281.50103529513393
7619,201.85816401976734,236.132706765939,223.13025286909223,250.89967721895485,286.3731957208522,254.55370934027215,288.1228997499889,235.13249611793725,267.17684258314034,281.534659196285
7620,201.88420443051635,236.1656223089301,223.1602287167951,250.92364340583705,286.4102256782438,254.58589444710293,288.15866057964496,235.1620290175663,267.2097816927529,281.56827666766895
7621,201.91024706575973,236.19855539209917,223.19020980725728,250.9475929663027,286.44725485877547,254.61808347339843,288.1944231508469,235.1915620980092,267.24271989574186,281.60188263736154
7622,201.93629276999906,236.23149297119247,223.22019406584548,250.9714755281517,286.4842828242498,254.65027556390342,288.2301861068298,235.22109510064885,267.2756569625258,281.6354839219914
7623,201.9623312283692,236.2644327166937,223.25018060065852,250.99536260820884,286.5213039732427,254.6824682372107,288.265947688407,235.25062833374488,267.30859418811747,281.669085190217
7624,201.99468174504497,236.29915633838306,223.28391745015136,251.0268991701966,286.55821621750266,254.71694676986775,288.30169555203906,235.2842146705978,267.34331589700156,281.70402042961086
7625,202.11222451760435,236.41769581504812,223.4020424824939,251.144100081787,286.67729504281016,254.83538330913925,288.4206113640587,235.40227648763158,267.46185457028844,281.82264878571186
7626,202.115670262341,236.4262750060257,223.40807184535223,251.145740909821,286.68925291620394,254.84344369640561,288.4312140295036,235.40834526990818,267.4706935114764,281.83143217169487
7627,202.13974899953703,236.45690281605002,223.4354931835082,251.16739022089098,286.7240103919034,254.87342505846686,288.46432628494597,235.4358166838565,267.5016405778521,281.86229841658246
7628,202.16588771591438,236.48975981082242,223.46507008856247,251.1910355102383,286.7610416380745,254.9055991925368,288.49969207853616,235.46543202889583,267.5347985811744,281.8953687004568
7629,202.19223167227355,236.52285248107,223.4948647139216,251.21490058442086,286.7982955137153,254.93799677690888,288.5352823499487,235.49526550805348,267.5681773289008,281.928659254046
7630,202.2185939737435,236.5559643431698,223.52467574533193,251.23881596200255,286.8355679028015,254.97041812156132,288.5708913155993,235.52512433579238,267.601578260428,281.9619825160774
7631,202.24495768582477,236.58906076035737,223.5544938797286,251.26276069306684,286.8728400553271,255.00284127140577,288.6065025543469,235.55498782465594,267.6349813537606,281.9953141999971
7632,202.27132270311162,236.62215195120652,223.5843151215157,251.28672676633087,286.9101052591892,255.0352592461127,288.6421142253372,235.58485290112617,267.6683845977325,282.0286551049639
7633,202.29768257118064,236.65521889490358,223.6141435787757,251.3106273787378,286.9473707010326,255.06767636262194,288.67772597284244,235.61471833146305,267.70178802492813,282.06199857543953
7634,202.3240436428108,236.68828739838062,223.64397786973524,251.3345279685003,286.9846335540241,255.10009377395326,288.7133379392512,235.64458536382622,267.7351915098452,282.09533520297344
7635,202.35040179033888,236.72134400318848,223.67380867638715,251.35839889089263,287.02189763217746,255.13251021324223,288.74894886906026,235.674453342526,267.7685950519444,282.12867165185503
7636,202.37675495103542,236.75440135508316,223.70364332157033,251.38224740697265,287.0591614143472,255.16492268974795,288.7845589468687,235.70431809439538,267.8019986164445,282.1620144936214
7637,202.4030903553808,236.78746329739442,223.73348121459014,251.40609592404144,287.09641930769857,255.19733656574073,288.82016911919095,235.7341830940056,267.8354016428542,282.19536320824557
7638,202.4294346140225,236.8205259488641,223.76331798052146,251.42994871422013,287.13367585085774,255.22975104292644,288.85578097843023,235.76404531793054,267.8688046187669,282.22871321872697
7639,202.45578307405066,236.8535675881469,223.7931630089942,251.4537821619367,287.1709370834344,255.26216530027278,288.89139463675605,235.7939063948289,267.9022068998855,282.2620627336708
7640,202.4821349605697,236.88659646705182,223.82301089102654,251.47761064441588,287.20819906416597,255.29457991272557,288.9270086710475,235.82377007169555,267.93560912498026,282.2954129110648
7641,202.50848992008542,236.9196088739922,223.85285351744702,251.501450486493,287.24545633604805,255.326994954986,288.96262244218684,235.85363700265287,267.9690113824333,282.32876097539327
7642,202.5348452436644,236.95263148634947,223.8827008345004,251.52530926243816,287.2827146355535,255.35941045364143,288.9982365880556,235.8835051594337,268.0024133445219,282.36210740746634
7643,202.56119378276415,236.9856653884782,223.91254950805,251.54918246156063,287.3199775041233,255.39182608784594,289.033853104396,235.9133734315263,268.03581563312696,282.39545511587033
7644,202.58754262100737,237.01870045618242,223.9423931465778,251.57302039257547,287.357243628925,255.4242387613452,289.06947017992286,235.94324251164414,268.06921823932885,282.42879404225783
7645,202.61389104907857,237.05171991962652,223.97222971350462,251.5968416322734,287.39451029029385,255.45665200061592,289.105086590087,235.9731136971069,268.10262088426424,282.4621336793263
7646,202.6402417288094,237.08474115195176,224.00206715041563,251.6206648408555,287.4317790178662,255.48906684754442,289.1407032748282,236.00298799461223,268.13602391713073,282.49548101621593
7647,202.666585948665,237.11776624995258,224.03190562551728,251.6444464517453,287.4690483677293,255.52148222380757,289.17632021403466,236.03286859091384,268.16942728981275,282.52883104033043
7648,202.69293154772686,237.1507942330514,224.0617373007599,251.6682376600496,287.5063182287248,255.553897783976,289.2119371077451,236.06275588077438,268.2028312646957,282.5621736246373
7649,202.71927839672162,237.1838174034235,224.0915696217112,251.69201638541986,287.5435878526151,255.58631374857123,289.2475530204943,236.0926459080003,268.23623541192,282.5955055556558
7650,202.74562690472987,237.21685335793245,224.1214012403709,251.71578627700833,287.5808514733006,255.61872839814333,289.2831697273861,236.12253725804896,268.2696395465493,282.6288353164914
7651,202.77197646977115,237.24989810110998,224.15122471250027,251.73956880408693,287.6181147233946,255.6511428103396,289.3187874112753,236.15242908977123,268.30304395143264,282.66216608428334
7652,202.79832433592486,237.28295904010133,224.18103728333148,251.76333790156858,287.655383317558,255.6835535633144,289.35440532394585,236.18232169530935,268.3364484106844,282.69549717299253
7653,202.82466056410615,237.31602493577938,224.21084341639147,251.78707594553967,287.69265469328207,255.71596464996844,289.39002300972646,236.21221567619645,268.36985275224237,282.7288266098379
7654,202.8509981595658,237.34908927981775,224.2406472565386,251.81081901488113,287.72992633321303,255.74837385821215,289.42564111037865,236.2421119262853,268.4032570558833,282.7621534881712
7655,202.8773329301201,237.38215477788114,224.27045421340898,251.83456606548248,287.7671966734483,255.7807819503899,289.46126043648025,236.27201202810394,268.4366610613717,282.79548555060734
7656,202.9036700943855,237.41522149330132,224.30025070803615,251.85832832136762,287.8044683225925,255.81318753669527,289.49688121713734,236.30191340421635,268.47006549771254,282.82881903478955
7657,202.9300093817636,237.44828522421054,224.33005069166427,251.88209647576244,287.8417403621903,255.84559093996614,289.5325022743671,236.33181365133447,268.50347009949985,282.8621514419397
7658,202.9563590523998,237.4813559908774,224.35985251474435,251.90586563428704,287.87901310938656,255.87798885055633,289.56812196174616,236.36171090592876,268.5368743632561,282.8954842542504
7659,202.98271278829407,237.51442869820676,224.38964680429436,251.92962036400507,287.9162858930948,255.9103818778864,289.603740966004,236.39160637475428,268.5702785636898,282.92881326098654
7660,203.0090657456205,237.54749586957573,224.41944203320818,251.95338654904157,287.95355576720345,255.94277183418933,289.6393623576401,236.42150389342754,268.60368270200314,282.9621476099898
7661,203.03541850550536,237.58054752017293,224.44923308976064,251.97708377062048,287.9908242828205,255.9751600820024,289.6749843875539,236.45140402862484,268.63708687941613,282.9954824542725
7662,203.06177544582386,237.61359066519603,224.47901562629286,252.00079011170192,288.0280950312222,256.00754386575693,289.7106076020414,236.4813059646522,268.67049082626943,283.0288112013404
7663,203.08813354568562,237.64663429762038,224.50878325003458,252.02446774749924,288.0653707695441,256.0399270323252,289.74623142438605,236.51120840794994,268.70389471246057,283.0621408189044
7664,203.11449240267217,237.67968042053909,224.5385504596872,252.04816341958772,288.1026474810549,256.072309531547,289.78185456804204,236.54110957125525,268.7372982364148,283.0954706777589
7665,203.1408523435318,237.71273659226264,224.5683225412301,252.07183396037493,288.1399224435944,256.10469004054227,289.81747873206376,236.5710110797782,268.7707014110991,283.1288009286454
7666,203.1672108672545,237.74579593304765,224.59808100216006,252.09551783093798,288.1771931816581,256.1370703027005,289.85310332807205,236.6009102598227,268.8041046772072,283.1621319242866
7667,203.19357188632503,237.77884882575225,224.62783221672288,252.11920836633828,288.2144641010001,256.16945133170407,289.8887279694298,236.63080578459025,268.8375079989104,283.195463963735
7668,203.21993490084364,237.81191180913405,224.65757536480788,252.14289013527718,288.251732788275,256.20183154800736,289.92435243728414,236.66069670400114,268.87091115519496,283.22879631674874
7669,203.24630064462252,237.84498435341706,224.68732057755182,252.16654809003626,288.2890027015363,256.2342125513781,289.9599761184806,236.69058590721895,268.9043142660059,283.26211940570937
7670,203.2726699267893,237.87805891721243,224.7170576282886,252.1901943231151,288.32627377270705,256.2665968816866,289.9956010051927,236.7204746031505,268.9377175951104,283.29544245685634
7671,203.29904430738998,237.9111273439677,224.74679373284727,252.2138103392677,288.36354520792787,256.29898232518866,290.03122731679747,236.7503620164921,268.9711212554987,283.3287607768474
7672,203.32542294534167,237.94419714401005,224.77653801342848,252.2374238164059,288.40081838793134,256.3313665397344,290.06685388920505,236.78025268619737,269.0045252997654,283.36207160984276
7673,203.3517768875463,237.9772584998149,224.8062853560502,252.26104005241191,288.4380960311851,256.3637511394949,290.1024796653516,236.81014462165956,269.0379295668531,283.39538458747967
7674,203.37813242368318,238.0103183264924,224.83602305005672,252.28466279950507,288.4753783821899,256.396135840915,290.1381052775785,236.84003041361834,269.0713338647286,283.4286879488624
7675,203.40449077775466,238.04337948933846,224.86575999599117,252.3082949942101,288.5126619772124,256.42851434630506,290.1737299921755,236.8699167574112,269.1047377115986,283.4619904737323
7676,203.43084809522318,238.0764433214443,224.89549786686197,252.33191459032855,288.5499519368192,256.46089628477256,290.20935466438436,236.89980274768888,269.1381410595305,283.49528514851335
7677,203.45720155807842,238.10948219749662,224.9252480273713,252.3555553035975,288.58724332991653,256.4932803663468,290.2449777846661,236.9296891547862,269.1715440141406,283.52857080959814
7678,203.48356297552567,238.14252061603835,224.95501269250195,252.37920695155952,288.6245309334125,256.5256651719591,290.2806000551191,236.95957432028325,269.20494673434433,283.56184617838943
7679,203.50993185645487,238.17555598384553,224.9847909465109,252.40285747500894,288.6618178168217,256.55805322600594,290.31622197611074,236.98945963459465,269.2383489019024,283.5951244557051
7680,203.5363035275633,238.20857546376644,225.0145740364814,252.4265215218706,288.6991064613498,256.59044463858964,290.3518433242943,237.01934347237938,269.2717513819876,283.6284034184793
7681,203.56267811127992,238.2415943928773,225.0443384400669,252.4501328212929,288.73639513152074,256.6228368266422,290.3874648160296,237.0492246000286,269.3051541568719,283.6616745276887
7682,203.58905652299572,238.2746175395212,225.0740975405922,252.47374977324742,288.77368033893606,256.65522590994595,290.4230853180845,237.0791060796582,269.3385569438844,283.69493822747114
7683,203.61543630273175,238.30764372161434,225.10385423964868,252.49735390181456,288.81096277894073,256.68761538646527,290.4587058970234,237.10899121134693,269.3719593845686,283.72821359436557
7684,203.64181668296072,238.34064346939175,225.1336004005215,252.52094432726028,288.8482462041479,256.7200041557,290.4943261960877,237.13887772872147,269.40536167713634,283.7614924800349
7685,203.66819788488488,238.37364864137405,225.16334175130848,252.5445657695473,288.8855291538337,256.75239427724676,290.529946962848,237.16876447543598,269.43876406942326,283.79475732707846
7686,203.69458245012513,238.40665510620934,225.19308541562893,252.56819688740657,288.9228050666968,256.78478446050553,290.565570112118,237.19864814868396,269.47216653359993,283.8280188377216
7687,203.72097182273905,238.43963789156433,225.2228227109422,252.5918259042112,288.9600793042246,256.81717516298164,290.6011939024814,237.22853178413257,269.50556902358085,283.8612787290457
7688,203.7473641774628,238.47263649826306,225.25257417221104,252.61542451124237,288.99735405092497,256.8495663689835,290.636816803992,237.2584161615759,269.5389718242876,283.8945325355651
7689,203.77374590702897,238.50564880571622,225.282331266641,252.63903126345105,289.0346282054175,256.88195453832367,290.6724378655091,237.2883041727381,269.5723747069658,283.92779274607506
7690,203.80012328246866,238.5386826295657,225.31210079561828,252.66265254045047,289.0719055461241,256.91434207055164,290.7080587393225,237.3181936657641,269.6057777656334,283.9610550586517
7691,203.82648992630638,238.57173098310744,225.34188683804305,252.6862720779451,289.10918641213925,256.94673030415663,290.7436775106824,237.34808113746843,269.6391808784331,283.9943196799066
7692,203.85285859458008,238.60478163154445,225.37167909693108,252.70986493621803,289.14646822795856,256.97911886793605,290.7792965363731,237.37797055578903,269.6725838425086,284.02758908206704
7693,203.8792089434332,238.63780399298489,225.40147219504408,252.73350034599605,289.1837548856087,257.01150883792343,290.81491556088497,237.40786069434702,269.7059868046209,284.06086202257165
7694,203.9055611426353,238.6708206193698,225.43126682330123,252.75715802784927,289.22104241150646,257.04389926358544,290.8505341460315,237.4377517587042,269.7393898314008,284.09413607743926
7695,203.93191800921056,238.70384148451595,225.46106385432057,252.78083045572282,289.2583251792258,257.0762868522908,290.8861521543156,237.46764424807688,269.77279336331793,284.1274099454851
7696,203.95828299071593,238.73685927609014,225.4908550857868,252.80445030401316,289.2956085685175,257.1086739943964,290.92176998774676,237.4975354611447,269.8061972059405,284.1606704200819
7697,203.98465164927794,238.76986023210924,225.52065167221724,252.82804407628106,289.3328955851286,257.14106072770966,290.9573878729329,237.52742745297098,269.83960163336997,284.19393480347827
7698,204.01102113512917,238.80282887615104,225.55045177035174,252.85159576829656,289.3701857594388,257.17344698078836,290.9930052123016,237.55731649626165,269.8730062388155,284.22720917598866
7699,204.03738823200956,238.8357767515427,225.58024328218545,252.87511682715572,289.4074759273837,257.20583364179043,291.0286219906683,237.58720174051908,269.90641057446607,284.26048836050785
7700,204.06375151380925,238.86871696440562,225.61003212938712,252.89862127411496,289.44476023715544,257.2382198945139,291.06423916935904,237.61708729073848,269.93981403945213,284.29376791104363
7701,204.09012253000657,238.9016653064608,225.63982396923015,252.92211717255427,289.48204333104417,257.2706066007243,291.0998573433464,237.64697144646448,269.9732174142638,284.32703657875714
7702,204.11650001952052,238.93463351021992,225.6696032126926,252.94561625868053,289.5193236246147,257.30299841965365,291.13547651862376,237.6768553965145,270.00662098059496,284.36030533618566
7703,204.14288297793385,238.96761972011248,225.69938438069326,252.96915475931738,289.556596080968,257.3353922035839,291.1710981989,237.70674043193077,270.0400246394244,284.3935646120914
7704,204.16926768436977,239.00060984424695,225.7291652923021,252.9927431279674,289.5938665328269,257.3677868196443,291.20672145350545,237.7366265229453,270.07342823456383,284.42682188058194
7705,204.19564996973418,239.03359027749784,225.75894468269956,253.01635196770988,289.63113729821765,257.40018294592033,291.2423448696651,237.76651611829587,270.106831917466,284.46007078170794
7706,204.2220319857915,239.06657406454246,225.78872249428028,253.0399424381453,289.6684045075625,257.4325828474251,291.2779672287547,237.79640772526605,270.1402361033361,284.4933138133436
7707,204.2483942815411,239.09956472242405,225.81849624822726,253.06350751077287,289.7056811708761,257.4649874800194,291.3135898462056,237.82630109937116,270.1736406582524,284.5265542953911
7708,204.27474679679645,239.1325570136882,225.84826917775015,253.08708437778154,289.74296038258905,257.4973933353848,291.3492124163474,237.85619572702245,270.2070453511186,284.5598060148324
7709,204.30109549858633,239.16553221346598,225.87803779718524,253.11067178086265,289.78023709629156,257.52979741406403,291.38483440723166,237.88609070505285,270.2404500658045,284.59306325414155
7710,204.3274413278125,239.19849466197692,225.90780414885398,253.1342650429896,289.817508070368,257.5622055366392,291.42045659045385,237.91598586020416,270.2738547146647,284.62632501033374
7711,204.35379092978036,239.23145020303025,225.9375733322907,253.15786082026548,289.8547784874823,257.59461598472546,291.4560796423109,237.9458822612423,270.3072590335157,284.65959066958743
7712,204.38014211923857,239.26442090101207,225.96734571478603,253.18148998487254,289.8920416861158,257.6270267416992,291.4917028994619,237.97576842826567,270.34066336832007,284.6928570055232
7713,204.4064908264287,239.2974031655735,225.9971232443189,253.2051382613345,289.9293089567785,257.659433486849,291.5273255839428,238.00565270767856,270.37406769876895,284.72612249462793
7714,204.43283255026066,239.33038705544016,226.02690238119104,253.2287997604307,289.9665768056773,257.6918439687207,291.56294824411776,238.03553566691895,270.4074721006143,284.7593906946794
7715,204.45917567860636,239.36335712638407,226.0566804814354,253.25246960680565,290.00383966935755,257.7242557999842,291.5985689431162,238.0654190271926,270.44087640764235,284.7926558361198
7716,204.48552001976114,239.39632674491426,226.0864573379491,253.27612556847603,290.04109873594416,257.75666752686783,291.634189690731,238.09530086814763,270.47428049814096,284.82592135836563
7717,204.51186675051107,239.42929600401183,226.1162353217387,253.29979351859606,290.0783582099965,257.78907563046704,291.66980914755584,238.12518319222224,270.50768461624045,284.859184640682
7718,204.53821436227466,239.46227702559182,226.14601376042648,253.32340716374236,290.1156203731526,257.8214843089875,291.7054286790505,238.15506249181584,270.5410884120197,284.8924571875781
7719,204.5645644500599,239.49528480415472,226.17579399878656,253.34701940406785,290.1528834175408,257.853894310906,291.7410478668173,238.18494171137826,270.5744918872498,284.92573417333597
7720,204.59091735449047,239.52830322954628,226.2055639346161,253.37059496475152,290.1901456250742,257.8863047495053,291.77666839711054,238.21481698866071,270.60789475987355,284.9590131207631
7721,204.6172711281848,239.56132568083854,226.235333637019,253.3941670855167,290.2273999670053,257.9187103510962,291.8122891429753,238.24469059152585,270.6412969431837,284.99229248227
7722,204.643626170818,239.59434881981434,226.2651127487924,253.4177651090189,290.2646477349534,257.9511137730166,291.84790895378626,238.27456446291438,270.67469891382456,285.02557040078057
7723,204.6699726442374,239.6273637742516,226.29490793244085,253.44137785732272,290.30189406962666,257.9835147389072,291.88352741694865,238.30444284174288,270.70810077476733,285.05885279785855
7724,204.69632267913008,239.6603816324979,226.32470798278263,253.46498384551228,290.3391393281773,258.01591434712725,291.919144781918,238.3343251677293,270.7415024711163,285.0921415764741
7725,204.72267498813505,239.69338952916448,226.35450786488752,253.48859348612928,290.3763853505988,258.04830987146914,291.9547611510654,238.36420853508548,270.7749042054817,285.1254340338992
7726,204.74902625008644,239.7264005067617,226.38430152385746,253.51220158986055,290.4136383579372,258.0806999961519,291.99037516731596,238.39408999212867,270.8083059424819,285.1587279816756
7727,204.77538139014587,239.75941233298036,226.41408444288197,253.53579678201453,290.4508930228162,258.11309094801896,292.0259876891782,238.42397371556748,270.84170772077346,285.1920219136871
7728,204.80175419606317,239.7924262820495,226.44386052143716,253.55935352561377,290.48814663166013,258.1454838915791,292.06159992956094,238.45385828933405,270.8751095965549,285.2253054246296
7729,204.82813474157584,239.8254424970686,226.47363648960177,253.58293201749393,290.5253949842253,258.17787705468544,292.09721375722154,238.48374315944545,270.9085114521727,285.25858908401676
7730,204.85451226288066,239.85848170652213,226.50340039279155,253.60654705257997,290.56263866131263,258.2102729426576,292.1328282345671,238.51362903099704,270.94191333195454,285.29186971282684
7731,204.8808881475192,239.89154665102527,226.53316143940816,253.63018449069517,290.5998867486866,258.2426717252491,292.1684426802868,238.54351497939535,270.97531502381275,285.32515621019616
7732,204.90726188317623,239.92464253359066,226.56293337235007,253.65382758765273,290.6371386831926,258.27507551427374,292.20405623761275,238.57340053237132,271.0087167394283,285.3584467346479
7733,204.93362266377002,239.9577595309246,226.59271646637586,253.67747540818442,290.67439561535787,258.3074808214359,292.2396712212914,238.60328651707957,271.0421182824113,285.39174606830125
7734,204.9599849325136,239.99088283432116,226.62250271655884,253.7011309987183,290.71165324649786,258.33988548906075,292.27528781225857,238.6331731420047,271.0755202045455,285.42504810785044
7735,204.98634824054548,240.02400867064634,226.65228480420495,253.72477009953747,290.7489059242202,258.3722903503847,292.31090473443476,238.66306220260233,271.10892223456096,285.45834981890977
7736,205.01270882613093,240.05713703851544,226.68204698832463,253.74837187944777,290.786158567362,258.40469688047403,292.3465211067085,238.69295236811436,271.14232393378194,285.49164771419026
7737,205.0390687553029,240.0902758020306,226.7118049670887,253.77195773416946,290.8234138559939,258.4371039900193,292.38213742431805,238.7228418378725,271.1757255588081,285.5249387662149
7738,205.06542798575455,240.12341778069845,226.74156407322607,253.795560665733,290.860672934431,258.4695118252544,292.4177539906542,238.7527303364736,271.209126945957,285.55823879645123
7739,205.09178549354525,240.15655863250674,226.77132367297165,253.81917561222022,290.89793729046596,258.5019200842079,292.45337094223635,238.78261888356818,271.2425283843565,285.59154148983555
7740,205.11813660826843,240.18970016287815,226.80107768386736,253.8427922686936,290.93520275001583,258.5343301446863,292.4889900195624,238.8125032266189,271.27592959612974,285.6248411754759
7741,205.1444821736579,240.22283962989454,226.83082794047675,253.86642312178952,290.972472992975,258.5667408314958,292.52461057698275,238.8423859485241,271.3093308240611,285.65813952162927
7742,205.17082236684882,240.2559822628745,226.86058840135283,253.89003849910003,291.0097467944747,258.5991490334031,292.56023295458056,238.87226876600474,271.34273188039134,285.6914377241894
7743,205.19716385922985,240.28911799699935,226.89035743873984,253.91364074374647,291.0470210375519,258.63155535975415,292.59585688096536,238.90215260389385,271.3761332160876,285.7247293830586
7744,205.2235068612144,240.32223319748238,226.9201295522997,253.93724616021623,291.0843002691197,258.66396127026445,292.63148219076675,238.9320372581904,271.4095346874631,285.7580248876512
7745,205.24985125680794,240.35534153832097,226.94988149616609,253.96084875898148,291.1215808271848,258.6963664220548,292.6671083655575,238.96192150693867,271.44293617458294,285.79132118117997
7746,205.27619255091875,240.38844075889057,226.97962376749112,253.98445820844964,291.15886349008036,258.7287716964918,292.7027345372883,238.99180635789148,271.4763378784143,285.824612020178
7747,205.3025161586047,240.42152597298718,227.00935508260045,254.00807232006733,291.1961470377388,258.76117599598984,292.73835841885216,239.0216899095433,271.5097398372332,285.85790236761704
7748,205.3349697507198,240.45629231661516,227.04300581505345,254.0395126909078,291.23330027817747,258.7957239699949,292.7739772130305,239.05539548676268,271.54461189671247,285.8927362672963
7749,205.45255581496372,240.57484973649446,227.16109467823927,254.15667320221635,291.35241284295,258.9141896746326,292.8928749553266,239.17350738475037,271.66321371724933,286.01132206071713
7750,205.45648272865697,240.58385048008213,227.16710947246474,254.15820739831742,291.36455203452084,258.92239139510684,292.9032767375422,239.1793965125615,271.6720258627155,286.0202379786746
7751,205.4811948599498,240.61501899682474,227.1945103192369,254.17972268223053,291.3995238653757,258.95254540275766,292.9361452071178,239.20663522288933,271.70293768072906,286.05127968358096
7752,205.50798810380604,240.64841321405308,227.22403763364113,254.20323848857032,291.4367789882205,258.98489459636795,292.9712621672546,239.2360104391888,271.7360592794754,286.08453414504874
7753,205.53499007721436,240.68203960626013,227.25377080316386,254.22694598095072,291.4742695600077,259.01746328121334,293.0066069116511,239.2655982225024,271.7694015066817,286.1180099022373
7754,205.56201206335342,240.71568572146052,227.2835197158741,254.25066911481696,291.5117887666086,259.050052158404,293.04197879382974,239.2952054203642,271.8027656275703,286.1515042137687
7755,205.58904863250805,240.74932059467736,227.31326872215328,254.2743779142734,291.5493159387749,259.0826421071662,293.07735865699993,239.32481444070393,271.8361318130405,286.1849999935889
7756,205.61609227159673,240.7829641698749,227.34301648611148,254.29806504797082,291.58684798862043,259.11522992689055,293.11274106243326,239.3544237260049,271.86949815662945,286.2184974611869
7757,205.64312542881868,240.8166115587175,227.37276002651777,254.32176388803265,291.62438372825324,259.1478186897103,293.14812366048756,239.3840329192164,271.90286460420106,286.2519970380006
7758,205.6701616800837,240.85024521074413,227.40250514235365,254.3454356333324,291.66192143132224,259.18040757665597,293.18350528366307,239.413640534655,271.93623119284223,286.2854969122052
7759,205.6972017256202,240.88389962376064,227.43224893332047,254.36911687463765,291.69945878638026,259.21299639525733,293.21888697011605,239.4432474978092,271.9695978162022,286.3189878434971
7760,205.724221507809,240.91756024520157,227.46199708152193,254.3927653208456,291.73699031062205,259.24558306323314,293.2542685265421,239.47285431064947,272.0029643908873,286.3524780377098
7761,205.7512517343193,240.95121014855533,227.49174722664054,254.41638739924522,291.77452017133754,259.2781686528731,293.2896504068986,239.5024621958323,272.03633096772546,286.38596866484005
7762,205.778286454758,240.98482428812676,227.52149774358227,254.44002647898407,291.81203819148783,259.3107546714022,293.32503108843326,239.53207044815173,272.0696976141626,286.4194567183345
7763,205.80531973916445,241.01840209876244,227.55125422006412,254.46367376637448,291.8495565743065,259.3433429774232,293.3604098214393,239.56167756969444,272.10306472962696,286.45293778426935
7764,205.8323512885205,241.05198999262956,227.58101957240297,254.48729490574598,291.8870840491138,259.37593386878484,293.3957878813508,239.59128550218543,272.1364322322941,286.4864129420837
7765,205.85936696066335,241.08558303460867,227.6107881016956,254.51091274018148,291.92461325608417,259.4085285851098,293.43116368708564,239.62089365939178,272.169799816308,286.51989058429393
7766,205.88638988555317,241.1191719435096,227.64054601923303,254.53453836476217,291.9621368780816,259.4411248464727,293.4665365252198,239.650500675236,272.20316714908864,286.55336876200903
7767,205.91341733871604,241.15275541127974,227.6702983100307,254.5581757737877,291.9996600775049,259.47372232036605,293.50190655151476,239.68010677852772,272.23653405890553,286.58684812789824
7768,205.9404337083273,241.18631212414815,227.7000537215213,254.581815578898,292.0371767198885,259.5063201268784,293.5372760657046,239.70971030417024,272.26990076829776,286.62033219751845
7769,205.96743469476243,241.21987045624854,227.72980840867697,254.60542509981116,292.0746915502788,259.53891363131606,293.5726445558172,239.73931486090916,272.303267488941,286.6538176550891
7770,205.99442724062524,241.25343691409108,227.75956495929535,254.6290140585598,292.1122109236111,259.57150738020476,293.6080088880574,239.76891980936762,272.3366339327839,286.6873074435983
7771,206.0214269933566,241.28700561288488,227.78932221836772,254.65260092272308,292.1497333727857,259.6040956998367,293.64337256212656,239.79852450596968,272.37000033622775,286.7207987743005
7772,206.04843424413934,241.32057975444627,227.81907787551552,254.6762018031663,292.18725604849527,259.63668441876496,293.6787344895808,239.8281279111687,272.403366721022,286.75428565808465
7773,206.07544343444857,241.3541592764104,227.84883398393237,254.69979581258306,292.224775309885,259.6692731865629,293.7140962201256,239.85773006524965,272.43673326936687,286.78777819695557
7774,206.10245326767247,241.38773691413428,227.87859300114485,254.72339569154323,292.2622940240195,259.70186100723265,293.74945645988896,239.8873331205904,272.47010014520134,286.8212754256608
7775,206.1294536298048,241.4212871787808,227.90835892753037,254.74699297798597,292.29981590303026,259.73444738665677,293.7848165129726,239.91693653602366,272.50346749027375,286.8547735023235
7776,206.15645680905442,241.45484630718127,227.93812689893818,254.77059993869563,292.33734187671394,259.767032154421,293.82017235904584,239.94653861422807,272.5368349582122,286.8882654389777
7777,206.18346236109613,241.4884174124149,227.96789187509026,254.7942110472166,292.3748684806587,259.7996148404696,293.85552717691877,239.97614033874675,272.5702023352216,286.92175240187925
7778,206.21046121491196,241.5219899273435,227.99765899261172,254.8178344643495,292.412394544215,259.83219659517965,293.8908836047595,240.0057415518303,272.6035698914074,286.95523486112825
7779,206.2374621792648,241.5555525807821,228.02741461035984,254.84147278443115,292.4499206543277,259.8647754932071,293.92624180974815,240.0353425637939,272.63693780227226,286.98870910155176
7780,206.26447275568842,241.5891294816768,228.05715844257782,254.86506663176095,292.4874456063685,259.89735361152924,293.96160029130436,240.0649417736143,272.6703059533261,287.02217294621437
7781,206.29149836538997,241.6227102730213,228.0868896510089,254.88866933506768,292.52497037702443,259.92993260028794,293.99695675129715,240.09454196748968,272.70367415005444,287.0556288735415
7782,206.3185310685905,241.65629143062088,228.11662042902074,254.91228560693094,292.5624934491334,259.96250316019933,294.0323103721882,240.12414287518024,272.7370425546094,287.08908524094994
7783,206.34555078281866,241.68987141062627,228.14635852217387,254.935918242763,292.60001683928584,259.9950737195002,294.0676616249027,240.15374085867867,272.7704110462413,287.12254379063324
7784,206.37257386539864,241.72344719166364,228.17609926933656,254.95950640450843,292.63753916295906,260.0276450790492,294.1030137944669,240.18333880675263,272.8037789750607,287.1560106938728
7785,206.39959231042934,241.7570174302768,228.20583580912157,254.9831000205764,292.6750617616457,260.060219859293,294.1383661187629,240.21293704030992,272.8371469219969,287.18948404482524
7786,206.42659646864487,241.79058259796517,228.2355646159937,255.00671636702057,292.7125825690818,260.0927971310931,294.17371696346703,240.2425344368049,272.8705148583605,287.22296047193487
7787,206.45359297017276,241.82415173369793,228.26529770897872,255.03030126826607,292.7500958994133,260.1253748494124,294.2090674325406,240.27213000809869,272.903882496469,287.2564374526113
7788,206.480584698401,241.85773155816963,228.2950329643169,255.0539106553212,292.7876162809591,260.1579478075314,294.24441845886946,240.30172620242433,272.93725015417056,287.2899156397813
7789,206.50757736740988,241.8913232362822,228.32475819296366,255.07753281762461,292.82513936503517,260.1905191567026,294.27976945489723,240.33132343200262,272.9706178270289,287.32339459339545
7790,206.53456945943134,241.9249192001929,228.35447848406454,255.10114465552587,292.8626635079834,260.22308919010027,294.31511846249884,240.3609210789777,273.00398531105895,287.35686996999124
7791,206.5615470780384,241.95852055838716,228.38419905660993,255.12471668525652,292.90018778399235,260.25566099038326,294.35046621994053,240.39051802263683,273.037352705476,287.390341317831
7792,206.58852169534208,241.99212309171838,228.41391550452462,255.1482975084684,292.93770525589485,260.28823565244335,294.3858134743917,240.4201135714971,273.0707202727043,287.42380559810795
7793,206.61548388083781,242.0257159830342,228.4436294944941,255.1719035519804,292.97521889360854,260.32081100126146,294.42116037089505,240.44970716669735,273.10408788720264,287.45726444501344
7794,206.64245060922798,242.0593303799529,228.47334819347523,255.19552523929997,293.01272910832256,260.3533859665507,294.456507409439,240.47930128564508,273.13745541276535,287.490713175008
7795,206.66941566145655,242.09296777397424,228.50307165265303,255.2191688806,293.0502301445576,260.3859606510733,294.4918541521285,240.5088956373913,273.17082283027264,287.5241603031277
7796,206.69638709623493,242.1266157319638,228.5327793596362,255.24283008382912,293.08772644422174,260.4185373421099,294.5271962629465,240.5384894578139,273.20419000664003,287.5576003545968
7797,206.72336132259758,242.16027126277118,228.56249754820004,255.2664557186556,293.1252215838677,260.45111847537663,294.5625384741911,240.56808155493414,273.23755719273134,287.591038172828
7798,206.75033106096672,242.19392872702736,228.5922201744901,255.2900598570579,293.16271370018046,260.48370286423994,294.59788169086005,240.5976738309219,273.27092439126625,287.62446422765004
7799,206.77728571731205,242.22758530701304,228.62194216323942,255.3136803517892,293.2002065485549,260.51628788646235,294.6332250078178,240.6272662084542,273.3042914152758,287.6578857586746
7800,206.80422605498586,242.2612250087342,228.6516656568204,255.33734763513803,293.23770018701236,260.548872941031,294.6685663173748,240.65686076118925,273.3376582115211,287.69130279943926
7801,206.83116822011607,242.29485061341208,228.6813711411856,255.36104529429963,293.275193877985,260.5814592530444,294.7039064508904,240.68645729975262,273.37102489551575,287.7247214803909
7802,206.8581161787553,242.32845985669678,228.71106034647917,255.38475065684722,293.3126918567489,260.6140457097877,294.73924523307085,240.71605542517497,273.4043915896566,287.75814015061525
7803,206.8850675483936,242.36207024021124,228.74074275644418,255.40844575459235,293.35019744351797,260.646636837362,294.7745838149867,240.74565415348752,273.4377580929981,287.79154682908836
7804,206.91201856130235,242.3956976421083,228.7704342041315,255.43214232428204,293.3877042110037,260.6792298252256,294.8099193832416,240.77525152146976,273.4711246525972,287.8249548627574
7805,206.93893964176195,242.42934708479567,228.8001280839768,255.45586054651343,293.42520650029155,260.7118228258735,294.84525422564127,240.804849085911,273.50449109627846,287.8583634322863
7806,206.96584996337748,242.4630109570299,228.82981913182314,255.47958773728658,293.4627029227969,260.7444181517209,294.8805887743109,240.83444722864422,273.53785742717304,287.8917720148209
7807,206.99276362069426,242.49669280227556,228.85952275393035,255.50334696871866,293.50019808037615,260.77701403065015,294.91592199267313,240.8640454429577,273.57122370095294,287.9251834492643
7808,207.01968993831414,242.53037869701254,228.8892314160039,255.52712234648405,293.53769619373617,260.80960994747124,294.95125401516736,240.89364229615228,273.6045900043861,287.95860884635147
7809,207.04662477176726,242.5640349789088,228.91893617345693,255.55087547012803,293.5751943839205,260.8422054577645,294.9865903536433,240.92324087933613,273.6379560657125,287.9920382621968
7810,207.07356326350467,242.5976871873528,228.94864725680083,255.5745924397672,293.6126894069709,260.87480141973515,295.0219278922167,240.95284156407988,273.67132211187476,288.0254670957631
7811,207.10049772998997,242.63130748643084,228.97836102182663,255.59831570033916,293.6501839657373,260.9073945368371,295.0572641514148,240.9824429942649,273.7046881932753,288.05889622435967
7812,207.1274468366791,242.66493102580552,229.0080646986612,255.622016741566,293.6876796623635,260.93998753725396,295.09259910278286,241.01204186589737,273.7380543789408,288.09232713439326
7813,207.1544012664922,242.69855586022885,229.0377570205079,255.64571630665094,293.7251747771739,260.97258206923686,295.1279340867645,241.04164019940453,273.7714206602077,288.12576120744103
7814,207.18134167010226,242.73219559196144,229.0674537160905,255.66942887174372,293.7626630800588,261.00517703012787,295.1632667040268,241.0712393516852,273.80478702980156,288.15919184149806
7815,207.20828232173582,242.76583883652407,229.09715264809773,255.6931092711214,293.8001520548898,261.03777151557085,295.19859953613627,241.10083894384388,273.8381534090187,288.19262045423494
7816,207.2352233012327,242.79947519483656,229.12684455716138,255.71679439579796,293.83764428604553,261.0703646813048,295.23393178607995,241.130438796274,273.8715192824077,288.22604629977747
7817,207.2621583745596,242.83309637719395,229.1565388987753,255.74048016204188,293.8751367713288,261.1029543706305,295.2692638296309,241.1600388458467,273.90488508815076,288.25947776989074
7818,207.28907475165934,242.8667102760395,229.1862310500514,255.76415313793183,293.91262454815677,261.1355422915984,295.30459496710006,241.1896366359804,273.9382505973431,288.29291516017076
7819,207.315979844952,242.90032001987979,229.21590590864236,255.7878068425604,293.950106169355,261.16813281275853,295.3399248306509,241.21923174423165,273.97161610865317,288.3263539456507
7820,207.34288601650502,242.93392982309925,229.2455888659809,255.811456097251,293.9875832618878,261.200724221054,295.37525622522884,241.2488268351581,274.0049815086752,288.3597947902344
7821,207.36978747544515,242.96753908783705,229.27527501703165,255.83511422164403,294.02505895188386,261.2333156351691,295.4105888264496,241.27841954324484,274.038346931183,288.3932368758458
7822,207.39667930812072,243.0011492698781,229.3049684679723,255.85879693781223,294.0625335186325,261.26590713727603,295.44592365390275,241.3080097663087,274.0717124248769,288.42667871146824
7823,207.4235866948418,243.03474211924782,229.3346708169952,255.88249273315796,294.1000061178077,261.2984997299617,295.4812590213653,241.33759810272724,274.10507793949273,288.46011045480367
7824,207.45050424805882,243.06833034126515,229.36437598892172,255.90617613691848,294.13747413818487,261.3310924604941,295.51659317850726,241.36718465828287,274.1384433587446,288.49353900015353
7825,207.47742820540697,243.10191167491283,229.39406974571688,255.92988093939397,294.17492871493033,261.36368518203295,295.5519267986373,241.39677007011377,274.1718087993973,288.5269556056
7826,207.5043549912396,243.13548851265148,229.42375444942388,255.95360080661695,294.21237854851074,261.3962777631343,295.5872634317079,241.42635628688478,274.20517405498794,288.5603764045315
7827,207.53127872302738,243.16905355251959,229.45344505039594,255.97730968450193,294.24982829866195,261.4288706150737,295.6226049118866,241.45594054181174,274.2385394618982,288.59380199751405
7828,207.55818705938918,243.20260914559816,229.48314237269275,256.0010336743575,294.2872757566387,261.46146420731134,295.6579476366977,241.485525060045,274.27190489691816,288.62722872163516
7829,207.5850841947494,243.23616833964607,229.51284190988414,256.02472053178525,294.32472051996814,261.4940602648962,295.6932902445961,241.5151071444245,274.30527049150487,288.66065775327587
7830,207.61198280192693,243.26973649164205,229.54253667341166,256.0484189555217,294.3621654068277,261.5266576847005,295.72863088350323,241.54468818355872,274.3386363620003,288.6940904671064
7831,207.6388816647146,243.3033071711593,229.57223635781818,256.07213125040687,294.3996106809978,261.55925751936223,295.7639683577896,241.5742694900405,274.37200229524717,288.72752598250645
7832,207.66578512170273,243.33688233662625,229.60194238442833,256.09582802955936,294.43705134497293,261.59185814257853,295.7993053865004,241.60385145291366,274.4053678981216,288.7609646454916
7833,207.69270447178937,243.3704648783516,229.6316508469986,256.1195437378277,294.47448718529915,261.6244585133915,295.8346437185829,241.63343399975406,274.43873308951083,288.79440833481175
7834,207.71963715022554,243.4040488908428,229.66135513634717,256.14330287777943,294.5119215480348,261.65705370459045,295.86998229629404,241.66301669339651,274.4720981149451,288.8278596498359
7835,207.74657336331455,243.43762590051207,229.69105001114448,256.167085980193,294.54936106239353,261.6896469135236,295.90532157514576,241.6925980990442,274.50546276985176,288.8613226290253
7836,207.7735086312316,243.4712011042157,229.72074082379805,256.19084105398184,294.5868017262275,261.7222346212774,295.9406613196008,241.7221798807117,274.5388273798541,288.89478876259716
7837,207.80045066961932,243.5047775870579,229.7504350086955,256.2145861519399,294.62424109430395,261.75482640463565,295.97599933173836,241.75176310300034,274.57219203006974,288.92825320816854
7838,207.82739626208965,243.5383291619667,229.7801112968898,256.2383529212392,294.66168504730587,261.78741932236585,296.01133666304173,241.78134683146783,274.6055566811869,288.96171692509324
7839,207.85435170140983,243.5718925083404,229.8097862263,256.2621290271369,294.6991309607154,261.82000847162595,296.04667329537654,241.81093008570244,274.6389214210153,288.9951814429531
7840,207.8813200962162,243.60545805901603,229.83945584109617,256.28592310183956,294.7365839291172,261.85259629697396,296.0820122695942,241.84051224877913,274.67228617823685,289.0286463518132
7841,207.90829698317546,243.63902770805814,229.86912102925223,256.309739648753,294.77404394574137,261.88518414252803,296.1173530403678,241.87009316022713,274.7056507799576,289.0621120037892
7842,207.93527780750955,243.67260551324316,229.89878059464323,256.33353469143515,294.81150776330736,261.917775155739,296.1526940176872,241.8996744341209,274.73901537009533,289.0955773182865
7843,207.96224421460886,243.70619637418716,229.92843817395058,256.3572392566838,294.8489757899584,261.9503677744416,296.1880331230279,241.9292540944762,274.7723801343891,289.1290437253942
7844,207.98919751997772,243.73982719260238,229.95809659796856,256.38092179802146,294.88644707530426,261.9829621937388,296.22337212406643,241.9588338718765,274.80574492687396,289.1625059568012
7845,208.01614428636347,243.77346961938665,229.98774912252549,256.40459080529786,294.9239250601345,262.01555720126873,296.25870995107937,241.98841206915094,274.8391095253799,289.195971474716
7846,208.04309385754487,243.80710533827886,230.0173932284822,256.42827347646045,294.96140834751975,262.04814979938334,296.29404852418463,242.01798955746582,274.8724741683878,289.2294376709144
7847,208.070055697673,243.84073978565965,230.04702352297377,256.4519302218525,294.9988934062643,262.08074298259436,296.3293885918803,242.0475625908861,274.90583885895273,289.26289892771086
7848,208.09702311843063,243.87432580842108,230.07664995330538,256.4755317680011,295.03637865849316,262.11333865448034,296.36472938125206,242.0771339641229,274.93920355183525,289.2963630270725
7849,208.12399069592098,243.90788948339056,230.10627940308933,256.4991238254233,295.07386339854213,262.145937110565,296.4000702107804,242.10670296621703,274.97256808445337,289.3298287071169
7850,208.15095825689713,243.9414513143285,230.1359066602163,256.522696161664,295.11134528611575,262.17853971855135,296.4354092566676,242.13627000606232,275.0059325009763,289.3632895889769
7851,208.1779311649292,243.97501620924598,230.1655198684425,256.5462023590802,295.14882659043946,262.2111435173896,296.4707477652374,242.1658368044391,275.0392969457693,289.396749418137
7852,208.20491511111547,244.00857430448897,230.1951248027493,256.56971201744784,295.1863088330741,262.2437480484896,296.50608402070316,242.19540254067286,275.07266158083513,289.4302146037886
7853,208.23190415825897,244.04213255636589,230.22473023660123,256.5932245364922,295.2237909106622,262.27635313665223,296.54141795988465,242.22496656482042,275.1060263974515,289.46368141839815
7854,208.25889462653473,244.07569388184234,230.25433505814144,256.61672920269206,295.2612670024968,262.3089560879578,296.5767487412341,242.2545306371222,275.13939126059614,289.4971487211578
7855,208.28588032577025,244.10928971257118,230.28394017862354,256.64022230659157,295.2987423926101,262.34155655919653,296.61207796649734,242.28409349017468,275.1727560421868,289.5306199058926
7856,208.31286175350436,244.14289752224695,230.313549857346,256.66371422114514,295.33622055790215,262.3741585210976,296.64740661681077,242.31365332908584,275.20612096416295,289.56409519152675
7857,208.33984255820644,244.17650532560546,230.34316284679807,256.68721470058125,295.3737031137269,262.40676509889437,296.6827339320841,242.34321374287447,275.2394861148418,289.59757143830075
7858,208.36683198933747,244.21009809987538,230.3727710027559,256.7107456653814,295.41118968093144,262.4393729685814,296.71806158530734,242.37277462446755,275.2728515768582,289.6310453869423
7859,208.39383577315482,244.2436799643105,230.40237247430034,256.73429759173683,295.4486775541937,262.47197851473464,296.75338993905035,242.40233627266747,275.3062171839971,289.6645167445134
7860,208.42085235754539,244.2772513892736,230.43195688190724,256.75786720401805,295.48617052668135,262.5045841152598,296.7887200696669,242.43189826643408,275.3395828296621,289.6979865342021
7861,208.44787361952336,244.31083520499408,230.4615383298835,256.78146325773935,295.52366673528456,262.5371911307698,296.8240506202988,242.4614589476535,275.37294847652777,289.7314544699574
7862,208.47489002450635,244.34442889876678,230.49111937918508,256.80507695350946,295.56116341963946,262.5697995404784,296.85937988754887,242.49101897529096,275.4063139511682,289.76492386193513
7863,208.5019102250092,244.3780240894308,230.52070183722537,256.828707245067,295.5986586447706,262.60240626728535,296.8947079145767,242.52057952689336,275.4396794303507,289.7983977589861
7864,208.5289318820656,244.4116191322517,230.5502804168093,256.8522806045341,295.63614469326114,262.635015523018,296.9300375435413,242.55013853864966,275.47304451627286,289.83187372145517
7865,208.55594615248006,244.4451999421791,230.5798494048706,256.87585641626794,295.6736276020138,262.6676292429758,296.9653673832983,242.57969798163677,275.50640930837403,289.86534668389464
7866,208.58295744805002,244.47877770540126,230.60941544132774,256.8994639025326,295.7111026466683,262.7002505450375,297.00069596732817,242.6092520348921,275.53977410594234,289.8988179378302
7867,208.6099666379777,244.51235916733503,230.63899120788506,256.9230918271563,295.7485835395583,262.73287828082704,297.03602197816724,242.63880430943718,275.573138829972,289.9322904357849
7868,208.63697608838373,244.5459502544508,230.6685808845817,256.9467285104557,295.78607067335446,262.76550967714763,297.07134486761964,242.66835567123007,275.6065036160737,289.96576434265086
7869,208.66398605051964,244.57954576262912,230.69817905824092,256.970373660227,295.82356321526714,262.79814183131356,297.1066674602404,242.6979081188064,275.63986829114873,289.99923116155696
7870,208.69099500637546,244.61314143529165,230.72777938879725,256.9940312725516,295.8610566447378,262.83077282088703,297.1419878633662,242.72746122468905,275.6732328772384,290.03269819351254
7871,208.7180063747475,244.6467447736359,230.75737227149276,257.01769197677595,295.89854741579137,262.8633987186432,297.17730767106457,242.75701589185647,275.7065973787171,290.066164233274
7872,208.7450312733416,244.6803564849958,230.786967288141,257.04136511800726,295.9360359529491,262.89602217327626,297.2126269980107,242.7865712283249,275.73996171843305,290.09962337391585
7873,208.77774004284655,244.7152963443662,230.8205737499468,257.07283395883456,295.97337411543543,262.9306406995854,297.2481086542484,242.82016456226197,275.77482154832916,290.1345137861047
7874,208.89543328159417,244.83392664085733,230.93864401946075,257.1900064275376,296.0925125692946,263.0491360361908,297.3669665054238,242.93822931807108,275.8934182324411,290.2531233147796
7875,208.89909643631017,244.8433686375187,230.94441300350937,257.19173472248127,296.1051462015255,263.0578064079331,297.3775580539958,242.94380594340728,275.9026990976473,290.26226441090466
7876,208.9234536528164,244.8750485530445,230.97150191474523,257.2135038912053,296.1407155293581,263.08854232440575,297.41065847115215,242.97064459549742,275.93419447952243,290.29358086293706
7877,208.94987833127874,244.90893522759097,231.0007230853814,257.23726986560223,296.1785724926321,263.1214737290345,297.4460109824074,242.99960940678795,275.96791328119343,290.3271132208465
7878,208.97650923671543,244.94303241541806,231.03016720545526,257.2612105117932,296.21664936245827,263.15462067656046,297.4815883191306,243.02878649167567,276.0018536160312,290.3608688148389
7879,209.00316624054818,244.97714803870275,231.05963679986016,257.285156406104,296.2547500486454,263.1877899580794,297.51718757656386,243.05798460265905,276.03581512347074,290.39465107431226
7880,209.02982755145806,245.01127424588805,231.08910876684445,257.3091043752178,296.292856735674,263.22096115537516,297.55279046475215,243.08718509617253,276.0697781088753,290.4284398796704
7881,209.0564919107312,245.0454234712372,231.11857197578746,257.33306453451064,296.33096313790946,263.2541294909874,297.58839485930207,243.11638589834544,276.1037428990454,290.4622309068267
7882,209.0831576552254,245.07958305142063,231.1480238100775,257.356984637713,296.36906840527934,263.2872976087905,297.623999672486,243.145586593213,276.13770829745846,290.496024943957
7883,209.10982383819888,245.1137445293976,231.17747605475046,257.38088233856206,296.4071743119801,263.3204704277707,297.65960626832384,243.17478805057755,276.17167335412324,290.52981973064215
7884,209.1364927803805,245.14790557587486,231.20692241596808,257.4047882391512,296.44526493114836,263.35364803542717,297.6952133187708,243.20399049038528,276.2056373728767,290.56361383812634
7885,209.16315001241676,245.18205180428765,231.2363552040071,257.42866360773354,296.4833389719712,263.3868300670094,297.7308218580343,243.23319325413763,276.2396046408465,290.59741511507934
7886,209.18981621388332,245.21620089372414,231.2657869965836,257.4524888271305,296.5214105322226,263.42001319577406,297.76643255504376,243.26239664433697,276.27357532699455,290.63121845718825
7887,209.2164862394584,245.2503560623461,231.29522556153336,257.47632737229037,296.55948213101294,263.45319611964345,297.8020457469408,243.2916005427888,276.3075489116648,290.66502160989035
7888,209.24315031143558,245.28453163608572,231.3246663782373,257.50017369011994,296.59755175598065,263.48637924165234,297.83765953795466,243.32080499006736,276.34152312150917,290.69881911672513
7889,209.26979816912498,245.31871250181183,231.35410760068515,257.5240257103734,296.63562067921583,263.51955930477294,297.8732727658496,243.35000986616552,276.37549546645636,290.73261454251053
7890,209.29645031227705,245.35288027735552,231.3835431563218,257.5478955793369,296.6736895042723,263.5527359149991,297.9088865665471,243.37921485290218,276.40946814444874,290.7664051864611
7891,209.32310800214154,245.38704869203013,231.4129748326754,257.57179982487435,296.7117579940614,263.5859068330323,297.9445020866063,243.40841970951908,276.44344141236945,290.80020280992574
7892,209.34977163469785,245.42120705635668,231.44239434830578,257.59572056748215,296.7498339535971,263.61907416674717,297.98011874013196,243.4376246230876,276.47741475920077,290.8340022736408
7893,209.37643943346657,245.4554060455725,231.47181437705353,257.61964546866517,296.7879190771043,263.652240397865,298.0157354573083,243.46682957722433,276.5113860562193,290.8678006910346
7894,209.403115012016,245.4896326477379,231.50122858436504,257.64355519444445,296.82601685941916,263.68540354284653,298.0513501452753,243.4960342597681,276.5453574498949,290.9015930969691
7895,209.42979673697332,245.52386346751103,231.53063731559223,257.6674927097379,296.86411714710647,263.7185556025009,298.08696439706983,243.52523829918493,276.57932875673475,290.93538106231944
7896,209.45648180952,245.55807315734552,231.5600418081521,257.6914551463043,296.90221782480205,263.7517079314785,298.12257910037886,243.55444176140594,276.6132976897966,290.96917228670526
7897,209.4831541644752,245.5922818648427,231.58944541845287,257.715423845669,296.9403269802278,263.78486591159276,298.15819399218356,243.58364551396448,276.64726665350713,291.00296545426784
7898,209.50982808293665,245.62648145294847,231.61884973814566,257.7394000368046,296.9784397195231,263.81803448650413,298.19380868731713,243.61284980724704,276.6812363766211,291.03676288495956
7899,209.5364998921369,245.6606552508491,231.64826034386815,257.76333051628615,297.01655286695785,263.85121443171585,298.2294241969989,243.6420545627548,276.71520650712307,291.07056197207874
7900,209.5631732199992,245.69480820764997,231.67767362880463,257.7872666715344,297.05467165321085,263.88439719540327,298.2650400598937,243.6712594470418,276.7491767057178,291.1043606722503
7901,209.58984897072662,245.72892425826578,231.70708748225934,257.81119047754976,297.0927914936857,263.91757590099587,298.3006555400813,243.70046440299967,276.78314657472623,291.1381593849414
7902,209.61652619288677,245.76303728003032,231.73650296281176,257.835112764542,297.1309116826602,263.9507504361064,298.3362712914768,243.72966953931373,276.8171175855749,291.1719542232387
7903,209.6431991366688,245.79715986564256,231.76591047954244,257.8590037577111,297.1690522236299,263.98393732100897,298.3718870802896,243.75887356696046,276.8510905805331,291.20574834272674
7904,209.6698674624032,245.83128247081916,231.7953085584872,257.8829114562406,297.2071971944247,264.01713198381873,298.40750275528154,243.78807750879503,276.88506559433904,291.23954248032436
7905,209.69653044359984,245.86537410181367,231.82469078836505,257.906837671933,297.24533911721517,264.0503286129351,298.44311671169964,243.81728220381336,276.9190423177211,291.2733355502117
7906,209.72319669069324,245.89948156072282,231.85406722675916,257.9307738044178,297.2834816805046,264.0835273057809,298.47873015349603,243.84648729824295,276.95301931814805,291.30712591120835
7907,209.7498658280358,245.93359215158782,231.88344273638936,257.9546903989927,297.32162034068193,264.11672660706137,298.51434478934544,243.87569253329187,276.9869934256721,291.34092394683336
7908,209.77654193441163,245.96768217080745,231.91281778075466,257.97857011653934,297.3597705556805,264.14993001235064,298.54995963686554,243.90489780607405,277.0209665349634,291.37473267397087
7909,209.8032218767887,246.00176005914045,231.94219507991437,258.0024612907341,297.39792295969556,264.18313522028814,298.5855737038408,243.9341030402705,277.05493990379796,291.40854529912957
7910,209.82989339310603,246.03583790604375,231.97157352703715,258.02635895220635,297.43606824011044,264.2163405388702,298.6211876111141,243.96330806759144,277.08891218846287,291.44235823257884
7911,209.85655370049597,246.069891673142,232.00095167009172,258.0502676945986,297.47422138281274,264.24954485088494,298.6568004986817,243.99251347353493,277.1228832917714,291.476171418153
7912,209.8832145451762,246.1039234143648,232.0303393252828,258.0741381052267,297.5123750608087,264.28275215885145,298.6924125892986,244.0217190798082,277.15685459113314,291.5099851993075
7913,209.90987789020102,246.13793913865362,232.05973386550747,258.09800256313474,297.5505175628921,264.31596073464044,298.72802485452934,244.05092494050433,277.19082399827334,291.5437951281785
7914,209.9365346626681,246.17195667635949,232.0891302687311,258.1218776412739,297.58865798573635,264.34916887525014,298.76363700778654,244.08013097525523,277.2247937563899,291.57760841641317
7915,209.96318598753524,246.20597389178562,232.11853177899897,258.1457407671511,297.6267960044095,264.38237973920974,298.79925068627364,244.10933745659636,277.25876718423024,291.61142232963164
7916,209.98984018778208,246.23997875991805,232.1479405648587,258.1695909494293,297.6649409105723,264.41559187264016,298.8348651657303,244.13854411072512,277.29274167231216,291.6452343538084
7917,210.01649833095487,246.27396178561654,232.17735767853006,258.19344904444966,297.7030921217472,264.448806542085,298.8704797588738,244.16775087290375,277.32671538452996,291.6790463148314
7918,210.0431618697257,246.30793537667643,232.20677770797275,258.21729484619607,297.7412440973674,264.4820257662428,298.90609423586574,244.19695776501231,277.3606882740608,291.7128594471237
7919,210.06983324035693,246.3419073594721,232.23619882005764,258.2411573820116,297.7793906889533,264.5152473103394,298.94170851724317,244.2261648874754,277.39465843804794,291.7466698689918
7920,210.09650918969086,246.3758832663289,232.26562237771537,258.2650329304416,297.8175265849569,264.54846950182053,298.97732289126276,244.25537211391296,277.42862994680814,291.7804833574075
7921,210.12317005826864,246.4098274361466,232.29504562012605,258.2889280216455,297.8556623936803,264.58169177812135,299.0129360211758,244.28457936640916,277.4626031465086,291.81429773843666
7922,210.14983240891272,246.44375641979275,232.32446356888187,258.3128299739477,297.8938031823805,264.6149137605756,299.04854762872463,244.31378677274367,277.49657787499206,291.84810929356195
7923,210.17649752790473,246.47767487257263,232.353873248783,258.3367355480658,297.9319537024901,264.6481382831325,299.08415800969294,244.34299430540813,277.5305544783118,291.8819214987076
7924,210.20314736297715,246.51160747523016,232.3832771299295,258.3606305908083,297.97010665003626,264.68136896680267,299.1197688321352,244.37220188905468,277.5645373364771,291.91573686711394
7925,210.2298019726736,246.54554271476854,232.41266796519815,258.3845275615626,298.00825863699424,264.71460164533084,299.15538279703065,244.40140927836848,277.5985227630928,291.94955274434955
7926,210.25646074070923,246.57946419598795,232.44205316171843,258.40842871379124,298.04640504759533,264.74784235096564,299.19099755352033,244.4306167332803,277.6325083821668,291.9833641893861
7927,210.2831065701588,246.61338098336176,232.47143431343605,258.43233271847345,298.08454649989517,264.7810921919387,299.2266117568542,244.45982417540637,277.6664941535988,292.0171735783016
7928,210.30975196750913,246.6473020630903,232.50082549931435,258.4562529601981,298.12268206011885,264.81434420530314,299.2622257889799,244.48903122401896,277.7004802039537,292.0509753777815
7929,210.33639525761816,246.68122239901552,232.5302201752699,258.48015870117183,298.16081736269774,264.8475954513929,299.2978385018432,244.51823797723478,277.73446675084693,292.08477534115707
7930,210.3630412840897,246.71509649796684,232.55961198056727,258.5040755867936,298.1989563729715,264.8808381367523,299.3334511310868,244.54744480636802,277.76845582365576,292.1185728401798
7931,210.38967897784784,246.74893275227004,232.5890028461368,258.5279798530574,298.23709606317243,264.9140756941816,299.36906288779596,244.57665165199998,277.8024455897991,292.1523656319938
7932,210.41631154760526,246.78276922496045,232.61839112253094,258.55185585593165,298.2752364817319,264.94730557577975,299.4046749298097,244.6058584357699,277.8364351445457,292.186148656034
7933,210.4429499882025,246.81661606013085,232.64778197274416,258.5757360460581,298.31337881655065,264.9805332090196,299.4402870063586,244.6350651847773,277.87042279154764,292.21993102144415
7934,210.4695974680442,246.85046429950557,232.67716928556527,258.59960079570413,298.3515213768144,265.01376126247425,299.4758991508772,244.6642720635031,277.9044117347601,292.2537086311001
7935,210.49625373771687,246.88430126002146,232.70656319129031,258.62348184717456,298.3896629831566,265.0469869833157,299.5115110483138,244.69347911816035,277.9384008502687,292.28748073391023
7936,210.5229162015049,246.91813958103555,232.735959604158,258.6473739210695,298.4278024997112,265.0802096759326,299.54712242529894,244.7226863007426,277.9723904097139,292.3212532283631
7937,210.54958126965235,246.9519659754941,232.76534190899574,258.6712425921498,298.4659544341078,265.1134375256796,299.5827343992038,244.75189335392474,278.00638282398336,292.3550201579827
7938,210.57624826182803,246.98577159181613,232.79471868034102,258.6951160419972,298.50410936858435,265.1466678657649,299.6183465935662,244.78110027498232,278.0403758345726,292.3887830683238
7939,210.6029033541561,247.0195754680395,232.8240941277993,258.71898454144747,298.54226216260804,265.1798983681818,299.6539579930504,244.81030678536953,278.0743686240245,292.4225488184181
7940,210.62955789511543,247.05337136605453,232.85347725724634,258.74281456896864,298.58041430226604,265.21313169221605,299.6895714198958,244.83951282051416,278.1083649187174,292.4563173133318
7941,210.65621559262908,247.0871623238526,232.8828633094845,258.76659716969397,298.61856201156934,265.2463673627112,299.7251854270411,244.86871859821548,278.14236536019735,292.4900932917826
7942,210.68287551612417,247.120936492847,232.9122497598624,258.7903835057846,298.6567078464235,265.2795896166135,299.7607996073942,244.89792450920228,278.1763668255473,292.5238731084419
7943,210.7095274390198,247.15470791630142,232.94163305972918,258.81411946106584,298.69485170092497,265.3128115366887,299.79641385433644,244.92713051316994,278.210368758344,292.5576534212511
7944,210.7361884542893,247.18846620709652,232.9709960542185,258.8378489480163,298.73298986225444,265.346033834718,299.83202604557505,244.95633657474332,278.2443722778311,292.5914343824526
7945,210.76285404009212,247.22221496867178,233.00035750379627,258.8615636404201,298.7711261601643,265.37925138210227,299.86763928636566,244.98554236164685,278.27837734458416,292.62521658427585
7946,210.78951617221585,247.2559670611279,233.02972135034892,258.88527952992746,298.8092663186948,265.41247490827277,299.9032530017809,245.01474825867248,278.31238273189507,292.6589990181754
7947,210.81617928715744,247.2897185163873,233.05908293386508,258.9089936010565,298.84741646455234,265.44570073517843,299.9388670209221,245.04395422532784,278.34638931045856,292.69277996819784
7948,210.84284384408565,247.3234634126939,233.0884477942336,258.9326880796219,298.88556896391555,265.47891573923874,299.97448107928295,245.07316021236252,278.3803966466185,292.72656029767734
7949,210.86950136395427,247.35721256530636,233.1178142728803,258.956369551065,298.92371943095964,265.5121262038334,300.0100946578065,245.10236639239196,278.41440429500506,292.76033682844894
7950,210.8961606582281,247.3909504182849,233.14716934680789,258.9800517761105,298.9618798976125,265.54533596743164,300.0457094011704,245.1315724992952,278.44841217311114,292.79411625719683
7951,210.9228231835007,247.42468718728423,233.17652551380274,259.00376506636775,299.00004314090114,265.5785532587642,300.0813244344066,245.16077873425493,278.48241982016646,292.82789855894947
7952,210.94947475817565,247.4584271911093,233.20588618590085,259.02750427748794,299.03820366619937,265.61178014983454,300.1169388913676,245.18998426228245,278.5164312143564,292.86168098543254
7953,210.9761395136,247.49219966011665,233.23525156865077,259.05125386831054,299.07636263797343,265.64500942743695,300.152552875385,245.21918988194267,278.550444328583,292.89545437439943
7954,211.0028154315512,247.52598215657142,233.26461895506182,259.07499328127136,299.1145310449424,265.67823349191775,300.18816578392824,245.24839518317282,278.5844596871798,292.92921669534314
7955,211.02950000074418,247.55976478857662,233.2939870365924,259.0987433159284,299.1527075531719,265.71145860698243,300.2237787133335,245.27760059543718,278.6184761425629,292.9629776193693
7956,211.0561872559631,247.59354597748919,233.32334989502118,259.1225082936438,299.190890955094,265.7446840502215,300.2593909863473,245.30680523311509,278.65249267751693,292.9967389006777
7957,211.08287347566286,247.62733535506774,233.35271465066316,259.14628467008873,299.22907717569683,265.777905175328,300.29500301360025,245.33600974944383,278.68650966311037,293.03050108123426
7958,211.10954895338514,247.66112624293856,233.3820799831304,259.1700881592512,299.26726828145434,265.81112451054855,300.33061281836183,245.36521444053759,278.72052872255165,293.0642635010442
7959,211.1362211012618,247.6949346732187,233.4114440499476,259.19390700242394,299.3054598674713,265.84434152962746,300.36622206485566,245.39441982277563,278.75454974806047,293.09802199613125
7960,211.1629049300371,247.72876556138368,233.4407960620582,259.2177168377516,299.3436508060103,265.87755924910476,300.4018306616854,245.42362548126502,278.7885751453475,293.13177652895996
7961,211.18959443438558,247.76260490490444,233.47014744599753,259.2415283262826,299.3818420055877,265.9107727144234,300.4374374614014,245.45283091219284,278.82260173057335,293.16553007284404
7962,211.21628604489575,247.79645245802038,233.49949996785625,259.2653673790167,299.4200360830974,265.9439867541775,300.47304560680595,245.48203646213346,278.8566281604952,293.1992783313482
7963,211.2429830118335,247.83030236699747,233.5288586902208,259.28916479824983,299.45823765700055,265.9771978118206,300.5086563997186,245.51124205589326,278.89065509095946,293.233017290179
7964,211.26967551523455,247.86415624373802,233.55822828289175,259.31297321578245,299.49644013418913,266.01040800531695,300.54426788097595,245.54044743210798,278.9246796749308,293.26676167232114
7965,211.29636974820264,247.89802126328615,233.5876031599159,259.33677836577766,299.53464680137506,266.0436198053966,300.5798799435263,245.56965239364555,278.95870038212445,293.30051129046234
7966,211.32306600501124,247.9319042045436,233.6169787538345,259.36060675842384,299.57285336504674,266.07683205033345,300.6154921484974,245.59885728310837,278.99272197761445,293.33426679060415
7967,211.34975665619186,247.96579149616613,233.64635263190124,259.3844088143184,299.61104475392096,266.1100443600294,300.6511053808194,245.6280622681233,279.0267470188875,293.36802376434866
7968,211.3764540317211,247.9996658213198,233.67572204536987,259.4082225649902,299.6492221547299,266.1432584067424,300.6867191003714,245.65726797809725,279.0607739982508,293.4017801773778
7969,211.40314310365565,248.03354759425054,233.70508672463208,259.43203709389525,299.68739274830006,266.17647314709706,300.7223327250824,245.6864743246667,279.0948012612779,293.43553706019486
7970,211.42982519353959,248.06743113940206,233.73445478651593,259.4558247872454,299.72556087055193,266.2096898205695,300.7579470581224,245.71568137520546,279.1288261676061,293.46929202939685
7971,211.45650271263082,248.1012937312861,233.763826093934,259.47962196961686,299.76373672853913,266.24290745945046,300.7935626473521,245.74488867632752,279.1628509349853,293.5030489842484
7972,211.48317689305466,248.13515122587498,233.79319264934026,259.50339518591966,299.80191822266397,266.276121155602,300.82917892505674,245.77409538732005,279.19687165743426,293.53680880486155
7973,211.509853198389,248.16899677661073,233.82256047789926,259.52712801039166,299.8400995531301,266.3093352052093,300.86479525380196,245.80330162357853,279.23089088436967,293.57056885000736
7974,211.53654189868672,248.20283777865106,233.85193559523893,259.55084162536224,299.8782783151213,266.3425529459456,300.90041178076086,245.83250774615135,279.264911113769,293.6043244683338
7975,211.5632447005507,248.2366790387584,233.88131434122587,259.5745362738865,299.91645726803887,266.37578037912436,300.936028568034,245.86171392652747,279.298931839066,293.63808048800973
7976,211.58995763897897,248.27051674547593,233.91068454720806,259.5982215708535,299.95463034411523,266.4090109617546,300.97164461451536,245.89092025262195,279.3329533480719,293.6718304075083
7977,211.6166739655275,248.3043593668776,233.94005562737362,259.621889264563,299.99280020252377,266.4422422011698,301.0072596725062,245.92012685452713,279.36697604505116,293.70557674532387
7978,211.64339056647444,248.33822139146523,233.96941920050625,259.6455426960551,300.030969071583,266.47547366923874,301.0428744214345,245.9493338923212,279.400998907664,293.739323358728
7979,211.6701097772846,248.37208984152676,233.9987779264063,259.6691194853914,300.0691345267775,266.50869703881574,301.078486798449,245.97854139694346,279.4350180897276,293.7730697646635
7980,211.6968282117349,248.40595819145773,234.02813613672342,259.6926974809005,300.10729903620603,266.54192525132066,301.1140991049942,246.00774905813785,279.469035268316,293.80680740096176
7981,211.72354638568646,248.43982309481314,234.05749202243467,259.7162545785829,300.1454634023622,266.57515487178756,301.1497103393339,246.03695643685543,279.5030497168867,293.840542427418
7982,211.75026712938057,248.47369506960155,234.08684875460887,259.73979006820616,300.18362616115627,266.6083797571959,301.18532115377843,246.06616314254316,279.537061956805,293.87428162793987
7983,211.7769799313811,248.50758319300994,234.11620724395235,259.76334960551145,300.2217894023152,266.64160097001957,301.2209313042945,246.09536994604198,279.5710719735909,293.9080226796032
7984,211.80366998645917,248.54147530807845,234.14556709565014,259.78692467097693,300.2599564371297,266.6748182356318,301.25654119946677,246.12457667111948,279.6050834925946,293.94176331311905
7985,211.83035476189343,248.57535589380427,234.17491624399153,259.810481430088,300.29812838854644,266.7080282448101,301.2921509962474,246.15378308633083,279.6390954241757,293.9755009903412
7986,211.85703505719673,248.6092372879537,234.2042618608141,259.83403980357195,300.33629986762116,266.74122858886204,301.3277590485498,246.18298960063362,279.6731072980514,294.00923853994476
7987,211.8837173910509,248.64310338759648,234.23360313277087,259.85762761157355,300.3744607379208,266.77442562474704,301.3633669747,246.2121961232769,279.7071195193033,294.0429727065335
7988,211.9104054989571,248.67697088468785,234.26294371787296,259.8812308443074,300.41261828197815,266.8076214849027,301.39897536740506,246.2414028189142,279.74113438511165,294.07670390026726
7989,211.93709748578488,248.7108198145805,234.29228777675743,259.9048510457287,300.4507712237868,266.84081909872845,301.43458380178953,246.2706097154978,279.7751508665851,294.1104383221848
7990,211.96378884045959,248.74468402339576,234.32163444357357,259.9284929352552,300.48892065369773,266.87401346707145,301.47019223198134,246.29981694052935,279.80916758370915,294.14417563267506
7991,211.99048448330046,248.77855732350088,234.35098779166654,259.95213132857253,300.5270640765588,266.90720928197743,301.5058004240054,246.32902437127683,279.84318469309756,294.17791377563265
7992,212.01718375885275,248.81243123798328,234.38035016708378,259.9757981357533,300.5652020686045,266.94039861063237,301.54140686212946,246.35823239999846,279.8772054164173,294.21165353429706
7993,212.04388516145653,248.84629357340555,234.409715758888,259.99948236111635,300.6033404373004,266.97358013312,301.57701294827143,246.38744066271025,279.91122715906096,294.2453950226218
7994,212.07057789218635,248.88014485100422,234.43907204199024,260.0231798673946,300.641487078583,267.006754171522,301.6126195443114,246.41664919714597,279.9452468989886,294.27913663448317
7995,212.09727026453734,248.91400104226898,234.46841888558038,260.04686872861566,300.6796381934694,267.0399254040756,301.64822618512164,246.44585799316508,279.97926666847025,294.3128699324526
7996,212.1239619163462,248.9478586993423,234.49775888400353,260.07060259467045,300.7177908621737,267.0730933494422,301.6838332746636,246.47506574534185,280.0132852094674,294.34660116699814
7997,212.1506483808719,248.98170823031464,234.52709962642908,260.0943579735469,300.7559468693378,267.10626132279094,301.7194407309277,246.50427313081647,280.04730417792285,294.3803301572821
7998,212.17733191010942,249.01555858312074,234.55643179142322,260.11809115734155,300.7941042281623,267.13942905547555,301.7550476956213,246.53348022144607,280.081324011731,294.4140521549977
7999,212.20991454533117,249.05057101106033,234.58994913405456,260.1495830880692,300.83205603259614,267.1742237014088,301.79065147716193,246.56695442039737,280.1163944007617,294.4490251421617
8000,212.32755480767986,249.1692317863505,234.70798197351527,260.2667652545304,300.951280396328,267.2927930082563,301.90954711768876,246.68496913951248,280.23507951971015,294.56766935232616
8001,212.33152436146912,249.178501378866,234.71379146747944,260.2681809976036,300.9640272250496,267.30154935642463,301.92027651391334,246.6909504673039,280.2443251783999,294.57705745415984
8002,212.35628443866682,249.20998167823134,234.74094083023377,260.2895473052065,300.9997286226758,267.3323982442547,301.95354421024905,246.71830878676204,280.2757746135292,294.6086816976433
8003,212.38312051913184,249.2436937631762,234.7702267314913,260.31291502639107,301.03772471900925,267.3654547344723,301.9890659153139,246.7478063727702,280.30944622040744,294.6425271592359
8004,212.41016982964067,249.27762759751585,234.79972967035684,260.33647712032877,301.07594108185776,267.39872982067425,302.02481364409897,246.7775173766605,280.3433394474826,294.6765897081586
8005,212.4372391809579,249.31157615610087,234.8292527654148,260.36005561068527,301.114178988659,267.4320274589981,302.06058420520895,246.80724770306455,280.37725334923056,294.71067724881755
8006,212.46431890264716,249.34550083557272,234.85878341053441,260.3836394393577,301.15242180461854,267.4653310605169,302.0963565466886,246.83697922980124,280.4111684680674,294.7447675611111
8007,212.49140460528938,249.3794263352428,234.88831765549764,260.4072072088404,301.19066762916174,267.4986377729413,302.13212889978206,246.86670844213702,280.4450814509649,294.7788501444111
8008,212.5184885088787,249.41333666625906,234.9178373002262,260.4307574957593,301.2289136730322,267.53194554165515,302.1679012037383,246.89643458926142,280.4789913210026,294.8129269676228
8009,212.5455796144762,249.44724756610083,234.94735121507475,260.4543164923594,301.2671554980414,267.56525575655706,302.2036733400211,246.92615910275927,280.51290213945543,294.8469989877202
8010,212.57267438233916,249.48116091599843,234.97686554567818,260.4778889135434,301.30538796938197,267.59856673073557,302.2394457205929,246.95588197951005,280.5468150897681,294.8810706957554
8011,212.59974872598923,249.5150772296228,235.00637925046766,260.50143282393293,301.34361950642557,267.631877284854,302.27521881771975,246.98560476806776,280.5807283954384,294.9151338579002
8012,212.6268271656201,249.5489699736371,235.03589949845872,260.5249782235346,301.38185257063395,267.6651876779621,302.310992061882,247.01532802672537,280.6146432727743,294.9491965057734
8013,212.65388240284358,249.58285178339455,235.06543226268911,260.54847074277666,301.42009222157293,267.69849388537864,302.34676458333405,247.04505218641387,280.6485588459624,294.98325541642384
8014,212.6809525995706,249.61674233327773,235.0949747487504,260.5719546190578,301.4583389086552,267.7317942983619,302.38253684526984,247.07477694765475,280.68247059621007,295.0173121685979
8015,212.70802937145618,249.65063541540277,235.12451915371355,260.5954231690068,301.4965934119852,267.7650921246961,302.4183087529258,247.1044974122594,280.7163786259772,295.0513673575814
8016,212.7351092938698,249.68452726853081,235.1540641044846,260.6188653093659,301.534850854802,267.79839850972536,302.4540813552811,247.13421837690728,280.75028502707886,295.0854239912545
8017,212.7621951531149,249.71840956260596,235.18359694467588,260.64232285565106,301.57311409697945,267.83170804795776,302.48985480900893,247.163937378355,280.784190557654,295.11948088803877
8018,212.78928343036642,249.75227182252675,235.21312499894742,260.66575919853693,301.6113872135596,267.8650138238065,302.52562841724136,247.19365544412048,280.81809473005154,295.15353778310305
8019,212.81637315289157,249.7861328233322,235.2426544310292,260.68921555019995,301.64966182514223,267.89831719256233,302.56140211464526,247.22337526973465,280.8519988950114,295.1875953919845
8020,212.84346548285404,249.81999854076335,235.27216750516735,260.71261866645136,301.6879371271033,267.93161543018937,302.59717590467324,247.25309626050588,280.8859028808646,295.22164913497625
8021,212.8705597242467,249.8538726206217,235.30167695039435,260.7360417052014,301.72621590714317,267.96491463662653,302.6329481976759,247.28281853660633,280.9198081157244,295.2557032759314
8022,212.89765752202825,249.88775133280706,235.3311920812493,260.7594808715334,301.76449816177154,267.9982139481695,302.668719816966,247.3125424729432,280.95371358454975,295.2897589155464
8023,212.9247451282787,249.92163920788457,235.36070903245755,260.78293957074055,301.8027824692589,268.0315105586008,302.7044914942515,247.34226708932204,280.98761872520464,295.3238171087791
8024,212.9518325748553,249.95553978529702,235.39022621794,260.80641381401176,301.8410704871562,268.06480594931,302.7402613669905,247.37199441602908,281.0215242093829,295.3578765893428
8025,212.97891757405563,249.98944349480067,235.41973402364877,260.8298924423962,301.87935846940843,268.09810226342336,302.7760309760266,247.4017228448789,281.0554286948916,295.3919367214593
8026,213.00599355133429,250.02336023740745,235.44922987304545,260.85338457817363,301.9176396744269,268.1313957531331,302.8117998489841,247.43145337096513,281.08933062373893,295.4259967336842
8027,213.03307116021523,250.05728792161426,235.4787256535778,260.8768921553076,301.9559198400532,268.1646836807447,302.84756833581304,247.46118491436107,281.1232305443298,295.4600577431992
8028,213.0601348591081,250.09121941950136,235.50823161861484,260.90038279045194,301.9941902286197,268.19796826572707,302.88333732778494,247.49091259344905,281.157130266081,295.49412101695566
8029,213.08718118418582,250.1251544665406,235.53774492173568,260.92388771100445,302.0324576635622,268.2312539884514,302.9191063710632,247.52064281676988,281.19102885418516,295.528184679205
8030,213.114211090213,250.15910421400784,235.5672601082784,260.9473936049378,302.0707253642312,268.2645382277978,302.95487483917753,247.550375407787,281.22492862367534,295.5622514806157
8031,213.14123510769616,250.19307419101534,235.59677611438772,260.9709047875913,302.1089836390503,268.2978249486841,302.9906435560161,247.58010906232707,281.2588286629392,295.59631917376555
8032,213.16826175642905,250.22704926047655,235.62629248426666,260.9944325394209,302.14723286521576,268.33111217811046,303.0264123500309,247.60984533089973,281.2927276192725,295.6303860138715
8033,213.19529665221913,250.2610217303439,235.65580714491668,261.01796897316564,302.18546217086794,268.36440166092785,303.0621811548446,247.6395838282953,281.3266240065381,295.66445217167967
8034,213.2223420805835,250.29496043095693,235.68532119447468,261.0415147225822,302.22369192889806,268.3976969094532,303.09795012173976,247.66932287632406,281.3605205034631,295.6985165489001
8035,213.24939107752988,250.3288796415163,235.71483717186427,261.06504691775433,302.261922090161,268.4309934659966,303.13371824756507,247.6990626842538,281.3944172569778,295.7325813352551
8036,213.27643759235474,250.36276756142533,235.74435366642376,261.0885813242733,302.3001535847736,268.46428807774146,303.16948542534914,247.7288031816347,281.42831424626047,295.7666431579496
8037,213.30346913547305,250.39663143575243,235.77387263965966,261.1121050864453,302.3383872164384,268.49758423717753,303.20525268809484,247.75854393827495,281.4622090971306,295.8007079914551
8038,213.33049965640367,250.43049553451564,235.8033928014499,261.13564027234946,302.3766211704209,268.53087551544405,303.241020047181,247.7882880781482,281.49610441740066,295.8347741479166
8039,213.35753358377897,250.46435982191005,235.83290653356417,261.15919275107535,302.4148614928916,268.5641677534222,303.27678739308914,247.8180332759197,281.530000213223,295.8688417902572
8040,213.38457157598236,250.49823745604874,235.86241148915283,261.18268810353345,302.45310235605626,268.5974690095123,303.3125548924455,247.84777769931418,281.5638965715215,295.90290981622263
8041,213.41161239787925,250.53211751359606,235.89191214590704,261.20620048575984,302.4913346838484,268.6307768298961,303.34832250287013,247.87752579559947,281.5977930677631,295.9369809266058
8042,213.43865987304912,250.5659873686192,235.92139644148008,261.22974111023717,302.5295700417833,268.66408614645263,303.3840904950945,247.90727764375052,281.6316893983067,295.9710534560095
8043,213.465711520625,250.59986539740922,235.95088600654512,261.25328659651467,302.56781192758785,268.69740100148726,303.41985886785534,247.93703039892523,281.6655862375027,296.0051255831908
8044,213.49276538117033,250.6337505016674,235.980385066145,261.2768529868303,302.60605478993426,268.7307176520083,303.4556273374818,247.9667850543941,281.6994826659284,296.0391907806857
8045,213.51981323227056,250.6676363575515,236.0098878780308,261.30043111956695,302.64429341694876,268.76403344893004,303.4913970578201,247.9965408247921,281.7333791646341,296.0732548397088
8046,213.54684967754622,250.70152953814366,236.03938433123915,261.3240191162312,302.68253081583373,268.7973494454131,303.52716738379786,248.02629573556746,281.76727395739715,296.10732131008535
8047,213.57388285066045,250.73543302379056,236.0688836513173,261.3476192797274,302.72075599354343,268.83066116079016,303.56293832034817,248.05604586369805,281.80116828892005,296.14138817967904
8048,213.6009174804414,250.76935952928528,236.09837206713038,261.3711842096379,302.75897252536004,268.86397009036074,303.5987097702045,248.08579570127378,281.8350603997607,296.1754507879417
8049,213.62793647179308,250.80330952980907,236.12785420439977,261.3947384687165,302.79718001372044,268.89727377158067,303.6344812970784,248.11554417815307,281.86895470962736,296.20951955678777
8050,213.65495575933565,250.83726831972294,236.15733474346175,261.41828507396383,302.8353852862377,268.9305732691491,303.6702523846714,248.1452921583953,281.9028496965126,296.24359054388066
8051,213.68196867379274,250.87122804466796,236.18680316507562,261.441837938105,302.8735961380127,268.9638767363162,303.706022567254,248.17504049824646,281.9367470713056,296.2776645086045
8052,213.70898877803742,250.90518238714367,236.21627250360174,261.46539541049526,302.9118086356046,268.9971856995376,303.74179250363187,248.20478288746756,281.97064533469546,296.3117393964669
8053,213.736013875352,250.9391359694076,236.24574195843513,261.48898222876073,302.95001943308296,269.0305022811548,303.7775632446354,248.23452381384993,282.00454122951277,296.3458135497358
8054,213.76302101894035,250.97311272638598,236.27521144104932,261.5125905936207,302.98822015399554,269.0638210690858,303.8133347219072,248.26426760261353,282.03843778050907,296.3798869643993
8055,213.79001890741756,251.00709696130224,236.30467066084358,261.53620707957856,303.0264214180481,269.0971398305884,303.84910636786236,248.2940127620689,282.0723343407966,296.4139610559361
8056,213.8170155821314,251.04108133355544,236.3341307785161,261.5598168163989,303.06461855344156,269.13045553577484,303.8848779483947,248.3237572340203,282.10622839642343,296.44802863683674
8057,213.84399173252243,251.07505636747317,236.36359540400198,261.5834418558627,303.1028081461089,269.1637680504676,303.92064904811167,248.35350347306118,282.14012043604254,296.48209775141515
8058,213.8709410327686,251.10903099265525,236.39307123333478,261.60703653058874,303.1409941558355,269.19708925454927,303.95642020330246,248.38325035010078,282.17401234032167,296.5161678800986
8059,213.89787410429477,251.14299273163977,236.42255038021548,261.6306136412134,303.17917161794486,269.23041772514614,303.9921909289651,248.41299662099607,282.20790309746496,296.5502379270397
8060,213.9248192625921,251.17694596132648,236.45203056149364,261.6541932919521,303.2173433749613,269.26374780386385,304.02796175562474,248.44274176420004,282.24179402784324,296.5843050866532
8061,213.95176951875203,251.21089309547511,236.48151766043807,261.67776738122234,303.2555219812257,269.2970825674179,304.0637327429349,248.47248821823803,282.2756837621191,296.6183718795771
8062,213.97871535372533,251.244840274584,236.51101517391882,261.7013383612381,303.2937021048456,269.3304186141981,304.0995037858634,248.50223537242775,282.3095730980734,296.6524430768152
8063,214.0056564852772,251.27879817617935,236.54051708161856,261.7248813087725,303.3318766523279,269.363739492863,304.1352744383034,248.5319825939679,282.34346228774615,296.6865151813015
8064,214.0326028555452,251.31275966856882,236.57003243283557,261.74843961740487,303.37003884158224,269.3970524799276,304.1710451107487,248.56172859149055,282.3773531342836,296.72058587699985
8065,214.05955721949616,251.34672122271695,236.59955872783226,261.7720030094668,303.4081843905481,269.43036612756543,304.2068156381881,248.5914769563227,282.4112446680474,296.75465627841686
8066,214.0865302190157,251.38070175815932,236.62909514597158,261.7955761758669,303.4463131070579,269.4636800627877,304.2425861930848,248.62122622758432,282.44513081205,296.7887247396157
8067,214.11351468587975,251.41469509675179,236.65863477995708,261.81915608059114,303.48443978502104,269.49698512309,304.2783579809843,248.6509761357945,282.4790157970157,296.8227872955881
8068,214.14050246028427,251.44869500312598,236.68817242525816,261.8427276084172,303.5225600281723,269.5302891379794,304.3141303153598,248.6807263584895,282.5129010518318,296.8568501160443
8069,214.1674923806838,251.48269538640474,236.71770303127468,261.86630637988577,303.5606807180484,269.56359455996125,304.34990260112045,248.71047483611287,282.5467879118474,296.8909197220907
8070,214.19448928070406,251.51668237453853,236.7472395476019,261.88981788325856,303.59879741136416,269.5968968059639,304.38567369801626,248.74022227738806,282.58067532957966,296.9249939711852
8071,214.2214788033478,251.55067255468347,236.77678194957738,261.91332151868545,303.63691207180244,269.6302002115425,304.42144478274145,248.7699702415152,282.6145619766323,296.9590690736276
8072,214.24846500798603,251.58466270795003,236.8063264291557,261.936827097964,303.6750098714862,269.6635039531941,304.45721560432554,248.7997176024075,282.64845248430726,296.99314605839254
8073,214.27545487474993,251.61865211760716,236.83586501524923,261.96032733621297,303.713113115442,269.6968099360726,304.49298641654593,248.82946254753526,282.68234515375605,297.0272280655005
8074,214.3024457952971,251.65265235479671,236.8654035902625,261.98381094407824,303.75121725828166,269.73012216836514,304.52875705687194,248.85920764760374,282.7162396427395,297.0613113986403
8075,214.3294369137988,251.68668182478024,236.8949445555266,262.00726520912184,303.78931554216246,269.7634378588729,304.5645281138884,248.88895498938385,282.7501355501381,297.09539561010104
8076,214.35642956573537,251.7207244113594,236.92449134208715,262.0307291117457,303.8274057079536,269.79675381080955,304.6002992100853,248.9187035758017,282.78403232241266,297.1294805993247
8077,214.38340987465716,251.7547674143544,236.95404173658832,262.0541717088962,303.86549617854456,269.8300579898761,304.63606994378216,248.9484514861336,282.81793148817286,297.1635620968273
8078,214.4103775633969,251.78878333782927,236.9835973189155,262.0776125789063,303.90358234167076,269.86336036530514,304.6718412010765,248.9781986030919,282.85183308714466,297.1976409788283
8079,214.43732979161402,251.8227698197009,237.01315778589526,262.10106524918024,303.94166243461694,269.8966564546194,304.7076128373156,249.00794450188562,282.88573745294303,297.23171830115575
8080,214.46428454472561,251.8567316678482,237.04270654276604,262.1244916110026,303.9797389312647,269.9299525275694,304.74338446745213,249.03769178338703,282.9196430406166,297.2657943086674
8081,214.49123273080022,251.89066960818838,237.07223372480306,262.1479114380606,304.0178128803243,269.96324627048716,304.7791555220824,249.06743970247464,282.9535487886707,297.299875735446
8082,214.51816388217125,251.92460575130536,237.10177048340992,262.17127621278684,304.0558870571205,269.99653998936583,304.8149260628134,249.0971856799056,282.9874544392973,297.3339591116174
8083,214.54509605175303,251.95854484526572,237.13131789582576,262.1946090431406,304.0939554625281,270.02983138373685,304.8506960525157,249.1269327307312,283.0213595648208,297.3680413330583
8084,214.57202731843014,251.99247428978154,237.16087484553984,262.21794953323257,304.1320225633252,270.06312430684903,304.88646600073065,249.15668048614222,283.0552661190672,297.4021213749276
8085,214.59894580455807,252.0263893302392,237.19043454342855,262.2412719067182,304.1700845166776,270.0964177204114,304.92223552500536,249.1864282824679,283.08917341394545,297.436201965405
8086,214.62586726592028,252.06027915210174,237.21999435529912,262.26460651435247,304.20814871761957,270.12971580911824,304.958005893953,249.2161767976595,283.1230804879483,297.4702823505919
8087,214.65279308016184,252.09417068875064,237.24955626675816,262.287952921885,304.24621653832475,270.1630159068119,304.99377648453907,249.24592208354858,283.15698769711236,297.50435886557784
8088,214.67972099337464,252.12806229773352,237.27911945080734,262.31127613765915,304.2842842454437,270.196317115421,305.0295467735859,249.27566770298452,283.1908951200971,297.53843556743357
8089,214.70664359491545,252.16194769920492,237.30868089323064,262.3346009368068,304.3223457941157,270.22961852021257,305.06531699957645,249.30541329135184,283.22480073027447,297.57251487881183
8090,214.73356243378225,252.19583118229048,237.33824572626486,262.35788779042184,304.36041488810713,270.2629201076613,305.1010873204685,249.33515990254944,283.2587051107105,297.606594731421
8091,214.7604768432304,252.22971218413002,237.3678110244186,262.3811956614329,304.3984856116022,270.2962225238523,305.1368575695745,249.36490733884233,283.29260942748346,297.6406736426962
8092,214.7873945227325,252.26362102852687,237.39737743717177,262.4045133200778,304.43655533192197,270.3295150176393,305.1726266162356,249.39465493193487,283.32651406779223,297.674752736255
8093,214.81432373102584,252.29754560976116,237.42695152489165,262.42782081143,304.47462439149666,270.3627976107609,305.2083956027628,249.42440021116678,283.36041835014703,297.708831827057
8094,214.8412579724943,252.33148675824026,237.45653932587507,262.45114270349706,304.5126917047213,270.39607432254985,305.2441648201115,249.45414463253107,283.3943220842321,297.7429105471158
8095,214.86818829353015,252.36543958418056,237.48613596441777,262.47447997522704,304.55076600140154,270.42935518889436,305.2799346659616,249.48388455940483,283.4282226706322,297.7769910341171
8096,214.8951119204886,252.39939595621965,237.51573472843063,262.49778039951934,304.5888479032189,270.4626387062832,305.31570465027096,249.51362309618116,283.4621257272836,297.8110745198933
8097,214.92203963450203,252.43337976102106,237.54533148949122,262.5210716959237,304.626941335853,270.4959227050192,305.3514741259431,249.54336136770382,283.4960293868358,297.84516016293827
8098,214.94897069386707,252.46737145494006,237.5749179918077,262.5443731909244,304.6650373937863,270.52920617609516,305.387243834,249.57309766519833,283.5299322005491,297.87924770890646
8099,214.97590398152892,252.5013383990373,237.60451138802557,262.56769297171604,304.7031318873457,270.56248706430574,305.42301354409517,249.602832562216,283.5638367776398,297.9133379848944
8100,215.0028404192538,252.5353094767151,237.6341073423376,262.59101839755147,304.7412238600465,270.5957674654344,305.4587826524821,249.63257024498083,283.59774231612045,297.94743152720855
8101,215.02977123053165,252.56928546072496,237.663703785649,262.61435059230405,304.7793163842468,270.6290414716744,305.49455073872406,249.6623109332961,283.6316500643888,297.98152583301083
8102,215.0567029036304,252.6032642936028,237.6932984146088,262.63762852236977,304.8174127844579,270.66231548673323,305.5303178676076,249.69205224070018,283.66555838876195,298.01561862850326
8103,215.083645294008,252.63724473039844,237.72289772378483,262.66092853395327,304.8555095434016,270.6955855244056,305.5660853012166,249.72179471974806,283.6994638675349,298.04970953953494
8104,215.11059437081482,252.67123483709017,237.75249635210497,262.6842380292598,304.8935993055846,270.7288663354352,305.60185327390997,249.7515380507154,283.73336901454104,298.0838011573669
8105,215.13754547644118,252.705242511419,237.78210347734392,262.7075493331716,304.93167721898334,270.7621505317746,305.63762165435014,249.78128126209927,283.7672761764773,298.1178931253253
8106,215.16449745279402,252.73925382911548,237.8117145929378,262.7308622197666,304.96974111845304,270.795431051004,305.67339070888033,249.8110258750689,283.801186891922,298.1519852001155
8107,215.1914498942931,252.77325704661766,237.8413272854838,262.7541925381533,305.0078082286023,270.82871190839444,305.7091597960892,249.84077069851804,283.83510038925084,298.1860809090395
8108,215.21841282269006,252.8072537673233,237.87094268850618,262.7775465693955,305.04588737806796,270.861996836908,305.7449269771524,249.8705176750259,283.8690147417611,298.2201776476529
8109,215.2453810610171,252.84124594987833,237.90055921525973,262.80085603050185,305.0839774836846,270.89528289629806,305.7806941505931,249.9002655223188,283.9029295629336,298.2542737258959
8110,215.27233396409656,252.87523888094353,237.93017522571444,262.8241804118514,305.1220693252845,270.9285646923133,305.8164614926566,249.9300126032262,283.9368461979509,298.2883654938865
8111,215.29927392717937,252.9092014563929,237.95979569647284,262.8474619257231,305.16015749379454,270.96183644065303,305.8522288080999,249.9597587621753,283.97076471047063,298.3224599578365
8112,215.3262172347098,252.94316540932044,237.98942309646213,262.87075277370303,305.1982441902386,270.9951059474323,305.8879959767053,249.98950826069367,284.0046838627811,298.35655501505744
8113,215.35316745501297,252.97710177139103,238.0190531727955,262.8940003573039,305.23632650231866,271.02836536073346,305.92376319967894,250.01926013240524,284.0386037431357,298.390644294046
8114,215.3801273049938,253.01100121241933,238.0486755312026,262.9172743063995,305.2744023801245,271.0616228076723,305.9595303188129,250.04901247236438,284.07252382294183,298.4247349066665
8115,215.4070913300282,253.04490631907274,238.0782982474696,262.9405727045927,305.3124725352609,271.09487993760894,305.9952984892346,250.0787640548333,284.10644330783566,298.4588259575552
8116,215.43405310887545,253.07883737246206,238.10793091285558,262.963884476574,305.3505365691359,271.1281379424815,306.03106774341774,250.10851451944848,284.1403609278692,298.4929132505626
8117,215.46101671716096,253.1127936776384,238.13756866427605,262.98719884552816,305.3885981158402,271.1613927225769,306.06683749425446,250.13826722575706,284.17427905051954,298.5270003733491
8118,215.4879765403874,253.1467551673119,238.16719556374082,263.01052156827507,305.4266412898704,271.1946465961393,306.1026075982315,250.16802105942415,284.20819431072243,298.5610868925989
8119,215.51491705482772,253.1807047707149,238.19682383375968,263.0338060756988,305.464681976718,271.2279009279679,306.138377749618,250.1977703047479,284.2421078224253,298.595172563669
8120,215.5418579446677,253.21465703302664,238.22644807028414,263.0570791415389,305.5027109743288,271.26115495686224,306.17414775845515,250.22752019520942,284.27602380185084,298.62925513727953
8121,215.56879983548842,253.24859949283243,238.25606963669873,263.0803513897635,305.54074346008485,271.29440891298987,306.2099179113504,250.25727029856972,284.30994075462445,298.6633360467991
8122,215.5957346377676,253.28251065356187,238.28570004449236,263.10364546233797,305.57877826803576,271.3276582697103,306.24568803038716,250.28702038027325,284.3438590545901,298.6974190904981
8123,215.62266394614844,253.31642443569308,238.31533856303633,263.1269560514016,305.6168180868379,271.3609031826871,306.28145748256804,250.31676931977,284.37777806398907,298.7315030005809
8124,215.64958707788958,253.3503205422667,238.34499273634668,263.1502786974109,305.65485894530747,271.3941500048769,306.3172263385564,250.34651960454977,284.4116985730705,298.7655836368028
8125,215.67651252149957,253.3841934858234,238.37465743634115,263.1735545100944,305.6928974766854,271.4273881540927,306.3529951346421,250.37627021381837,284.44561947581906,298.79966349606826
8126,215.70918035280934,253.4192073685484,238.40828949740236,263.20485898804617,305.73074038109155,271.46220637619405,306.38875038309675,250.40993096640548,284.4806576383434,298.8347524432482
8127,215.826856397515,253.53786875484846,238.5263705186036,263.3219624243415,305.8499494988195,271.5807855850322,306.5076672289915,250.52802403804762,284.5993292221592,298.95344535661934
8128,215.8308007688781,253.54744142724527,238.53257718397046,263.3233172504129,305.8625634179072,271.58953079852284,306.5185612621311,250.53423964498504,284.60846478335117,298.96286541776686
8129,215.85552529772784,253.57932235953524,238.5602267371911,263.34460222815954,305.8981084912158,271.62035890611276,306.5520301414776,250.5618966091124,284.6397757019705,298.9945289347396
8130,215.88232080686615,253.6134348979903,238.5900215509633,263.36785285276784,305.93594542173076,271.6533925565685,306.58775649543884,250.59170089327833,284.6733047822684,299.0284148854668
8131,215.90931668488497,253.64776456367795,238.62003447331006,263.3912639027952,305.97400747983585,271.6866416815026,306.6237086040695,250.6217166920866,284.70705750800397,299.0625243412723
8132,215.93632779333387,253.6821206591854,238.65007605488398,263.4147026030546,306.01209849144755,271.71990761042775,306.6596832997774,250.6517555433621,284.74083335073755,299.0966528905706
8133,215.96333560414553,253.7165018723692,238.68013383644168,263.43819331285874,306.05019566582877,271.7531746273433,306.6956602531407,250.6818032551285,284.7746120759347,299.13078184909523
8134,215.9903363889288,253.75088945855538,238.71019650547728,263.4617238819467,306.08829349560745,271.78644503686826,306.7316374532088,250.7118574956516,284.80839114599263,299.16490866482326
8135,216.01733151618842,253.78528728842096,238.74025950575495,263.48527220880027,306.126389852632,271.81971642697135,306.76761470684204,250.74191417300293,284.84217018799677,299.1990384891954
8136,216.0443124534127,253.8197011328236,238.77032469981802,263.5087807849471,306.16447942966033,271.8529841948333,306.8035919758129,250.77197239497272,284.875948951501,299.23317147039273
8137,216.0712778194074,253.85411661132068,238.80038540858536,263.5322960551268,306.2025751682539,271.8862592018145,306.8395692461975,250.80203287594907,284.90972767905726,299.2673061422002
8138,216.09821063240693,253.88850716353787,238.83045601396992,263.55581672079364,306.2406732660353,271.91953628444094,306.8755465093299,250.83209415788608,284.9435051765013,299.30144110440915
8139,216.12514509482867,253.9228683472582,238.8605297752083,263.57934175794196,306.27877381821884,271.95279844041164,306.9115237743335,250.8621534779054,284.97728155352064,299.33557324317985
8140,216.15207043733187,253.95721254690176,238.89059671398968,263.60288197040103,306.31687400393963,271.9860616886025,306.94750105768424,250.89220294982945,285.0110573650386,299.36970435280125
8141,216.17899652710864,253.9915679336186,238.92067605604882,263.6263846786334,306.35496977455136,272.0193252365204,306.9834783471613,250.9222511523922,285.0448332095504,299.40383293913294
8142,216.2059232843527,254.025929867383,238.95076106910543,263.6498892611413,306.3930657492728,272.05258924685165,307.0194556417486,250.95230002167375,285.07860897124334,299.4379622876933
8143,216.2328547339235,254.06030550688848,238.98083418617037,263.67339687931644,306.43116415103236,272.08585485294617,307.05543293707507,250.98235204550556,285.11238511121684,299.4720917987877
8144,216.2597964687029,254.09469103196554,239.0109082630024,263.6969128801245,306.4692741805125,272.11911640407357,307.09141023392243,251.0124048189624,285.1461613328864,299.50622106460145
8145,216.28674443045472,254.12903308819506,239.04097263243065,263.7204200601749,306.5073878680232,272.1523821395378,307.1273875307483,251.04245644139777,285.17993800581735,299.54035553867016
8146,216.31369675664325,254.16336482991883,239.07103220204078,263.7438916791754,306.54550119997646,272.18564881830804,307.1633647951765,251.0725108598953,285.21371502740277,299.57449436446694
8147,216.34065097639458,254.19769031045857,239.10109795443648,263.76738318762307,306.58360958515584,272.2189143305537,307.1993420452901,251.10256590771633,285.24749302250837,299.6086368399025
8148,216.36760288226498,254.232021582235,239.13117292685143,263.7909030224024,306.6217218416998,272.2521811901253,307.2353192697089,251.1326207383249,285.2812718586388,299.6427801388617
8149,216.3945472564869,254.26635378916012,239.16126136862266,263.81443270332636,306.6598349480863,272.28544789115875,307.2712964831387,251.16267641722757,285.3150514818947,299.67692178784984
8150,216.42147512343746,254.30067427079285,239.19135440745032,263.8379591415367,306.69794344108726,272.3187046245447,307.30727369349455,251.19273578138498,285.3488327924418,299.7110624975337
8151,216.44839687634683,254.33499452219232,239.22143599711097,263.8614947193626,306.73604778541585,272.3519534923709,307.3432509019001,251.22279875358717,285.3826173175128,299.7452044709933
8152,216.4753241657472,254.3692847474534,239.2515086239372,263.88500862876555,306.7741555165096,272.3851984380861,307.3792281140634,251.25286370893156,285.41640488376595,299.7793470214696
8153,216.50224218498093,254.40357448840544,239.28157053535716,263.90853483917425,306.8122648629405,272.4184331624855,307.41520532545763,251.28293237560294,285.45019312357135,299.8134861027501
8154,216.52916169201384,254.4378831591592,239.31164305277633,263.93204306821934,306.8503728663997,272.451659363057,307.4511825371645,251.31300237369953,285.4839816702456,299.84762439028026
8155,216.5560854992714,254.47219534023853,239.34172137297708,263.955545334647,306.88846729488114,272.48488421605697,307.4871597362177,251.34307105567746,285.51777250207044,299.8817642536156
8156,216.58301130318554,254.50650885135818,239.37180055132364,263.9790404335008,306.9265477317247,272.5181084285178,307.52313692226204,251.37313719920712,285.55156416774474,299.9159050177614
8157,216.6099357126298,254.5408280685764,239.40187678817088,264.00256107995125,306.9646235734739,272.5513366759802,307.55911407409553,251.40320462667083,285.5853558830639,299.95004832513337
8158,216.63686050584565,254.57514552259232,239.43195393955034,264.0260942843757,307.00269552805287,272.5845680185747,307.5950912227778,251.43327024818512,285.61914694352424,299.9841923731508
8159,216.66378715513454,254.6094679836777,239.46201762980544,264.04961130716686,307.04076291982955,272.6178042379564,307.6310683857166,251.46333615779443,285.65293667004926,300.01833611056423
8160,216.6907121798626,254.64379424526686,239.49207166890608,264.0731409721598,307.07882388781695,272.6510419312482,307.66704558818344,251.4934017143629,285.68672619391276,300.05248064717216
8161,216.71764626353496,254.6781510932736,239.5221257806249,264.09663470400335,307.11687695871063,272.68427811565266,307.7030228104889,251.5234659435313,285.7205162061145,300.0866252497019
8162,216.74458857706946,254.71252071310238,239.55216918823987,264.1201260162076,307.15493342583403,272.7175074223765,307.73900003538466,251.55353280423483,285.7543040404328,300.1207669773367
8163,216.77153349824266,254.74689268452107,239.58221308615398,264.14359815768347,307.1929926841883,272.7507362994521,307.77497726736317,251.58360645622884,285.78809229251334,300.1549072830334
8164,216.79847342210002,254.7812648181585,239.61226823008582,264.1670224963143,307.23105226832155,272.7839537666942,307.8109545046426,251.61368376951475,285.82188260289365,300.1890443263753
8165,216.82541809388053,254.81563006550252,239.6423260187772,264.19043998175124,307.26911077219,272.8171566891068,307.84693176418455,251.6437617763195,285.8556757144906,300.223181330025
8166,216.85236836361338,254.8499720358134,239.67237543283576,264.213878964979,307.30716227333335,272.8503531381937,307.88290902860655,251.67383684584118,285.8894706498833,300.2573205866057
8167,216.87930272285934,254.88432153860248,239.7024145980414,264.23733168020397,307.3452058278051,272.8835525878777,307.9188862728717,251.7039091931055,285.9232664950092,300.29146052826695
8168,216.90624674982143,254.91868037238999,239.7324490585474,264.26075797736087,307.38323604550345,272.91675483650636,307.9548635094913,251.73398523237253,285.9570624960275,300.32560272726545
8169,216.93319572170208,254.95304966157457,239.76247497770703,264.2841734665597,307.42126623048523,272.94996157347236,307.99084077496593,251.7640639438111,285.99085771348115,300.3597456477072
8170,216.9601462336678,254.9874349304419,239.79249838431264,264.3075943643045,307.4592926451763,272.9831695377827,308.0268180502491,251.7941434892183,286.0246491561764,300.39388871174816
8171,216.9871031385884,255.02182390780953,239.82253118660103,264.3310255440625,307.4973216413446,273.0163739330591,308.0627953105074,251.82421968455498,286.0584406341056,300.4280327071961
8172,217.01407723592285,255.05620620723207,239.85256753569982,264.35446930305693,307.53535130190863,273.0495762965174,308.0987725675194,251.8542974466078,286.09223203843635,300.46217750810735
8173,217.04106496241192,255.09059813766518,239.88260610380576,264.37791479297005,307.5733768727395,273.0827787626664,308.1347497869621,251.88437266308694,286.12602198156475,300.49632244868786
8174,217.06805641741082,255.12499222224747,239.91264578469406,264.40139418621266,307.61139732923556,273.1159814712599,308.17072698552533,251.91444886131077,286.1598109013103,300.5304653359873
8175,217.095043148174,255.15937871711083,239.94267607682602,264.4248987935947,307.649418373286,273.1491809322991,308.2067041753358,251.94453041713425,286.19359991335915,300.56460827645117
8176,217.1220300719123,255.19376227869066,239.97269898110665,264.448346080975,307.68743833523024,273.1823816242591,308.2426813777695,251.97461413924805,286.22738874149246,300.59875203270803
8177,217.1490098496813,255.22813415177578,240.00272249311826,264.4717663336502,307.7254585839419,273.2155825245457,308.27865858513127,252.0046952635077,286.2611776642085,300.6328994401393
8178,217.17599172951105,255.26250674919555,240.0327435582166,264.49512155393575,307.76347866659535,273.24877924399055,308.31463578551217,252.0347770206946,286.2949659984055,300.66704783254977
8179,217.20295019798272,255.2968971280466,240.06276781822524,264.51847154730507,307.8014957164091,273.2819797947347,308.3506129854796,252.0648559465854,286.32875307356755,300.70119431457607
8180,217.22989838753782,255.33130309370918,240.0927821114189,264.54182803181345,307.83950386105323,273.31518269025986,308.38659016892717,252.09493210790416,286.3625404670393,300.73534117569756
8181,217.2568506916382,255.36571132644914,240.122798025824,264.56514743273897,307.87751033714403,273.3483847774738,308.4225673565042,252.12500654075924,286.39632706955206,300.76948615500334
8182,217.28380586660035,255.4001137193767,240.15281665151025,264.58848770392905,307.9155126586215,273.3815856600883,308.4585445447738,252.15507506734093,286.4301129263112,300.80362804105977
8183,217.31075020937163,255.43450011977652,240.18284244233166,264.6118563521499,307.9535229888879,273.41478801815134,308.4945217510006,252.18514044542025,286.4638967341775,300.83776820752223
8184,217.33769680611968,255.46883934654787,240.2128701322484,264.6352368084968,307.9915342629697,273.4479908032293,308.5304989691294,252.21520561122006,286.4976803061173,300.8719079867029
8185,217.36465033095155,255.50317592584776,240.24289069538662,264.6586244985395,308.0295387267918,273.481192467573,308.5664761887554,252.24527046025412,286.53146146451144,300.90604769003744
8186,217.39160835517575,255.53749944756785,240.27290982812593,264.68198344453714,308.06753891647577,273.5143972675357,308.6024534031531,252.27533825217955,286.56524176066705,300.9401840477685
8187,217.41856824334633,255.57182213722396,240.302934840609,264.7053457361502,308.10554269852406,273.5476068039049,308.6384306123678,252.3054089797164,286.5990202634795,300.9743223441463
8188,217.44551996750002,255.60612645650494,240.33296233994372,264.7287134056775,308.1435480001128,273.58082291359256,308.674407829615,252.33548183012317,286.63279916153255,301.0084620584508
8189,217.47246321770774,255.6404326535282,240.36298712037853,264.75208810600896,308.1815525598109,273.61404078050975,308.71038505734026,252.36555596057144,286.6665784094711,301.0426021240534
8190,217.4993934554788,255.6747314570989,240.3930134644667,264.7754817595245,308.21955038649855,273.64725753874166,308.74636229531626,252.39563303186603,286.70035751262355,301.07674202231834
8191,217.5263289225395,255.70903083452396,240.42304152906678,264.79886149095285,308.25754917768495,273.68046898858984,308.7823395491775,252.4257111422183,286.73413565367133,301.11088042949945
8192,217.55326701636415,255.74331693523825,240.45307842006267,264.82219503847597,308.2955495427394,273.7136753932531,308.81831680558884,252.45578887632277,286.7679130402107,301.14501949357
8193,217.58020195045737,255.7776143093293,240.483131870315,264.84552010507696,308.3335529204473,273.74688220776494,308.8542940530305,252.4858617499582,286.8016902684337,301.1791541530362
8194,217.60713382505966,255.81191803772563,240.5131909670013,264.86886164508724,308.37155714472635,273.7800926055023,308.89027130539876,252.5159322685857,286.8354671164671,301.21328926686834
8195,217.6340623831006,255.84622590068562,240.54324331194238,264.8921480692368,308.40956005726866,273.81331305268804,308.9262485797228,252.54600280562357,286.86924321435276,301.24742489555797
8196,217.66097025666184,255.88055086080277,240.5733017231362,264.9153880665405,308.44755248790295,273.8465373691023,308.96222586781056,252.57606246755785,286.9030190812482,301.28155635527645
8197,217.6878640592423,255.91488067075204,240.60336539707373,264.9386012047821,308.4855435959808,273.8797617268873,308.99820315764896,252.60612041938077,286.9367960240644,301.31568610905407
8198,217.71475360333855,255.9492089085867,240.63342327024438,264.9618110788938,308.5235374031613,273.91297619653744,309.0341804672889,252.63618242626427,286.97057553939754,301.34981661515803
8199,217.74164476453447,255.9835523570295,240.66348052576998,264.9850249424327,308.56153143015337,273.9461822792814,309.07015781220053,252.66624662587358,287.004355962763,301.3839508242979
8200,217.76852932653247,256.01791581174103,240.69354282260173,265.0082446034785,308.59951197710717,273.97937940916853,309.10613516693576,252.69631111983892,287.0381363783965,301.41808756132093
8201,217.7954026282291,256.05229343513827,240.72361198033215,265.03148380166897,308.63749033452547,274.0125684775089,309.1421125247115,252.7263756914334,287.07191566253704,301.45222461558535
8202,217.82226763798812,256.0867095786487,240.75368389278327,265.0547462380502,308.6754671594421,274.0457539294704,309.1780898907583,252.75643465312606,287.1056952649628,301.48635871435965
8203,217.8491361874534,256.12113629683057,240.78373785674623,265.07803783128537,308.71342924852905,274.07893147790816,309.2140672579906,252.78649667813207,287.13947598479643,301.52049287720115
8204,217.87600646836304,256.1555442120686,240.8137952164295,265.1013435663176,308.7513878171246,274.11209871976524,309.25004462041755,252.81655999149115,287.1732570210118,301.55462828402483
8205,217.90288168521238,256.1899369265161,240.843838870228,265.12465079161643,308.7893460853445,274.1452678134934,309.28602200823525,252.84662065033314,287.2070367225936,301.58876480881884
8206,217.9297642610589,256.2243297969694,240.8738845637499,265.1479664618032,308.82730114130726,274.17843983187106,309.32199940230976,252.87668100345363,287.2408135099741,301.62290488284987
8207,217.95664983655897,256.2587193453494,240.9039346585839,265.1712359584096,308.8652564037183,274.21161248303935,309.35797678731814,252.90673981515752,287.2745912979052,301.65704931191954
8208,217.98353214232225,256.29310939431394,240.93399650065908,265.1945363469414,308.9032213790103,274.2447818894159,309.39395416901874,252.93679611735473,287.3083708130032,301.691194720622
8209,218.0103990578126,256.32747600021975,240.96406309621514,265.21785443408606,308.9411883112265,274.2779579804081,309.42993157750226,252.9668447849041,287.34215290892223,301.72533955437666
8210,218.03725425997678,256.3618509141564,240.9941164046339,265.2411649677119,308.9791502421975,274.31113959404667,309.4659089929607,252.99689773697384,287.37593570067605,301.7594853231162
8211,218.06411430608898,256.3962283614672,241.02417581772397,265.26446441429124,309.0171117909664,274.3443222722577,309.50188639740475,253.0269533763465,287.40971841333237,301.7936317194923
8212,218.09097725477676,256.4305888772444,241.054249577464,265.2877585893375,309.0550712680896,274.377507285251,309.5378638266014,253.0570076343974,287.4435030237604,301.8277782307658
8213,218.11782787511197,256.46493941145155,241.0843282661826,265.31108895279874,309.0930314505168,274.4106930886114,309.57384126343675,253.08706156776535,287.47728986567625,301.86192376404426
8214,218.14467323822026,256.499253752922,241.1144036374475,265.3344367778381,309.1309878191297,274.44387788827913,309.60981867842264,253.11711210042574,287.5110771245512,301.8960686767807
8215,218.1715177467273,256.53355162445456,241.14447007943974,265.35776688134285,309.1689440115235,274.4770660423879,309.6457960884749,253.14716356736008,287.5448637435481,301.9302158886474
8216,218.19836255110266,256.56786626498746,241.1745291393524,265.38107985235644,309.20689926787026,274.5102571595951,309.6817735084924,253.17721565382524,287.5786484786814,301.96436562744645
8217,218.22520765133623,256.6022033595374,241.20459087014353,265.40436937630363,309.24485564574184,274.5434491818647,309.717750940325,253.20726214430042,287.61243265294945,301.9985163170602
8218,218.25205037021956,256.6365503284478,241.2346553113903,265.42767551926556,309.28281697666216,274.57664122694973,309.7537283744906,253.23731058519675,287.6462164606666,302.03266824125495
8219,218.27889608899326,256.6708981944893,241.2647197460288,265.45098817415777,309.32077967579113,274.6098293741914,309.7897058194447,253.26735995662418,287.6799998764624,302.066820448362
8220,218.30573898938158,256.7052344177942,241.29477901210416,265.47431652926656,309.35873873677474,274.64301408206194,309.8256832683293,253.29740942231365,287.71378521309117,302.1009705957928
8221,218.33257472950046,256.7395524303627,241.3248374896235,265.49764941655076,309.39668997352135,274.67619738387964,309.8616607018953,253.32746136664144,287.74757294876093,302.13511956431506
8222,218.35939261498794,256.773877771694,241.3548883643892,265.5209868789292,309.4346410638707,274.7093769808403,309.89763813090923,253.3575140721796,287.7813612420183,302.16927203495277
8223,218.38621107462157,256.80820424809815,241.38494383097358,265.5443354512676,309.4725918339067,274.7425476926536,309.93361553511045,253.3875645502564,287.8151477208126,302.2034272043761
8224,218.4130363653486,256.84252083668395,241.41500198880414,265.56764215861625,309.5105336728837,274.77572530491375,309.96959292812403,253.41761539828073,287.848933755226,302.2375827948731
8225,218.43986640571077,256.87683144763724,241.44505396904796,265.59092596505747,309.5484563135466,274.8089103089519,310.0055703458319,253.44766327585273,287.8827198475334,302.2717359662472
8226,218.46670047738053,256.911141046088,241.47509941442917,265.61420380453615,309.58638147234404,274.8420966854709,310.0415477702214,253.47770633696805,287.9165054196404,302.3058881551464
8227,218.49353630654943,256.94543644735927,241.50514651944772,265.6374718155881,309.6243109699656,274.87528123902183,310.0775251831407,253.50775236024853,287.9502909426103,302.34004062945
8228,218.52037514755608,256.9797180736062,241.53519252977404,265.66078225196026,309.6622437087958,274.9084636440117,310.11350256263637,253.53779945728846,287.9840742348187,302.3741931395568
8229,218.54721000217603,257.01399227064235,241.56524938048983,265.6841264446878,309.7001770668804,274.9416398321839,310.14947993114725,253.56784651626737,288.01785576162456,302.4083447220754
8230,218.57403897072547,257.04827181669935,241.59531296921884,265.70749744896005,309.73811423774436,274.97481866267117,310.1854572918527,253.59789591508456,288.05163745218687,302.44249908100886
8231,218.60086952818747,257.0825605125022,241.62537841017027,265.7308841459546,309.776051016666,275.0080014846172,310.2214346748067,253.62794688958118,288.08541811422833,302.4766541522349
8232,218.62770445409535,257.1168575718569,241.65542945400253,265.7542497397355,309.8139742470287,275.0411931797992,310.25741207213844,253.65799909990665,288.11919781166284,302.510809090246
8233,218.6545416377111,257.15118480890726,241.68545938266732,265.77764171706656,309.85188561484813,275.0743895857836,310.29338947200995,253.68805193034484,288.15297914976264,302.54496176075963
8234,218.68137735964416,257.1855208876482,241.71547699600364,265.80107305128814,309.8897872973154,275.1075866518276,310.3293668634223,253.71810032744744,288.18676090471394,302.57911430719497
8235,218.70821508677633,257.21985312748427,241.74549523283838,265.8245192992558,309.9276793687633,275.14078423945944,310.36534424149363,253.7481469462033,288.2205423088413,302.6132625482017
8236,218.73505072810096,257.25417810491905,241.77550558144762,265.8479679289127,309.96557413218284,275.17398254847365,310.40132161395337,253.77819412512355,288.2543266528692,302.64740991301335
8237,218.76189233429673,257.28848332096055,241.80550499954327,265.8714221816988,310.00346859330523,275.20716985905113,310.4372989745944,253.8082439579873,288.2881119313737,302.6815554432703
8238,218.7887377506532,257.32278926622985,241.83550400952612,265.8948761204969,310.0413558888997,275.24035249049695,310.4732763387444,253.83830024826932,288.3218964766535,302.7157002681247
8239,218.81558524053713,257.35708606923885,241.86551596799754,265.9183387383721,310.07925544560123,275.2735289047415,310.50925372166813,253.86835877307152,288.3556809514806,302.74984865464495
8240,218.84242492353127,257.3913753170507,241.89553498895282,265.9417967634803,310.11716159458155,275.3067042403457,310.545231109359,253.8984160435173,288.38946543554636,302.7839981531475
8241,218.86924884929851,257.4256656421009,241.92555500273738,265.9652301624531,310.15506818788697,275.339883840775,310.58120849359375,253.92847349284872,288.4232494701024,302.8181468765925
8242,218.89606547088573,257.4599312610764,241.95557228876908,265.98867688759213,310.19297421317486,275.3730665357148,310.61718591316014,253.9585297682951,288.4570335657177,302.85229432697207
8243,218.92288391767258,257.4941687144094,241.98558910614813,266.0120932840907,310.23088465300305,275.4062519659128,310.65316334278657,253.98858463097488,288.4908161045974,302.8864403574362
8244,218.94968981805647,257.52842970637914,242.01558300177112,266.03552917578315,310.26879963072184,275.43944592271146,310.6891407779609,254.0186405426833,288.5245978470834,302.9205891698972
8245,218.97650573091073,257.56270624605116,242.045572540752,266.05892920584205,310.30672905149345,275.4726423793615,310.72511821317784,254.04869020113446,288.55837955374517,302.95473863550023
8246,219.00332605343175,257.59698457321514,242.07555420258046,266.08229516692154,310.3446723543741,275.50583239390545,310.7610956242293,254.07874041946945,288.59215814628834,302.9888865087268
8247,219.03014354285156,257.6312327212924,242.10553957549638,266.105653311534,310.38261751837115,275.53902176109744,310.7970730204387,254.1087942379442,288.62593683063835,303.0230341765493
8248,219.05696040813376,257.66549801294906,242.13552936791984,266.1289737415314,310.4205579548135,275.5722114951329,310.8330504071472,254.1388500161425,288.6597151613005,303.0571827364194
8249,219.08376756374724,257.699784793441,242.16552104394125,266.1523200069306,310.45850782458643,275.60540100706515,310.8690277907275,254.16890806926585,288.6934910985879,303.09133471159083
8250,219.11057404774292,257.73407512173264,242.19549409582658,266.175681892573,310.496459557882,275.6385907214533,310.90500518276235,254.1989670128502,288.7272656229111,303.1254918373929
8251,219.1373772088911,257.7683538282602,242.22545337655868,266.19904743139415,310.5344064863527,275.67177685642196,310.94098260112895,254.22902684190748,288.76103866838974,303.1596503499656
8252,219.16418739362172,257.8026210180346,242.25538350221439,266.2224317978664,310.57235482776537,275.7049765903314,310.9769600253322,254.25908878471165,288.79481251873074,303.19380979305635
8253,219.19100135014816,257.83687997784097,242.28530624333337,266.2458231214381,310.6103074194856,275.7381832910898,311.01293744002646,254.2891509599702,288.8285875197236,303.22797244281173
8254,219.22363303436316,257.8720244615786,242.31902033372563,266.2771782236736,310.6480743311954,275.77299263554005,311.048887324724,254.322917656561,288.86357960432315,303.2630886461646
8255,219.341293897289,257.99074070030395,242.43713580724594,266.3943029221681,310.7672728099459,275.89156811576476,311.16783141969273,254.4410552246847,288.9822318354105,303.38179300712835
8256,219.34565759847274,258.00003418555946,242.44343289480892,266.3954204979792,310.7798532934452,275.90011412328096,311.17811573198435,254.4471474547276,288.99107828063933,303.3909745557573
8257,219.37094079802253,258.03154784514675,242.471201683629,266.4163389764212,310.8153652503494,275.93069851000604,311.2108380110879,254.47464415834696,289.02203137214,303.4223333509671
8258,219.3983231643194,258.06530391517055,242.50113216669834,266.4392254854314,310.85316912251415,275.96348707697524,311.2458033834726,254.50428033729256,289.0551953615318,303.45591081247863
8259,219.42591783778963,258.09927808838864,242.53129631925768,266.46232444591914,310.89120357854205,275.9964956004403,311.28099308018574,254.5341288294127,289.0885804412256,303.4897109320501
8260,219.45354408989166,258.1332700744979,242.5615042768114,266.48545039651384,310.9292715831959,276.02952650197875,311.3162043217977,254.5639979402762,289.1219877523401,303.52353969094196
8261,219.48117725674825,258.16726439334207,242.59172069578577,266.5085642716163,310.96735264206,276.0625614608273,311.35141677642764,254.59387180967417,289.15539711847356,303.5573739413905
8262,219.50880242361555,258.2012582995921,242.6219291521881,266.5316837953671,311.00544100229877,276.0955971108388,311.3866262192896,254.62374692382107,289.1888065757502,303.59120869905314
8263,219.53643779226562,258.2352395101122,242.65214948713654,266.55481204920534,311.0435301664365,276.12862960240824,311.42183409129007,254.65362205763427,289.22221572010176,303.62504455486
8264,219.5640787012178,258.2692225439076,242.68238025646662,266.5779396683497,311.0816144553944,276.1616601420279,311.4570433075868,254.68349757635593,289.25562488820606,303.6588809260558
8265,219.59171870128418,258.3032168234367,242.71261359039602,266.6010798643134,311.11969506260937,276.1946915059218,311.49225272307154,254.71337069845814,289.28903392909825,303.6927122677422
8266,219.61936480764894,258.3372249392087,242.74282608343756,266.6242262197781,311.1577788062387,276.22772398162135,311.527461406005,254.74324282574707,289.32244284478975,303.7265397901756
8267,219.64699004162065,258.3712357070482,242.7730365108912,266.6473733597971,311.19586479912454,276.2607585898162,311.56266876379505,254.77310967014606,289.35585200682834,303.7603673522574
8268,219.6746206358017,258.4052538590001,242.8032494965853,266.67045689964624,311.2339548740922,276.29379588970585,311.5978784830674,254.8029780802222,289.3892612330829,303.79419353025946
8269,219.70226103816125,258.4392921275008,242.8334793228986,266.6935606505893,311.2720456976596,276.32683363667354,311.63308866600966,254.83284754471705,289.4226698790832,303.8280197279307
8270,219.72990390370398,258.47334704422155,242.86371857986802,266.71659290327455,311.3101330068462,276.3598650913257,311.66829567841904,254.8627173947642,289.45607837070577,303.8618391012753
8271,219.75754872056308,258.50741697271997,242.89396024012458,266.7396400586894,311.3482205305877,276.3928931294306,311.7035019416058,254.89258741662448,289.4894866562591,303.8956600293256
8272,219.78519552068698,258.5414903213354,242.9241949354669,266.7626936930216,311.3863091049115,276.4259218230675,311.7387088174064,254.92245806831767,289.5228951085829,303.9294834202608
8273,219.81283281951235,258.57555727605126,242.9544377473621,266.785778951218,311.42439414437627,276.4589517218389,311.7739160832347,254.9523349935228,289.55630340657643,303.9633074588085
8274,219.84045258872445,258.60960553421666,242.98468295781177,266.8088155896429,311.4624804430029,276.4919775352498,311.809122805974,254.98221460503763,289.5897120376236,303.99713043388743
8275,219.86804635233037,258.6436661408099,243.0149222924419,266.83181733576293,311.50057305115547,276.52499383913755,311.8443292516678,255.01209449419238,289.6231207800185,304.0309528972116
8276,219.8956437754075,258.67774285595493,243.04515912818104,266.8547588995089,311.5386672290865,276.5580098666974,311.8795353005008,255.04197347941783,289.65652957755117,304.0647758631552
8277,219.92321856345646,258.7118230575041,243.07539868489496,266.87770925014735,311.5767672903346,276.59102131173853,311.9147395876149,255.07185363892947,289.6899385555773,304.0985930424897
8278,219.9507963006122,258.7458872380402,243.10562598368222,266.90062836289235,311.61486796580783,276.6240327797898,311.9499403937526,255.1017351454148,289.72334758454474,304.13240877163935
8279,219.9783536329675,258.7799481407228,243.1358353651696,266.92354109229746,311.652957293335,276.6570394814482,311.9851413315202,255.13162057081774,289.75675675651246,304.16622841266013
8280,220.00591406333908,258.8140207744424,243.16602986666686,266.9464653907164,311.69104035565925,276.690042357933,312.02034246675015,255.1615073555754,289.7901659670956,304.200054107225
8281,220.0334766876313,258.8481069980955,243.19622281946096,266.9693605220408,311.7291193515483,276.7230443930852,312.0555437134034,255.19139510450822,289.8235753451776,304.2338816782795
8282,220.06104036818937,258.88219614370365,243.22641794896867,266.99226702804356,311.76719191899696,276.75604411774873,312.0907440429114,255.2212858952681,289.8569848500113,304.26770939324683
8283,220.08860840440767,258.91628062257047,243.25659214055474,267.01518119108107,311.80525776003986,276.78904007546885,312.12594738606856,255.25118016310876,289.89039415511104,304.3015383277889
8284,220.1161876388922,258.95037282444645,243.28676466143526,267.0380984246326,311.8433274747667,276.8220374728099,312.1611513825495,255.28107547508836,289.9238036669769,304.3353676195521
8285,220.14377149343412,258.9844753062623,243.31692674007186,267.061028288505,311.8814044442365,276.8550352387922,312.19635400691413,255.31096961157866,289.9572132952832,304.369197772043
8286,220.1713416286558,259.0185790191829,243.34709168899462,267.0839870924862,311.9194817776237,276.8880311595184,312.23155663828095,255.34086061268087,289.9906224740648,304.40302896739473
8287,220.19890598266656,259.0526437519552,243.37725890086486,267.10696208825743,311.95754984658623,276.9210275632438,312.26676138101766,255.37075552867597,290.02403169567424,304.4368601611301
8288,220.2264718795077,259.08670624915294,243.40743350527154,267.1299211390332,311.99562416793907,276.9540244531861,312.3019687199112,255.40065163958116,290.0574409651363,304.47069101259154
8289,220.2540409545194,259.120788655502,243.43761155898736,267.15289703939476,312.0337076314381,276.98702172391495,312.33717635598043,255.43054789427362,290.0908495552096,304.5045221779816
8290,220.28161489971794,259.1548747582303,243.46779044890113,267.17588715880413,312.07179359405853,277.0200178066212,312.372380471103,255.4604451872455,290.124257825011,304.53834938940946
8291,220.30917703816687,259.1889350838682,243.49796187525655,267.19889040847687,312.1098796879184,277.0530144020386,312.40758332690416,255.4903434440244,290.1576660583442,304.57217469785456
8292,220.3367461121616,259.2229790763374,243.52814547635666,267.2218602216181,312.14797099814797,277.0860116093787,312.44278417144585,255.5202423086226,290.19107423518767,304.60599709367233
8293,220.3643206425662,259.2569843294516,243.55833338285254,267.244814025945,312.1860719356013,277.1190094641543,312.4779850116983,255.55014471331245,290.22448255610846,304.6398153674178
8294,220.39189847147088,259.29098771856866,243.58851799132574,267.26777872030726,312.22417360433866,277.15200873335084,312.51318604542706,255.58004980307976,290.2578910224241,304.6736351888642
8295,220.41947892297173,259.3249878099799,243.61868545573486,267.29076361299417,312.26226813843283,277.18500838625886,312.54838725942966,255.60995657834403,290.29129950367945,304.7074638308163
8296,220.44705411051623,259.3589755628289,243.64886350087008,267.31376273399997,312.3003695335432,277.2180080012845,312.58358851449094,255.63986387947634,290.3247081051384,304.7412949762584
8297,220.4746342598053,259.39294721921976,243.67904824428004,267.33677056066847,312.33847486845127,277.2510155940731,312.6187895131409,255.6697696856407,290.35811696832087,304.7751307545677
8298,220.50221585091433,259.42690233099535,243.70923256153316,267.3597895912077,312.37658034290234,277.2840256931267,312.65398981737167,255.69967548636671,290.3915261630988,304.8089725182324
8299,220.5297828336613,259.4608274114956,243.73940628299957,267.382779100958,312.4146956327924,277.3170338468367,312.68919049905656,255.72957941609505,290.4249355332966,304.84281969701664
8300,220.55733769621676,259.4947304968002,243.76957209216795,267.40579279085955,312.4528148338973,277.3500332402306,312.72439255483164,255.75948167799427,290.4583452244992,304.8766730979253
8301,220.58487447081586,259.52863685224895,243.7997293394392,267.42882834547737,312.49094162076034,277.3830304042118,312.75959464594433,255.7893850036579,290.4917551634606,304.91053145976446
8302,220.61240112318578,259.56255659113134,243.82987702867334,267.4519086840625,312.5290833483549,277.4160238515716,312.7947949591356,255.81929056610272,290.5251651490974,304.94439242417855
8303,220.6399297061745,259.5964872520411,243.8600309634448,267.47501016539496,312.5672286703678,277.4490174677184,312.829992665339,255.84919792462958,290.5585749951069,304.97825594937245
8304,220.66745550866847,259.63042006045015,243.89018760581246,267.49811639686874,312.605384265267,277.48201123639575,312.8651903192558,255.8791056986709,290.59198470926793,305.012119973314
8305,220.69498780568944,259.6643507083831,243.92033249743878,267.5211924344795,312.643553823308,277.5149999528042,312.90038658379484,255.90900912045626,290.62539464037997,305.045981025714
8306,220.72252348002013,259.69827470194065,243.95047397644146,267.544304529641,312.6817264974843,277.54798465592995,312.9355818439429,255.93891269372855,290.65880478027225,305.0798425429483
8307,220.7500567359303,259.73217638925684,243.98062588486926,267.56743830378105,312.719905480191,277.58096251543196,312.97077421070895,255.96881756875922,290.6922149333312,305.11370037365555
8308,220.77759235390897,259.76606547379293,244.01078047430119,267.5905798812312,312.75808510216484,277.61394235154324,313.00596267404813,255.99872322344973,290.7256250164254,305.14755849446357
8309,220.8051266156835,259.7999497071614,244.04093441172506,267.6137083285979,312.79626041875883,277.64692280484866,313.04115155329674,256.0286253316036,290.7590350333584,305.1814138248938
8310,220.83265879822451,259.8338263150783,244.0710793821094,267.6368479890197,312.8344368938879,277.67990466681107,313.07634124927506,256.0585234529521,290.7924451755625,305.2152644064068
8311,220.8601920804345,259.8676738448588,244.10122325268372,267.66000979399297,312.8726122770542,277.7128874807806,313.11153237519295,256.0884216922527,290.8258558880195,305.24911559261056
8312,220.88772403694216,259.90150462039605,244.1313721870473,267.68319418161343,312.9107816259386,277.7458697758808,313.1467237992858,256.1183163767838,290.8592667772803,305.28296898683976
8313,220.9152606626219,259.93531871402763,244.1615233913549,267.706386081633,312.9489532107496,277.77884756935305,313.1819135185293,256.1482113497617,290.8926775619101,305.31682419114026
8314,220.94280390017394,259.9691333447663,244.19167146600137,267.7295743257359,312.98712611675955,277.811825162181,313.2171016230969,256.1781022190748,290.9260883994041,305.3506832380919
8315,220.9703478206086,260.00294600951355,244.22182340449996,267.7527662814387,313.02529612633526,277.84480044016766,313.2522899647115,256.20799239624023,290.95949929245586,305.3845433275545
8316,220.99789233596883,260.03674911830745,244.25198048868143,267.77596101561454,313.06346060719056,277.8777782663299,313.2874781640253,256.2378829975594,290.9929100066548,305.418402157309
8317,221.02543357167775,260.0705346800359,244.28214632278602,267.7991558032085,313.10162537421434,277.9107564487788,313.3226641597012,256.2677724126821,291.02632074206383,305.45226208604873
8318,221.0529641297696,260.10430181278093,244.31231441156905,267.8223552093733,313.1397902240841,277.9437339245436,313.35785089662295,256.2976636678381,291.05973147659586,305.4861309626271
8319,221.08049929104067,260.1380456041519,244.3424828410588,267.84555517546556,313.17794912100106,277.97671098721094,313.3930378613544,256.3275574766338,291.09314298660917,305.52000310785945
8320,221.10802367663754,260.17179290226807,244.37264766019604,267.86876042944607,313.21610828853755,278.00967830642975,313.42822541743124,256.3574533581138,291.1265547374693,305.5538772830041
8321,221.1355482501078,260.2055256747765,244.40280666859653,267.89197453467784,313.2542668440442,278.04264771604704,313.46341560179974,256.38734987388415,291.1599664889963,305.5877519565674
8322,221.16308147336085,260.23922030172884,244.43294569786485,267.91521011499725,313.2924215627728,278.07561839441064,313.49860644237805,256.41724411796287,291.1933784732575,305.62162320560753
8323,221.19061855677464,260.2729099569131,244.46307516723292,267.938396467684,313.3305637590104,278.1085907640257,313.5337959416925,256.4471378075459,291.2267906329261,305.65549259189345
8324,221.21815469170508,260.3066008432179,244.4932154256488,267.9615967549165,313.3687033948593,278.1415638977043,313.56898538679,256.4770302674418,291.2602028142247,305.68936187528055
8325,221.24568118621625,260.34027890524993,244.52335949328886,267.98477431636513,313.40683734343355,278.1745349939194,313.6041734411942,256.5069230901597,291.2936144891496,305.72323145309065
8326,221.27319974715402,260.3739511577001,244.553503996427,268.0079818066141,313.444960730017,278.20750706466237,313.63936217564645,256.53681624879766,291.3270256476542,305.75710096564273
8327,221.30071871743283,260.4076238185918,244.58364553238695,268.0312191333736,313.4830810690082,278.2404796345543,313.6745511917919,256.5667101570484,291.3604368046748,305.7909710088957
8328,221.32823705415655,260.4413085846305,244.6137948118452,268.0544698472159,313.52118881954516,278.2734522922883,313.709740443973,256.59660458686994,291.3938476675379,305.82484216321313
8329,221.35574342472512,260.4749966444874,244.64394723159583,268.0777239867548,313.5592977779246,278.30642574185356,313.74492967797426,256.626495711214,291.4272584297074,305.8587123455194
8330,221.38325307689126,260.508675697856,244.67409129438855,268.100992236004,313.5974059945432,278.33939730597785,313.78011957034664,256.656384710559,291.46066969237137,305.8925797379389
8331,221.4107761637477,260.54237528826667,244.70423859287612,268.12428781424666,313.6355111728336,278.37236450833325,313.8153100657784,256.6862702034637,291.4940819002274,305.9264394772647
8332,221.4383086660557,260.57608759402797,244.73438667971516,268.1476045673004,313.6736168270583,278.4053268912444,313.85050014756996,256.7161565819454,291.52749435920146,305.96029786279485
8333,221.4658421559451,260.60980184562857,244.7645352325634,268.1708720277344,313.71171800609636,278.43828564367504,313.885689223366,256.74604051579934,291.560906658578,305.9941574937183
8334,221.4933727032755,260.64350252155685,244.7946840612172,268.19413002997896,313.7498160712729,278.47124464190097,313.92087783670996,256.7759233847768,291.59431847784447,306.02801996428127
8335,221.52090485522814,260.67718354662685,244.82483001489715,268.21738444400455,313.78791341441826,278.50419968843835,313.95606640233177,256.8058057497088,291.627730371223,306.0618861801901
8336,221.54844176206916,260.7108548192165,244.85497897594877,268.2406621148455,313.8260031216524,278.5371566852332,313.9912516681611,256.83568821585493,291.66114151446817,306.0957536454313
8337,221.57600070019313,260.7445204178286,244.88513280179575,268.26395993378,313.864084372871,278.57010951776766,314.0264355143426,256.865571229105,291.69455228211274,306.12962104456074
8338,221.60357047389138,260.7781966530171,244.91529645315458,268.2872719950863,313.9021632714836,278.60305953665465,314.06162084801036,256.89545417266646,291.7279630463479,306.1634838586462
8339,221.6311207665418,260.811887245384,244.94546513380507,268.3105535241306,313.9402431827357,278.6360037419942,314.0968064918235,256.92533444543267,291.76137354261436,306.19734707118334
8340,221.65865732298414,260.84559329053644,244.97563511891337,268.33384817313885,313.9783230949151,278.6689502111691,314.1319902963348,256.9552106864841,291.7947841271317,306.2312113906885
8341,221.68618524260114,260.87930335068233,245.00579403769984,268.3571030368411,314.0164062811974,278.7018967291631,314.1671749603019,256.9850866160462,291.82819432611285,306.26507574269397
8342,221.71371429121277,260.913013355728,245.03595443515547,268.3803655994264,314.05448930886524,278.7348472302869,314.20235975386095,257.01496064975015,291.86160461395446,306.2989342597808
8343,221.74124245942176,260.94672153287854,245.06611019477583,268.4036236181519,314.0925694150473,278.76779859706215,314.2375395267956,257.04483516696246,291.89501491050606,306.33279306096483
8344,221.76877399204747,260.9804345795623,245.09625324337074,268.42686833013636,314.13065011673564,278.80074018898125,314.2727146850927,257.0747051899462,291.9284243358177,306.3666490051045
8345,221.79629640226986,261.0141486491716,245.1263983990112,268.4500537491536,314.1687312072564,278.83368196564334,314.3078865946924,257.1045769743104,291.9618332298325,306.40049740319574
8346,221.82382455332512,261.047854045405,245.15654694039543,268.47324477828596,314.20681638094203,278.8666242417162,314.34305865164555,257.13445030785323,291.99524160528887,306.4343463018124
8347,221.85135634656385,261.08156133583145,245.18668603067718,268.4964350905638,314.2449027116846,278.8995679143938,314.378231612136,257.1643241441979,292.0286498434988,306.4681871124755
8348,221.87889080009253,261.11526706838964,245.21682655212277,268.51963137259827,314.282988550589,278.9325119673584,314.41340172143316,257.1941972847967,292.0620579577283,306.50203058059293
8349,221.90641134919656,261.1489462884627,245.24696343533168,268.54282697262664,314.3210780378135,278.96545148775306,314.4485679274519,257.2240731681991,292.0954656910983,306.5358752979295
8350,221.93392336189953,261.18261351967124,245.27709659017862,268.5660292409959,314.35916984392236,278.99838555855905,314.4837298118925,257.25395111922626,292.12887328595644,306.5697187374362
8351,221.96143658107636,261.2162842054119,245.30722131474332,268.5892340050123,314.3972614610596,279.0313173773208,314.5188851380886,257.28383072746277,292.162280251518,306.6035594237763
8352,221.98894566600643,261.2499629988902,245.3373480604019,268.6124500252918,314.43535083947165,279.06425040692966,314.5540384997928,257.31371495601445,292.19568708802643,306.637398735321
8353,222.01645778341643,261.2836480794106,245.36747765645814,268.63567233713894,314.47343544159486,279.09718358501163,314.58919350002276,257.3436051561727,292.2290941949626,306.67124110580056
8354,222.04396389293794,261.3173428253227,245.39760422851288,268.6588856917671,314.51151698177273,279.13011161298266,314.62434848269623,257.3734986424531,292.2625013784937,306.7050846299064
8355,222.07146213719557,261.3510431261826,245.42772973465313,268.68212007618365,314.5495972030274,279.1630396807024,314.6595022998445,257.4033928251063,292.2959087794058,306.73893009856295
8356,222.09896264154128,261.38474414900224,245.45784282340315,268.7053663443533,314.5876659993348,279.19596625070307,314.69466005292753,257.43328552505903,292.3293162841698,306.7727758868954
8357,222.12645889470338,261.4184496570943,245.48794423296053,268.7286005678447,314.6257243896072,279.22889140350753,314.72982036115,257.4631777584935,292.36272381336386,306.8066134297792
8358,222.15395973143708,261.45215978944697,245.51804532470052,268.75185961512574,314.66378044707494,279.26181724191724,314.76498110631604,257.4930689124607,292.3961314222115,306.8404498696659
8359,222.18144427259193,261.4858702262253,245.54814812534224,268.77514073374095,314.7018334784746,279.2947402576422,314.80014106568626,257.522960989008,292.4295390373883,306.8742879229576
8360,222.20893226841852,261.51957839811126,245.578251453186,268.79840700252714,314.73988499864873,279.3276603641041,314.83530117918133,257.5528534483701,292.4629467061795,306.90812704989577
8361,222.23642721455835,261.55327613785295,245.60834793617863,268.82166141351564,314.77792237186725,279.3605823089785,314.8704597804989,257.5827481379042,292.4963544701521,306.9419597944774
8362,222.26391466893128,261.5869758321066,245.6384470729615,268.84488895756084,314.8159574172216,279.3935047870221,314.90561816946655,257.6126437911365,292.52976247768635,306.97579031656835
8363,222.29139687696707,261.62067298437074,245.66854843221643,268.86811326463317,314.85398859374567,279.42642555698194,314.94077276926487,257.6425374802903,292.5631710138338,307.00961842823097
8364,222.3188823075313,261.6543722399563,245.69865850259987,268.8913478499647,314.8920196255261,279.45934292484185,314.97592644278,257.6724283324712,292.59657968565216,307.04344521588007
8365,222.3463907717539,261.68805420383114,245.72877280258345,268.91458777615566,314.93005063992564,279.49225943521583,315.0110806001234,257.70232111207207,292.629988143308,307.077273846525
8366,222.37392115253965,261.72173616710916,245.75888003867684,268.9378299044045,314.9680818925647,279.5251740570424,315.04623050012384,257.7322148331861,292.66339675251606,307.1111024820048
8367,222.4014573597361,261.7554117739446,245.78897262431806,268.9610834336495,315.00611337265326,279.55808490681625,315.08137697705814,257.76210410797137,292.69680540614377,307.1449287365651
8368,222.42899364014417,261.78908414474313,245.819065711074,268.9843173264588,315.04414589322727,279.59099654678624,315.11652073851957,257.79199285154994,292.73021406460254,307.1787583167747
8369,222.45654291884034,261.8227354841105,245.84915483489002,269.00752098276536,315.08218245900235,279.6239089151531,315.1516635946516,257.82188028650484,292.76362246079,307.21259272960856
8370,222.4840974181412,261.8563853057703,245.87924303200117,269.03072036438994,315.1202244734386,279.65681407221996,315.18680818424394,257.8517676267935,292.79703080024905,307.24642890387906
8371,222.51165528880193,261.8900636750218,245.90934235010576,269.0539119204602,315.15827810965754,279.6897123420978,315.22195324598835,257.8816545604209,292.83043918138907,307.2802651094309
8372,222.53918403176027,261.9237601659268,245.9394462724996,269.07707303461694,315.1963346093393,279.7226076777342,315.2570953958314,257.91154174785163,292.8638473826285,307.3140975728198
8373,222.56670751831288,261.95745901167567,245.96954206285187,269.10024449595824,315.2343994177652,279.75549738714284,315.29223692475034,257.9414302057374,292.8972554949473,307.3479267138328
8374,222.5942174585605,261.99113177780947,245.99964540033568,269.12342007250095,315.2724676289221,279.78838727364354,315.3273785199809,257.9713220969787,292.93066359327855,307.3817566905671
8375,222.62172885655562,262.02479796811934,246.02975178029396,269.1466099256398,315.31053654659263,279.82127421618685,315.3625175357577,258.00121507638664,292.96407113995275,307.41558912632473
8376,222.6492467433495,262.05846492136885,246.05985143644904,269.1698202947414,315.348610311503,279.8541597489275,315.39765577512003,258.0311118473316,292.9974789279207,307.4494231599539
8377,222.67676907648178,262.09214308719874,246.08995796807497,269.1930476762302,315.3866847826855,279.88704238323237,315.4327951890479,258.0610116111455,293.0308867640619,307.4832574105401
8378,222.70428782567382,262.12582919209814,246.120068002034,269.216238286425,315.42475321541315,279.9199238965059,315.46793535822735,258.09091388158464,293.06429423432934,307.5170895362894
8379,222.7318112674621,262.1595292797754,246.150171016326,269.2393744800095,315.4628121112951,279.9528063706544,315.50307381686747,258.12081714818873,293.09770088233313,307.55091292673154
8380,222.75933195551718,262.19323787827165,246.18027496076962,269.2625061430182,315.5008686045345,279.9856927153889,315.538215713644,258.15071756428944,293.13110755269975,307.5847337918677
8381,222.78685923505927,262.22694846771896,246.21037618878933,269.2856690820446,315.5389184983161,280.0185799740991,315.57335838905,258.1806129253978,293.1645138944051,307.6185496081554
8382,222.8143964843713,262.26067905619766,246.24048310370677,269.30885245816984,315.5769642565724,280.05146311737144,315.60849599340867,258.2105080860447,293.19792008677285,307.6523659699863
8383,222.8472878143825,262.29565889378955,246.27426584607653,269.3401149418287,315.6148055295786,280.0861651057717,315.6439202977897,258.24421665532736,293.232793449098,307.68737044046344
8384,222.96505772854275,262.41430598113374,246.3924101534274,269.457200740521,315.7340144189106,280.20469549645543,315.7627540611853,258.36232980998165,293.3513958168301,307.8060278736194
8385,222.96956961502823,262.42377718600284,246.39862400820886,269.4579355283745,315.74684204574254,280.2131063354481,315.7729704876628,258.36846339772507,293.36031008655516,307.8150463964635
8386,222.99502719180023,262.4555114575068,246.42627694951506,269.47834330239294,315.7826526124398,280.2435244387239,315.8056086146056,258.396016489526,293.3913494525247,307.84620966290413
8387,223.02258538829193,262.4894789752576,246.45607211990858,269.5006941092941,315.8207573726469,280.2761424776233,315.84048563984146,258.4257108998932,293.42460129098976,307.8795893716376
8388,223.050361169074,262.5236773491733,246.48607819258876,269.5232182396706,315.8590926490037,280.30897631695655,315.8755852076437,258.45561988066123,293.4580741085227,307.9131925809733
8389,223.07815847610618,262.55791315789855,246.516100504855,269.5457693032843,315.8974482160166,280.3418319351889,315.91070470125925,258.4855490335276,293.49156878075223,307.9468207186848
8390,223.10595891376138,262.59215406341576,246.54611628248716,269.56835056954435,315.93580402767145,280.3746897023177,315.9458287014484,258.5154793476397,293.5250651850132,307.98045107960434
8391,223.13376080267847,262.6263916482049,246.57613475524622,269.5909544214507,315.9741552521736,280.40755141004064,315.9809537827922,258.54541003319406,293.5585617421924,308.01407237705575
8392,223.16155813110464,262.66063298841965,246.6061545714438,269.61357235616026,316.01250161435,280.44041488196416,316.01607835045263,258.5753423011501,293.59205833779214,308.04768627810853
8393,223.1893395975247,262.6948502234215,246.6361900418014,269.63621857201497,316.0508479872143,280.4732791083965,316.05120200421766,258.605277068995,293.6255548520972,308.0812999518685
8394,223.2170938971152,262.729067331239,246.66623263543795,269.65888452613086,316.0891934479063,280.50614343485273,316.0863278876623,258.6352129045858,293.65905190373024,308.11491414910324
8395,223.24482362167163,262.76326067908764,246.6962617515988,269.68157715595885,316.12753416097144,280.5390011705972,316.1214542101132,258.66514528237514,293.69254948307247,308.1485292694147
8396,223.27254903404807,262.79745926294834,246.72629978650787,269.7042879254093,316.1658680429468,280.57186314357233,316.15658003076885,258.69507825210303,293.72604712112746,308.18214444569907
8397,223.3002764960622,262.83167320451645,246.75634200755582,269.72701136000455,316.204204053032,280.60472999922115,316.1917030632062,258.72501454927414,293.7595446181319,308.21575938919386
8398,223.32800375751432,262.86590091349456,246.78637403286731,269.74974122526885,316.2425421556596,280.6376019586428,316.2268260516863,258.75495522366634,293.79304285036943,308.249370676026
8399,223.35573196487138,262.90014768853456,246.8163897167373,269.77249526322777,316.2808840793974,280.670475178997,316.26194964227807,258.7848993471537,293.8265412959337,308.28298186558146
8400,223.3834560110278,262.93439931607344,246.84640529406195,269.7952956579853,316.31922696718357,280.7033436892191,316.297071985095,258.81484641534894,293.86003900361186,308.31659064011023
8401,223.41118738700018,262.9686415903907,246.87641502067453,269.81811949942056,316.357573504579,280.73621172630425,316.3321954915551,258.84479436449357,293.8935356402309,308.35020017959954
8402,223.438922416991,263.0028557688603,246.90641723480064,269.84095115907934,316.39592100330793,280.7690819928402,316.3673194152336,258.8747402785848,293.92703234183347,308.3838161156483
8403,223.46665032431852,263.0370565008472,246.93640832969984,269.86383306505854,316.43427027418375,280.8019528279364,316.4024429018243,258.9046863214751,293.9605290957624,308.41743374566937
8404,223.49436380188033,263.0712795001922,246.9664009872637,269.8867580159748,316.47262004384044,280.8348201011825,316.4375648648864,258.9346329931852,293.99402597068126,308.45105010391933
8405,223.52207937900312,263.10551773019176,246.99638040756346,269.90969810571033,316.5109759807522,280.86768861213795,316.47268700064546,258.96458382284425,294.0275218486271,308.48465992370814
8406,223.54978985533188,263.13976611761615,247.02635740365662,269.93264561710635,316.5493342219109,280.90055365555344,316.5078096525818,258.99453746144565,294.0610175171814,308.518272193438
8407,223.57747105991902,263.1740160257559,247.05632042851752,269.9555750071168,316.5876919523449,280.9334214234672,316.54293262605887,259.0244922566761,294.0945132727242,308.55188573180266
8408,223.60515658587286,263.20825056942795,247.08628125314928,269.97851040297456,316.62604897672475,280.9662905623605,316.57805500629837,259.05444743576055,294.12800860674463,308.58549619198493
8409,223.6328498411231,263.2424846195161,247.11624015265343,270.0014281495974,316.6644028988377,280.9991562443792,316.61317735844915,259.0844000787264,294.16150349644823,308.61910924194905
8410,223.66054887015392,263.27671813302595,247.1462018342002,270.02435600670856,316.70276127875945,281.0320232622361,316.64829863969186,259.1143525221303,294.1949985039147,308.65272274852975
8411,223.6882493850198,263.3109527010852,247.17616903390433,270.0472900948583,316.741125928523,281.06489053402026,316.6834217362328,259.14430388382095,294.2284936474522,308.6863248797987
8412,223.71594976059473,263.3452071110845,247.20613882598602,270.0702151722396,316.7794915342842,281.09775301589883,316.7185457084366,259.1742555339478,294.26198847519987,308.71992656920764
8413,223.74366573965617,263.37947014249994,247.23610555365582,270.0931305506927,316.817854695082,281.1306159029784,316.7536718443883,259.20420732301613,294.29548278763764,308.75352387763206
8414,223.7713898509081,263.4137240618885,247.266085577336,270.116050981194,316.8562181078344,281.1634809758827,316.78879918197475,259.2341578166389,294.32897682815917,308.78711962863014
8415,223.79911513187676,263.44798866463077,247.2960709269763,270.13896206313746,316.8945803725829,281.1963467391095,316.8239275614647,259.26410525357875,294.36247084280546,308.8207156205844
8416,223.8268464913621,263.48225572997495,247.32603935064708,270.1618290310689,316.9329385916966,281.22921259004585,316.85905620723975,259.2940535364065,294.3959650446845,308.85430861038077
8417,223.85459254515206,263.516555397258,247.35600281378743,270.1846761890808,316.9712964831695,281.2620786272752,316.89418453346906,259.3240039719037,294.4294593563347,308.8879016017063
8418,223.88235756400059,263.5508668388892,247.38596667625683,270.20754252639296,317.00965454325654,281.2949418881921,316.92931301150674,259.35395946513626,294.4629534816197,308.9214904711147
8419,223.91013789072593,263.5851749817646,247.4159329347136,270.23043853561234,317.0480020412894,281.3278053556992,316.96444392205774,259.3839167707047,294.4964475982095,308.9550810898666
8420,223.93792731725546,263.6195061855792,247.44590421260395,270.2533473381923,317.0863435065319,281.3606687984735,316.9995759905457,259.41386920435536,294.52994187797754,308.9886809809183
8421,223.96573068966381,263.65386911243445,247.47588744427642,270.2762493671198,317.12468821184314,281.39353822598133,317.03470970320114,259.44381675053336,294.56343681126054,309.02228378265465
8422,223.9935390692611,263.68823849208655,247.50587561928725,270.29915869639854,317.1630403566973,281.4264093233332,317.0698439884182,259.47376183619224,294.59693256271515,309.05588558351064
8423,224.02134715030977,263.7225976530977,247.5358561524752,270.32203988816406,317.2014069274934,281.45927845710816,317.10497856691444,259.5037100378009,294.63042852341533,309.08947951480593
8424,224.04915208488453,263.7569663503469,247.56583384542657,270.34491916460985,317.2397798669256,281.4921416136948,317.1401130651678,259.53366177849966,294.6639242296716,309.1230740992099
8425,224.0769589885549,263.79134362925413,247.59580726791592,270.3678184571883,317.27815485673506,281.52500413893233,317.1752465295277,259.56361509145813,294.6974206321589,309.15667022602344
8426,224.10479206455824,263.82572263795066,247.6257580089848,270.3907328651083,317.3165299885798,281.5578660961624,317.2103822037423,259.59356888697516,294.7309173436926,309.19026641610253
8427,224.13264410564534,263.86009153023315,247.65569915975829,270.41363510959957,317.35490345727857,281.5907219893899,317.24551835584356,259.62351899903433,294.7644136621309,309.2238651933525
8428,224.1605011308384,263.8944363870432,247.68563558331192,270.4364829894547,317.3932752237074,281.6235808964267,317.28065315760585,259.6534666696899,294.7979090451626,309.2574655125776
8429,224.1883532137102,263.92875529117043,247.71557281926238,270.4592748905904,317.43164418418473,281.65644127311555,317.3157874727385,259.68341472766446,294.83140439434993,309.2910700013101
8430,224.21618967719513,263.9630516391369,247.74549565904914,270.4820762808667,317.47001324155235,281.6892996209809,317.35092492601876,259.7133595991437,294.86489983416993,309.32467628046936
8431,224.24401225749722,263.9973344014397,247.77542198551149,270.50489940853515,317.50837856632575,281.7221636801129,317.38606377114587,259.74330028412277,294.8983943724174,309.35827959255494
8432,224.27183550252087,264.0316066050046,247.80535234453987,270.5277358461117,317.5467424287089,281.755030246778,317.42120263248256,259.773241927772,294.93188887873134,309.3918834138424
8433,224.29964359616972,264.06588545202374,247.83528390477755,270.5505984324833,317.58510643885927,281.7878969831287,317.4563390965002,259.803187446964,294.96538354067013,309.42548445674686
8434,224.32743153943656,264.10016781228114,247.86521802090218,270.5734959541734,317.62347189278256,281.82076193039705,317.49147543608944,259.83313890523135,294.99887836928366,309.45908369427576
8435,224.35519932709553,264.1344500528809,247.89515704245255,270.5964088157255,317.6618369074284,281.8536269809353,317.5266103981204,259.86309488622305,295.03237281299255,309.49268045544164
8436,224.38297061729278,264.16871934456884,247.92509776179688,270.61931155718474,317.7001876729239,281.8864888659645,317.5617487792265,259.89305547981166,295.06586660505843,309.5262718415366
8437,224.41071759470069,264.2029890390107,247.95503592638082,270.64218327138667,317.73852598647716,281.91934515729974,317.5968877914706,259.9230174731579,295.0993614637375,309.55985864906097
8438,224.43846883565547,264.2372187252208,247.98498190648084,270.66505415431146,317.77685944190404,281.9522024283263,317.63202322199567,259.95297913773027,295.13285663447357,309.59344464648785
8439,224.46622285668883,264.27143905780554,248.01493134751897,270.6879183475077,317.8151928960135,281.9850614091981,317.667159522975,259.98293902643735,295.1663516105831,309.6270302925012
8440,224.49396488444503,264.3056855016924,248.04487436771274,270.71074444695876,317.85352138305666,282.0179217165433,317.702297268766,260.0128965527774,295.19984667436484,309.6606131461195
8441,224.52169404046967,264.33993964471466,248.07482238602188,270.7335664216579,317.8918381344454,282.05078284994534,317.73743639559495,260.0428552552335,295.23334192173644,309.694193490395
8442,224.54941503385788,264.37419918883984,248.10478412744345,270.7563873128698,317.9301411424787,282.08364546983216,317.7725756720583,260.07281461867115,295.26683682888256,309.7277741992114
8443,224.57713259927874,264.40848983728074,248.13475516003405,270.77917869658273,317.96844135441125,282.1165084438359,317.8077120940785,260.10277203133114,295.3003318785999,309.7613507831141
8444,224.60485279937308,264.4427892049728,248.16473076121457,270.80194675833843,318.0067347874289,282.14936477961436,317.8428481599568,260.1327269720989,295.3338274275886,309.79492023732337
8445,224.63257289668897,264.477080804335,248.19470772467366,270.8247039054501,318.04503515853247,282.1822189016772,317.8779841130568,260.1626716465627,295.36732333346185,309.8284829141916
8446,224.66028478424312,264.5113866933016,248.22469062308957,270.84746642388194,318.08333705959143,282.2150725640364,317.9131162498638,260.1926155387489,295.4008184512632,309.8620458076332
8447,224.68800587839473,264.5457047339841,248.2546780485942,270.87025914384907,318.12164354469087,282.2479228181127,317.94824503770184,260.2225621145835,295.43431357413675,309.8956012363901
8448,224.71573244709813,264.5800377423313,248.2846614327207,270.89306982532656,318.159961268229,282.2807803845654,317.9833731260735,260.2525099110179,295.4678085526058,309.92914913589175
8449,224.74344600185262,264.61437974435205,248.31463870599666,270.91587176087506,318.19828104011447,282.31364024780095,318.01850202114036,260.28245105278637,295.5013032174016,309.96269481058545
8450,224.77116417785422,264.6487323239637,248.34461243894023,270.93864496616976,318.2365962334502,282.34649463198724,318.05363204104117,260.31239304929255,295.5347981255059,309.99623817093794
8451,224.79887287894545,264.6830962912621,248.37458665233976,270.9614041089953,318.2749094857194,282.37934538378687,318.08876311826964,260.34233570825546,295.5682931710511,310.02977968213185
8452,224.8265556829223,264.71746859621084,248.4045505794077,270.9841667940383,318.3132154733709,282.4121950223638,318.1238958082073,260.3722723617349,295.60178829384324,310.0633257218609
8453,224.85424502504637,264.75184059098063,248.43451474538367,271.0069479540834,318.3515195025569,282.4450430515178,318.1590288859462,260.4022093306293,295.63528420000176,310.0968754862875
8454,224.88194832352542,264.7861672998541,248.46448633829647,271.02973728573556,318.3898214358542,282.4778914138414,318.19416122887503,260.432145303508,295.6687804430149,310.13042817516407
8455,224.90965636282644,264.82047981802725,248.4944622552275,271.0525402214868,318.4281113541308,282.510739104064,318.2292923524373,260.4620823231589,295.7022768303235,310.1639812305338
8456,224.9373657361672,264.8547822038004,248.52443632801842,271.07536852486226,318.4664018535616,282.54358737868716,318.26442118583395,260.49201744133495,295.7357732413817,310.19752393695245
8457,224.96507734617427,264.88906824477635,248.5544139628969,271.09821205347504,318.5046998882741,282.5764356650955,318.29954998579825,260.52195137944585,295.7692693748751,310.23106566689444
8458,224.99278811469327,264.9233391723744,248.58439442027844,271.1210271265626,318.54299802518,282.60928432435065,318.33467804531654,260.5518827473685,295.80276553420657,310.2646140112436
8459,225.02050472653778,264.95759887349305,248.61437733540245,271.1438237405759,318.58129016918093,282.64213079674295,318.3698055075505,260.5818162034819,295.83626151169756,310.29816540155946
8460,225.04822758134793,264.99183781668194,248.64436276278929,271.1666004249032,318.61958479843685,282.67497790211604,318.40493211035425,260.6117520784956,295.86975762659927,310.3317185446686
8461,225.075959232687,265.0260739178497,248.67434904339532,271.1893923190086,318.6578792472174,282.70782006079054,318.440058918213,260.64168875738795,295.90325315757866,310.36527217359946
8462,225.10369861394315,265.06029603748,248.70432309219876,271.21222249956446,318.6961678438061,282.7406637275837,318.4751838442951,260.6716297033824,295.9367484373575,310.3988262382791
8463,225.13144067791185,265.0945029917915,248.73429120150558,271.23508504229306,318.7344538814436,282.77350749625015,318.5103084795766,260.7015724392326,295.9702438250449,310.43238756555627
8464,225.1591785465006,265.12869031601014,248.76426101406392,271.2579864784394,318.7727398584689,282.8063455139125,318.5454317393608,260.73151122845223,296.00373921176714,310.46595254614107
8465,225.18691814781894,265.1628789325243,248.79424413340988,271.28090490634,318.81102378415795,282.8391840792055,318.5805562944097,260.7614500234329,296.0372346137059,310.4995214889497
8466,225.21465762478132,265.19704601258184,248.82423494599115,271.3038381988923,318.8493189325158,282.8720155559283,318.6156811309657,260.7913866634763,296.0707301295141,310.53309692311547
8467,225.24238135112918,265.2312152661126,248.85423353965004,271.3267859500512,318.8876167405381,282.90485084401956,318.6508051450083,260.8213251706432,296.10422564804304,310.566676692206
8468,225.27010527854975,265.26539147629364,248.88423502416254,271.34973389833806,318.92591734399275,282.93768712745566,318.68593103363725,260.85126560841314,296.13772113923926,310.60026230686077
8469,225.29782951614143,265.2995695221056,248.91422999573243,271.3726946417528,318.9642198581131,282.9705223137432,318.72105908138553,260.8812093514041,296.1712168399936,310.6338510050811
8470,225.32554697672563,265.3337426696569,248.94421491440963,271.3956675180092,319.0025221092005,283.00336002672606,318.75618758673437,260.9111567832653,296.2047119541926,310.6674401393149
8471,225.35326566920048,265.3679286179743,248.97419369697107,271.4186502722267,319.04082748052116,283.0361998324769,318.79131585212355,260.9411059053819,296.2382074721361,310.70102994976105
8472,225.3809875228578,265.40212136976635,249.00417450146927,271.4416200639066,319.07913554234284,283.0690392801917,318.82644414579147,260.97105574663306,296.2717030979091,310.7346203591364
8473,225.40871722632764,265.43631678424316,249.03415659523225,271.46457007386147,319.1174489713973,283.10187915013455,318.8615715231818,261.00100578278983,296.3051986975554,310.76821399516496
8474,225.43643078369087,265.4705127206984,249.06412829507846,271.4875277849424,319.1557637872125,283.13471853127294,318.8966987835625,261.03095618670244,296.3386940890415,310.8018114543429
8475,225.46412945309993,265.50470835258164,249.09410755517442,271.51049464049294,319.1940780594625,283.167555398268,318.9318261901184,261.0609076231346,296.37218902190443,310.8354114765294
8476,225.4918318671101,265.5389021652585,249.12409681065293,271.5334274726025,319.23239107662283,283.20037999311916,318.96695260927464,261.0908595016327,296.4056827908493,310.869013747153
8477,225.5195262918903,265.5730960550378,249.1540942050444,271.556367380633,319.27070068853817,283.233200728955,319.0020790533572,261.1208088169812,296.4391770455665,310.9026227575479
8478,225.5472124071985,265.6072825166163,249.18409460822275,271.5792840752544,319.30900588508825,283.2660197339291,319.03720816190076,261.15075838187926,296.4726718294922,310.9362373991647
8479,225.57489551557848,265.64145092092235,249.21408323184457,271.6022079917704,319.3473016163503,283.29883762092715,319.0723410788835,261.1807077883858,296.5061667438302,310.9698531212201
8480,225.6025825955931,265.6756221434518,249.24407062245822,271.6251489876249,319.38558337255597,283.33164933694223,319.10747494627896,261.21065115485516,296.53966208132414,311.00346611899283
8481,225.63027406574017,265.70978387117924,249.2740431607798,271.6481050425555,319.4238606317602,283.36446197830196,319.1426085961352,261.240594865644,296.5731584267526,311.03707925047183
8482,225.65796950867602,265.7439421727727,249.30401433051972,271.6710733458643,319.462135533623,283.3972783836717,319.17774057666446,261.2705357231951,296.60665568253654,311.07069108142963
8483,225.6856444732193,265.778103499566,249.33399510604443,271.6940169327174,319.50040689685375,283.4300957921004,319.2128723576942,261.30047362186394,296.64015321920255,311.1043032678543
8484,225.71329467164668,265.81228503635526,249.36397949620678,271.71696983897635,319.5386831870921,283.4629170538894,319.24800014943895,261.330410955805,296.6736507719745,311.1379074761547
8485,225.7409471743899,265.84647104029875,249.39396763256192,271.7398935117512,319.5769594599443,283.49574112055603,319.28312524140995,261.36034600644285,296.7071486091577,311.1715160466218
8486,225.76858907552852,265.8806253209362,249.4239581970561,271.76282337483485,319.6152259992794,283.5285672192878,319.3182544930405,261.39027607559626,296.74064656430187,311.2051272105137
8487,225.79624002630104,265.91477939240366,249.4539418666039,271.78574342134743,319.6534977024948,283.5613965751619,319.35338480836197,261.4202074962625,296.7741443229219,311.2387417932668
8488,225.82390278581153,265.94892555669304,249.48391819725043,271.8086890662627,319.69177155000943,283.5942267727098,319.3885122968125,261.45013966057564,296.80764200372033,311.27235824983046
8489,225.85157203221507,265.98304904873584,249.5139016368013,271.8316504169375,319.73004128787574,283.6270508425663,319.4236417030834,261.4800695634636,296.8411391900683,311.30597480091944
8490,225.87922319486654,266.0171639070768,249.54389328492582,271.85462664736525,319.7683079566182,283.65987150158975,319.4587731104255,261.50999900403514,296.874635759851,311.33959080272865
8491,225.90687931557088,266.0513001575359,249.57389001305532,271.8776178365198,319.80657354016296,283.6926927145103,319.49390479803213,261.53992896964377,296.90813189082553,311.37320785142816
8492,225.93454615153252,266.08544384870186,249.60388840886543,271.9005928668405,319.84483012294794,283.7255140446597,319.52903584346757,261.5698591706372,296.94162851909067,311.4068277853766
8493,225.96221716206526,266.1195884718314,249.63387626966318,271.92357084752575,319.8830800802966,283.75834090379703,319.5641670363053,261.5997903088093,296.9751256271297,311.4404489989767
8494,225.989886759673,266.1537416030248,249.66386571175477,271.9465140383478,319.92132878795076,283.79116948703694,319.59929802184274,261.6297251324768,297.00862311927847,311.47407649968164
8495,226.0175398702881,266.1879047779204,249.69385680691528,271.9694708004852,319.9595753200863,283.82399393103714,319.6344278178087,261.6596653997926,297.0421206826604,311.50770600405565
8496,226.04518285195292,266.2220707639145,249.7238492749286,271.99244822399527,319.9978217783137,283.85681686357117,319.6695568713344,261.68960739225844,297.0756177753058,311.5413345240986
8497,226.07281846848187,266.2562298353716,249.75384259242543,272.0154439582327,320.036065436256,283.88963999727065,319.70468247138786,261.71955295496014,297.1091151037826,311.57495849871503
8498,226.10044935442576,266.2903772910618,249.78382937942084,272.03840121248965,320.07430659813843,283.9224635643419,319.7398089068213,261.74950039608626,297.1426132149234,311.6085825351003
8499,226.12807832065204,266.32453594772477,249.81381812045325,272.0613671764286,320.11253970052815,283.9552808875787,319.7749387519614,261.77944805195915,297.17611156508025,311.64220694943947
8500,226.15572405814038,266.35870891395194,249.84380129546255,272.0843386076068,320.1507723273329,283.9880996109167,319.81006957905845,261.8093986576911,297.2096108214995,311.6758341496206
8501,226.1833774586171,266.3928854151084,249.87378320843348,272.10731073287957,320.18899395324075,284.0209189851524,319.8452001972275,261.8393506371741,297.24311147761034,311.709469670662
8502,226.21102373591185,266.42706988887835,249.9037544356155,272.13029384010935,320.2272150741137,284.05373759493926,319.8803308814068,261.8693035893763,297.27661273058783,311.74310757334734
8503,226.23867338771217,266.4612578253107,249.93371853320784,272.1532447434063,320.26543142504096,284.0865599580215,319.9154611438907,261.89925763686364,297.3101140612336,311.77674287006715
8504,226.26634865004527,266.4954582682215,249.9636586482049,272.17619933595773,320.30365181251625,284.11938686367915,319.95059410635434,261.92920922181054,297.3436156924151,311.8103798864494
8505,226.29403310834644,266.5296661594099,249.9935992668948,272.19915666254167,320.3418761929947,284.15221827566705,319.9857288908303,261.9591551610962,297.3771177307598,311.8440232951854
8506,226.32171383877116,266.5638746970028,250.02353951367607,272.2221044530746,320.3801010731999,284.18505096039945,320.02086430965215,261.98910127034804,297.4106198248307,311.87767172680805
8507,226.34937191004207,266.59807771472384,250.05348119343884,272.2450515922583,320.41832326766576,284.21788366793385,320.0560019489599,262.01904679399746,297.44412111419945,311.9113245529921
8508,226.37703175201054,266.63227827738524,250.08341322416484,272.2680033086934,320.45653310227726,284.25071742903094,320.09114231247713,262.04899371858687,297.4776229872268,311.9449797108379
8509,226.40468312020988,266.6664973535986,250.11333977696611,272.2909576089572,320.4947324409551,284.2835514693919,320.12628331219935,262.0789412159485,297.5111250664592,311.9786350940171
8510,226.43233251193163,266.7007195721928,250.14325736622447,272.3139156494141,320.53292839695723,284.316383119216,320.16142408198203,262.1088908496303,297.544627461866,312.012284779328
8511,226.45998228999483,266.7349372383329,250.17316826584158,272.3368982165962,320.5711241955158,284.3492155365128,320.19656640973756,262.1388416200948,297.578130404507,312.045928602102
8512,226.48763464459205,266.76915508781576,250.20307869107398,272.35989070736605,320.60931157302394,284.3820517868914,320.2317102256434,262.1687929734244,297.6116344926436,312.0795700399784
8513,226.5205597419996,266.8042868381098,250.23679403904953,272.3910944675878,320.64728764209684,284.41674119320805,320.26713680775697,262.2025222394479,297.64653955145127,312.11451766045485
8514,226.6383438384663,266.9229977287889,250.3549100407548,272.5081556024365,320.76651540287816,284.5352662994166,320.3859715278002,262.32064408673335,297.76515523170605,312.2331512166105
8515,226.64309534152054,266.93283545689314,250.3608154160969,272.5089130527766,320.77914592098915,284.5433919310503,320.39629952189085,262.32661699135616,297.7740501623237,312.2421148894926
8516,226.66887622618125,266.9650354321121,250.38807601534762,272.52932685474883,320.8147170578651,284.5734499153313,320.4290773057082,262.3539638392479,297.8050638523605,312.27321326966756
8517,226.6967508765531,266.9994891201662,250.41747288926632,272.55170395970543,320.852577381595,284.6057014191525,320.46409952673304,262.38344992309675,297.838289244405,312.30652408338864
8518,226.72485644971115,267.0341683126963,250.4470849943674,272.57425731772,320.8906692050117,284.6381711597193,320.49934643525336,262.41314860659753,297.87173602979925,312.3400533905713
8519,226.7529958224034,267.06886379908605,250.47672010963768,272.5968297894871,320.9287831942969,284.67066002651336,320.5346160734878,262.44286554353863,297.90520525002944,312.3736086626344
8520,226.78113804543358,267.10357073295006,250.50636318743753,272.6194165075374,320.9668980405379,284.7031498117972,320.56988839652445,262.47258334597836,297.938676934098,312.4071671730835
8521,226.80927978747667,267.1382799570228,250.53601653633473,272.6420290007451,321.005009618183,284.73563958625823,320.6051609102316,262.5022989726472,297.97214890973214,312.4407248608232
8522,226.83741794271532,267.17295623656355,250.56567565796644,272.6646616726648,321.0431146493893,284.7681253368545,320.6404331908544,262.53201424155577,298.00562091902896,312.47428118470293
8523,226.86556414749418,267.2075802543205,250.5953393626084,272.6872665905096,321.0812175071133,284.8006112668511,320.67570577861824,262.56172899997114,298.039093043191,312.5078334521601
8524,226.89371643379263,267.24218313103177,250.62500451568133,272.7098518751142,321.1193237148631,284.83309389696245,320.71097750343847,262.5914387708926,298.0725652004412,312.54138137948985
8525,226.92185141231872,267.2767832593061,250.65466941089196,272.732392296593,321.15743451207766,284.8655765903343,320.7462490891201,262.62114621078933,298.1060374947666,312.5749288178552
8526,226.94998121991125,267.31138779662166,250.684317113694,272.75494873510706,321.1955459719009,284.89805927336073,320.7815173903016,262.650854336465,298.1395098765835,312.6084762048912
8527,226.978119098081,267.345977860358,250.71396485454488,272.77753385074317,321.23365398920754,284.93054262183864,320.81678555663615,262.68056135132366,298.1729821172108,312.64202375438555
8528,227.00625917374265,267.3805363161381,250.7435970451188,272.8001308866876,321.27176081304947,284.96302607146754,320.8520559725551,262.71026886470946,298.2064546875478,312.6755727808899
8529,227.03440859498403,267.4150655096692,250.77323450978977,272.82273450508023,321.30986251815574,284.9955110021243,320.8873269766485,262.73997658139666,298.23992735293655,312.7091263514737
8530,227.06256291402667,267.4495901960177,250.80288297190077,272.84535179652846,321.34796345786,285.02799737777946,320.92259826760665,262.7696814094974,298.2733996069329,312.74268235897875
8531,227.09072550796276,267.48411509102937,250.8325346772228,272.8679223841479,321.3860579267351,285.0604839353004,320.9578698775246,262.79938768802396,298.30687182858804,312.7762361990413
8532,227.11889204449332,267.51859790129026,250.86217705707134,272.89049286278714,321.4241520090257,285.09296979911676,320.9931430508872,262.8290945290626,298.34034266750984,312.80978199126264
8533,227.1470748960351,267.5530665842309,250.89181508437463,272.91307026386795,321.46224174454045,285.12545379043496,321.02841676502464,262.85880298953913,298.373813130433,312.8433274137193
8534,227.17527334324762,267.5875336120065,250.92145194838758,272.935668510155,321.5003230655799,285.15793906024203,321.06369010993967,262.8885120723138,298.4072832226,312.8768600890742
8535,227.20348207887275,267.6220314901348,250.9510799359559,272.95829763128995,321.5384005606066,285.1904248483544,321.09896416257783,262.91822100246577,298.4407532458366,312.910396268432
8536,227.2316946074776,267.6565467907476,250.98070829926408,272.98094505516116,321.57648029050347,285.22290981236955,321.1342389223013,262.94792873276094,298.47422290960355,312.94393386900754
8537,227.25989604945627,267.69107449530435,251.0103373251503,273.00359866410076,321.6145579566954,285.25539579619266,321.16951637078085,262.9776360723391,298.5076923609735,312.9774677064597
8538,227.2880921938803,267.72560475372575,251.0399617276692,273.02624314731924,321.6526408134718,285.28788249085164,321.20479459610715,263.00734478489153,298.5411615265985,313.01100238233136
8539,227.3162920739315,267.7601240768346,251.0695851989572,273.0488941822662,321.6907303749362,285.32036942533324,321.2400720910436,263.03705663433175,298.57463142932886,313.0445371601279
8540,227.34449490275003,267.7946247896889,251.09921342762922,273.0715203238189,321.7288267217486,285.3528553797148,321.2753489651623,263.0667716752015,298.6081016036978,313.07806677983865
8541,227.37267805092083,267.8291298482622,251.1288439606228,273.09412362235713,321.76692533516916,285.3853390872706,321.31062443317524,263.0964875829591,298.64157206609053,313.11159362792546
8542,227.40086458917074,267.86366591436814,251.15847497540116,273.11673521455407,321.8050271940543,285.41782300283165,321.3459030455034,263.1262027181319,298.67504264577275,313.14512129582334
8543,227.4290546804082,267.8982165705006,251.18810745017473,273.13935003933034,321.8431325811469,285.4503041437723,321.3811825710132,263.1559167082481,298.70851315899716,313.17865522145587
8544,227.45722125463863,267.93276816376436,251.21774170236435,273.1619749964734,321.8812392832887,285.4827844311437,321.4164628345404,263.185628977185,298.74198380922513,313.21219097600965
8545,227.4853801697057,267.9673027942388,251.24737518837972,273.18460284772067,321.9193461388981,285.51526477710837,321.45174337576066,263.2153414891851,298.7754541852,313.2457216805867
8546,227.5135445148665,268.00181818399375,251.27701230972124,273.2072496423812,321.95745248067055,285.5477444351286,321.48702374279355,263.2450517788284,298.8089246534971,313.27924858207956
8547,227.54170403957446,268.03631862950914,251.306654219897,273.22991690518086,321.99556677986465,285.58022147640287,321.5223041153468,263.274760628878,298.84239470985005,313.31277545455805
8548,227.56984707415182,268.0708256191581,251.3363016775147,273.25260054516093,322.033688415882,285.61269740236764,321.55758452583103,263.30446943290247,298.87586455314226,313.34630210624823
8549,227.59799334256724,268.10533572827865,251.3659508634804,273.27526247969746,322.071810956146,285.6451735152577,321.5928648068736,263.33417836689625,298.9093343624699,313.3798279607734
8550,227.62614860363908,268.1398518993015,251.39560764117599,273.2979001546155,322.10993107570914,285.6776476753845,321.6281456676677,263.36388540777347,298.9428041579976,313.41334446585137
8551,227.65430869428718,268.17436976081603,251.42526851539364,273.3205472595511,322.1480479249038,285.71011652010077,321.6634275711764,263.39359321365964,298.97627328959715,313.4468559045818
8552,227.68243818498976,268.2088853989448,251.4549296574742,273.34319031923684,322.1861641023029,285.7425806235631,321.6987096211508,263.423301473661,299.0097429239669,313.4803681050005
8553,227.71055851362368,268.2433953910567,251.4845897970866,273.365824649536,322.2242741994652,285.77504342246044,321.73399122262174,263.4530098729893,299.04321270141145,313.51387614778344
8554,227.73865600821773,268.27791381395093,251.51424989404006,273.3884639001607,322.26238326395185,285.8075052348135,321.7692739155021,263.4827194462442,299.076682179822,313.54737816479
8555,227.7667447655888,268.3124336798753,251.54390183487592,273.4111202324454,322.3004805685058,285.8399670506547,321.8045569271918,263.51243118866387,299.11015154368056,313.58087797362515
8556,227.79480938381167,268.34693505867983,251.57355307208724,273.4337876762196,322.33856935713055,285.8724328043352,321.83983898396366,263.5421457102015,299.14362117987287,313.6143767463549
8557,227.82288476946985,268.38139600878515,251.6032107250012,273.4564651129263,322.37666181013844,285.90490233008336,321.8751205331142,263.57186117387374,299.1770908750523,313.6478763362672
8558,227.85097210075125,268.4158406926814,251.63287116665273,273.4791161629214,322.4147561911417,285.93737482367374,321.9104023348874,263.6015750316376,299.2105604429256,313.68137134370903
8559,227.87907223234723,268.4502638651701,251.6625200911824,273.50178599756777,322.4528517980923,285.9698480265863,321.94568409650464,263.6312870017301,299.2440306542707,313.7148665900669
8560,227.90718804931385,268.48468001500817,251.69216743513616,273.5244084849464,322.49094723147647,286.00232055628067,321.98096521649177,263.660999861041,299.277501103744,313.7483609914507
8561,227.9353096784264,268.5190988442752,251.72180479541566,273.54704000452244,322.5290411024242,286.0347916512665,322.0162473708908,263.69071345773193,299.3109712633505,313.78185497422635
8562,227.96342205820773,268.55350597249856,251.75142816528063,273.5696596271074,322.567143306849,286.0672622590493,322.0515318287449,263.72042436875046,299.3444414965119,313.8153498565917
8563,227.9915277819156,268.58794398156255,251.78105936326165,273.5922974564641,322.6052549491333,286.09973488957036,322.0868176877179,263.75013542594905,299.37791200218464,313.84883713884614
8564,228.01961566225285,268.6223961861793,251.81069276129662,273.6149419710119,322.64337125522906,286.13220830558186,322.12210481367305,263.77984582257335,299.4113832198783,313.8823140621612
8565,228.04767531671718,268.6568485644841,251.84033549101977,273.6375894899516,322.68148968774756,286.1646812185698,322.157392214334,263.8095561133925,299.44485464030583,313.9157869225167
8566,228.075720590636,268.6912854718632,251.86998278662858,273.66026949609335,322.7196084142786,286.197152534928,322.19268013794505,263.8392666669253,299.4783258100998,313.94925075722705
8567,228.10374599218457,268.7257214604968,251.8996331535659,273.68296772777046,322.757730904333,286.2296246479157,322.22797048950133,263.8689785560787,299.51179660121534,313.98271811570834
8568,228.13177022787755,268.7601332289586,251.9292879677585,273.70567976679547,322.7958543701114,286.262095464455,322.2632614230637,263.89869163470604,299.54526666002425,314.0161859967912
8569,228.159791917129,268.79452932489005,251.95894425438706,273.728337416572,322.8339740975276,286.29456360138084,322.29855142726524,263.9284025427334,299.5787358932769,314.0496513511871
8570,228.18781611519893,268.82891443045,251.98859863109632,273.75097739660384,322.8720822557881,286.32703134353613,322.33384006930436,263.9581146792165,299.61220442218814,314.0831249555791
8571,228.21582954262746,268.86331183927064,252.01824129894777,273.7735633778945,322.910191130408,286.3594969356427,322.36912599498754,263.9878286279481,299.64567257429036,314.11660153351073
8572,228.2438453581503,268.8977164464313,252.04788490651643,273.79615909551325,322.9483054996103,286.3919630783232,322.4044089116491,264.0175431382396,299.67914098862997,314.1500823991062
8573,228.27186397505164,268.93212173643184,252.07752886072342,273.8187683596926,322.98642066950816,286.4244312182207,322.43969088447545,264.0472573094109,299.7126095111861,314.1835645906811
8574,228.29986293768576,268.9665252949711,252.10716263374394,273.84139445923245,323.0245345705984,286.45690005220524,322.474973302439,264.0769717822244,299.74607753770505,314.21704590442727
8575,228.3278361444363,269.0009285076036,252.13679169924032,273.86403697984105,323.0626536743373,286.48936888882645,322.5102558945319,264.10668696192647,299.77954602071276,314.25053156464077
8576,228.355776024155,269.0353151672183,252.16642186403254,273.8867164660668,323.1007758731894,286.5218341241602,322.54553987090827,264.1363996099582,299.81301463172923,314.28401953798
8577,228.38370343051136,269.06970224547007,252.1960432119738,273.9094169971743,323.13889788278095,286.5542988813491,322.58082499281585,264.1661127229736,299.846483235098,314.3175077957771
8578,228.41163432606032,269.104083584903,252.22565778520428,273.9321156034895,323.1770139556559,286.58676639689935,322.6161106982361,264.195823846342,299.8799519313193,314.35099417241287
8579,228.43956815380363,269.1384661098462,252.25527361338098,273.95474451075495,323.21512443566195,286.61923535478684,322.65139810936563,264.225536993657,299.91342074844897,314.3844794731825
8580,228.46748976719684,269.1728420703502,252.28489017475303,273.9773732273285,323.2532334678467,286.65170469729117,322.6866876046071,264.2552507056397,299.9468894560366,314.4179599758207
8581,228.49540712459182,269.20720110947434,252.31450158724294,274.00000952064073,323.29134766021,286.68417409103154,322.72197749333526,264.28496396238836,299.9803582407479,314.45144256932235
8582,228.52330605419547,269.24153100859814,252.34411443417486,274.02261713204086,323.3294751399378,286.7166434071682,322.75726711249064,264.31467530991966,300.013826919941,314.4849257769939
8583,228.55121109340806,269.275864517241,252.37372909125628,274.0452245013545,323.36760579664053,286.7491136180803,322.792557376747,264.3443844817045,300.04729543149335,314.5184043044534
8584,228.57910972854987,269.3101991734594,252.40333396090818,274.0678375740486,323.405735778506,286.7815840361782,322.8278476226165,264.37409301481887,300.0807636564277,314.55188246161094
8585,228.60701138692082,269.3445236113362,252.43293995874632,274.0904646624726,323.4438614362572,286.8140538146685,322.8631374113313,264.40380289790187,300.1142311646937,314.5853665991239
8586,228.63489291334216,269.37882434398705,252.4625466155327,274.1131064996444,323.48198134821564,286.84652364192493,322.8984291948379,264.4335139103435,300.14769906241213,314.61885230821696
8587,228.66277268392105,269.4131142305269,252.49214887787554,274.1357766735669,323.52010134621406,286.87899430792737,322.9337213531948,264.4632258005862,300.1811674557063,314.6523364202393
8588,228.6906569096964,269.4474068859786,252.52174793746434,274.1584677270316,323.5582203006196,286.91146744512963,322.9690111179952,264.49293808943713,300.2146359714298,314.68581961439037
8589,228.71852902495274,269.4816906149306,252.5513445156042,274.1811252467935,323.59633286578423,286.9439418241807,323.0042998631555,264.52265058639404,300.24810495070255,314.7193033916411
8590,228.74640385932096,269.5159749248192,252.58093895049177,274.20378013716794,323.6344361573745,286.9764164338276,323.03959176740904,264.5523632107328,300.28157405217956,314.7527875935119
8591,228.77426757089526,269.55026971871956,252.61053051147513,274.2264565337893,323.6725345868765,287.0088893675479,323.0748856875217,264.5820745081146,300.31504195775875,314.786271857622
8592,228.8021372500856,269.5845678048166,252.64012660872783,274.24915365077396,323.71062275437566,287.04136138676614,323.1101812232897,264.61178585231187,300.34850954383415,314.8197530964791
8593,228.83000883537179,269.6188580098812,252.66972450222468,274.27186247063474,323.748713775006,287.07383311243933,323.14547707703065,264.64149517136525,300.3819777395672,314.8532322127844
8594,228.85789358530405,269.6531670705174,252.69931960012366,274.29457255677556,323.786805677662,287.10630184273265,323.1807740887245,264.67119980465145,300.4154463915512,314.886707535828
8595,228.88578625936063,269.6874929640922,252.7289165637737,274.31729246113053,323.824899247912,287.13877058438743,323.2160731523683,264.7009058716201,300.4489150834291,314.92018154545
8596,228.9136628409633,269.7218491993967,252.75850191640953,274.33997180189914,323.8629963109143,287.1712398717896,323.2513726076597,264.7306129459419,300.48238326993214,314.9536491966806
8597,228.94155543225904,269.7562190572147,252.78808563320308,274.3626587905892,323.90109277133377,287.2037101936045,323.28667134257,264.760320260587,300.51585174425907,314.9871164854915
8598,228.96945803327318,269.79059878763326,252.81767038165881,274.3853404111,323.9391775717286,287.23618140125103,323.32197134198833,264.7900256018287,300.54932028576553,315.0205775168172
8599,228.9973682755574,269.82499496488447,252.84725153886671,274.4079965255752,323.9772572438201,287.26865593892006,323.3572717341034,264.81973005464835,300.58278885960493,315.0540343341612
8600,229.02528122718593,269.85940833933404,252.87683469133597,274.43065102289205,324.01533353603753,287.3011332569178,323.39257057242025,264.8494335925206,300.6162576805019,315.0874913594464
8601,229.05319930775565,269.89382514598515,252.90641397375913,274.45331220444774,324.0534112765415,287.33361293911463,323.4278697855725,264.87913859837136,300.6497268672665,315.1209517342025
8602,229.08112254082357,269.92822646458643,252.93598917513373,274.47596889521054,324.0914873085919,287.36609322059786,323.46317036718443,264.9088441649326,300.6831961971488,315.1544141310669
8603,229.1090245633604,269.96259729021034,252.96557114399548,274.4985989333103,324.12956023879855,287.3985710398515,323.4984709113302,264.9385466231917,300.71666616240555,315.18787655608924
8604,229.136910738215,269.9969686739442,252.99515971775767,274.52123645373575,324.1676360981731,287.43104647987303,323.53376697176543,264.96824876173446,300.7501365930117,315.2213308228477
8605,229.1647822874465,270.0313507998809,253.02476957034622,274.5438763767457,324.205716911867,287.4635184876596,323.56906306733515,264.9979536323971,300.783607108789,315.2547866820213
8606,229.19265530196202,270.06574919578117,253.05438745870472,274.5664949253969,324.24380271158236,287.49599084380884,323.60435877125724,265.0276606096046,300.81707759875417,315.2882426962326
8607,229.22055186229522,270.10015916018205,253.08399920089852,274.5891288324632,324.28189283329726,287.5284633037349,323.6396531508396,265.05737035521884,300.8505480366092,315.3216925158025
8608,229.24845565840405,270.1345811629558,253.11361244657937,274.6117689876058,324.31998358911426,287.5609376878003,323.67494708086696,265.0870810764942,300.8840187358613,315.35513987182594
8609,229.27635652335135,270.16902065056405,253.14323262921255,274.6343960047188,324.3580718947891,287.59341398461356,323.7102410676071,265.11679065554387,300.91748948780446,315.3885791544813
8610,229.30426076088654,270.2034646261699,253.17286342660785,274.6570202831225,324.3961571304064,287.62589119935393,323.74553316588583,265.1465006887313,300.9509597497306,315.4220170234285
8611,229.33214464551594,270.2379047290725,253.20250478803396,274.679661539624,324.4342342505915,287.65836861478203,323.7808262950984,265.17620767120934,300.98443011776305,315.455452540903
8612,229.360017376027,270.272344424934,253.2321517804789,274.702317560925,324.472309957484,287.6908490264915,323.8161211873439,265.20591044197084,301.01790083843923,315.48888182757224
8613,229.3878867359574,270.30679736243155,253.26180035305632,274.72498891047604,324.51038887757966,287.723330618999,323.8514171887315,265.2356127726951,301.05137171596266,315.522308215525
8614,229.41576676161912,270.3412610665749,253.29144038688537,274.7476097504542,324.54846900018066,287.75581376390994,323.8867139370297,265.2653138826617,301.08484298748687,315.5557378929431
8615,229.44365676468834,270.37572651254266,253.32107465350356,274.7702475878557,324.58654670920936,287.78830031753944,323.92201120014903,265.29501431972886,301.118314730044,315.5891709373139
8616,229.47154940397772,270.41019424411564,253.350715085247,274.79289736883493,324.62461786482925,287.82078785814895,323.9573088836114,265.3247145203675,301.15178710554676,315.62260425359193
8617,229.49945218371215,270.44466918325077,253.3803677998724,274.81555410646865,324.6626854819319,287.85327324483814,323.99260703682967,265.3544150383026,301.1852596506066,315.6560380705632
8618,229.52735929353432,270.4791445384689,253.41002532557766,274.83816833474566,324.70075464211305,287.8857574011806,324.0279051275147,265.38411525157915,301.2187328868541,315.689473780253
8619,229.5552703309285,270.51360361275744,253.43966817496985,274.86075802284387,324.7388294018399,287.91824170728,324.0632003921472,265.41381761876494,301.25220637921274,315.72290488721194
8620,229.5832007326494,270.5480597293286,253.46930053316655,274.8833368995088,324.7769067540113,287.95072422586975,324.09849234988627,265.4435211465611,301.2856799632921,315.7563396738056
8621,229.61113960289518,270.58249631002883,253.49893825827948,274.90592936356745,324.81498708557046,287.9832072676889,324.1337859845741,265.4732203196475,301.3191543051168,315.78978076739344
8622,229.6390658776489,270.61692405491544,253.5285792459793,274.92853901694326,324.85307121064005,288.0156899979291,324.1690812238014,265.50291846673707,301.3526289565422,315.82322846403014
8623,229.66698810794614,270.65135211137436,253.55821695052865,274.9511002833218,324.89115513433774,288.04817232713975,324.2043767121469,265.5326164941298,301.386103637878,315.8566796260756
8624,229.69489874617736,270.6857489923622,253.5878561661436,274.9736688510116,324.9292310213357,288.0806536778135,324.2396711489538,265.562311266633,301.4195783012433,315.89013234056387
8625,229.72279366724678,270.72013424482145,253.61750453654048,274.99624310239363,324.96730823432773,288.11313292753175,324.27496586696594,265.5920068543207,301.4530530439473,315.92358526444207
8626,229.75069183878492,270.7545300847115,253.64716037963743,275.0188100454276,325.00538711696765,288.1456117958038,324.31026083086476,265.62170589029546,301.4865270813116,315.9570341673181
8627,229.77858690748815,270.78893569227404,253.67681779227416,275.0413876294445,325.0434662926621,288.1780913000273,324.34555573924234,265.6514067808309,301.52000155268536,315.9904779401407
8628,229.8064605213133,270.82335680627534,253.70647315213918,275.0639779187025,325.0815447901543,288.21057093002736,324.3808490277567,265.6811094520494,301.5534760966773,316.0239269525466
8629,229.83432506335654,270.8577982001255,253.73613163522785,275.08653892721185,325.1196213816059,288.24305175676477,324.41614227203263,265.71081451916626,301.58695009903,316.0573776514862
8630,229.8621982081164,270.8922494281216,253.7657974796195,275.10909424589596,325.1576893727167,288.2755341494125,324.45143601518834,265.74052244314277,301.62042467961794,316.09082779268056
8631,229.89007503347526,270.926712443824,253.79546747564495,275.131632792198,325.1957550460443,288.3080191096706,324.4867300006148,265.77023155210503,301.65389940230443,316.1242712717947
8632,229.91795441678502,270.9611781970953,253.82514803508178,275.1541806799857,325.2338249569464,288.34050558990896,324.52202393123224,265.7999408167187,301.6873730144466,316.1577104262457
8633,229.94581404530754,270.9956322119124,253.85483258140363,275.17673125160707,325.27189616414216,288.3729925788488,324.5573189115835,265.8296497609748,301.72084664198394,316.19114433103334
8634,229.97366591042166,271.03007923176733,253.88452426287014,275.19925291232266,325.30996445593354,288.4054796519696,324.59261664916403,265.8593579027685,301.7543200884649,316.22457817816337
8635,230.00151393952427,271.0645189701726,253.91422034290835,275.2217872116517,325.3480278900711,288.43796928764806,324.62791592886913,265.8890661979645,301.78779378510893,316.2580142329343
8636,230.0293667824786,271.0989460192337,253.94391122511206,275.24428151678427,325.38608803564216,288.4704615669649,324.6632154677861,265.91877259363,301.82126754468044,316.2914505702565
8637,230.05721853712046,271.1333668493712,253.97360621563234,275.26678894782276,325.42414757556753,288.50295443343913,324.6985148970257,265.94847835402027,301.8547409900146,316.32488640484144
8638,230.0850871085121,271.1677887825494,254.00330522376174,275.2893109732652,325.4622087414031,288.5354473774902,324.7338161784993,265.9781846224664,301.88821421747684,316.35831790615055
8639,230.11297379975986,271.20220767037165,254.0330047977611,275.31184476892963,325.50027209076467,288.56794076930436,324.76911786543695,266.00788745025875,301.9216872044345,316.3917551933505
8640,230.14087170002765,271.2366265095891,254.06270092807262,275.33438259196834,325.5383355700171,288.60043545117503,324.8044178027268,266.0375893515727,301.9551600412359,316.4252044664172
8641,230.16877373799596,271.2710384306465,254.0923976528636,275.35692374267177,325.57640824111,288.63293302378503,324.8397177285012,266.06729466772344,301.98863299443286,316.45865703313984
8642,230.19667744372387,271.3054608098998,254.1220943659172,275.3794855560644,325.61448322434387,288.6654324477156,324.8750157105601,266.0970025790737,302.02210464411127,316.4921068967236
8643,230.22459006289958,271.33988546037597,254.15179370164262,275.4019714258928,325.65256115133207,288.6979335317334,324.91031273305435,266.1267113579412,302.05557559588755,316.52555018332333
8644,230.25760764095222,271.3750764242814,254.1854342840519,275.43297820628555,325.69044187697176,288.73251328320697,324.9457869258424,266.1603562229523,302.0904697780438,316.5604356800351
8645,230.37543057928988,271.49381218467727,254.30351888421933,275.5499566096061,325.80965628967243,288.85099233438143,325.06464164236894,266.2784426218126,302.20908089010504,316.6790431442096
8646,230.37988240102382,271.50312408003293,254.30939106314767,275.5508430493257,325.82228895679054,288.8591304213642,325.07527551014675,266.2844065677834,302.21795583812326,316.687993111128
8647,230.40527508946556,271.53466717391194,254.33660956566374,275.5714923580379,325.8578655906708,288.8892065552788,325.10842779820933,266.31174228219425,302.2489458313989,316.719074403553
8648,230.43275727185514,271.56842367904954,254.3659646904171,275.5941647954828,325.8957406709646,288.9214776630794,325.14383073395163,266.3412158933359,302.28214709464976,316.7523647823945
8649,230.46043797932816,271.6023949436691,254.39553137878278,275.6170652847187,325.933835365909,288.9539697452231,325.1794582568396,266.37090398387005,302.31556948368694,316.7858731487112
8650,230.4881334475936,271.6363821196994,254.4251191417342,275.6399890934121,325.97194602754047,288.9864859398669,325.2151079235497,266.40061206650955,302.34901432580455,316.81940581449834
8651,230.5158160651952,271.67036731859315,254.4547091530809,275.66291419646296,326.01006790923583,289.01900569781975,325.25075972786345,266.4303213110545,302.38246160766255,316.85294461312196
8652,230.5434928863956,271.7043467181644,254.48430660164172,275.6857982488529,326.0481961577919,289.05153021303886,325.2864121402979,266.46002916771386,302.41590907683724,316.88648559711226
8653,230.57116556695615,271.7383310119562,254.51390873566604,275.7086856835385,326.08632475798714,289.08405749100143,325.32206495842877,266.4897357296323,302.4493556724509,316.920028957646
8654,230.5988363452053,271.77231143067286,254.54351107648475,275.73158492804635,326.1244482726312,289.11658519020045,325.35771779227883,266.5194426196171,302.4828020690241,316.9535728125371
8655,230.6265052958026,271.80629670929176,254.57310838704282,275.754495678323,326.1625706787409,289.1491103083234,325.3933697860787,266.549148253783,302.51624848677466,316.98711175953594
8656,230.65417578750709,271.8402849855606,254.60270935297268,275.77741181621184,326.2006937772854,289.1816322066962,325.42902174013864,266.57885229592785,302.5496949801637,317.0206507911859
8657,230.68184558172993,271.8742717305651,254.6323170276184,275.8003248582546,326.2388174514959,289.2141570740582,325.46467303123876,266.6085564710627,302.58314124477266,317.05417843931923
8658,230.70950834639245,271.90826016632593,254.66192999417808,275.82325837730343,326.2769439995104,289.2466835755383,325.50032426136966,266.6382582153345,302.61658752449387,317.08770605438804
8659,230.73717862822537,271.942257225457,254.69155576110853,275.8462298249233,326.31507174793796,289.27921020425583,325.5359756777271,266.6679613808754,302.6500335557461,317.12123321057413
8660,230.76485542328257,271.97626586764517,254.72118606569708,275.8692215552252,326.3531990222664,289.31173219940575,325.5716270453471,266.6976653122629,302.6834788879105,317.1547628784507
8661,230.7925408466406,272.01028445961686,254.75082597557048,275.89222270759717,326.3913213590634,289.3442569095556,325.60727710951755,266.72736906288094,302.71692454508576,317.18829454509824
8662,230.8202300222753,272.0443147755521,254.78047802560525,275.91521087839095,326.42944767797167,289.3767831812886,325.6429266687647,266.7570748204631,302.75037053229573,317.22182420496455
8663,230.84791650475123,272.07834796992273,254.81013821614127,275.9382147102599,326.46757898448544,289.4093092427733,325.6785761293031,266.7867816183625,302.7838165905623,317.25535482103356
8664,230.8756036543897,272.11237488599073,254.83980068637774,275.9612046765474,326.5057124004887,289.4418359153033,325.7142243880121,266.8164899834561,302.81726253418964,317.2888856059884
8665,230.90330038236428,272.1463947555377,254.86945742079988,275.984167222409,326.54385390014306,289.4743664733716,325.7498735495919,266.84619892846024,302.8507081632536,317.3224075128825
8666,230.93100009848345,272.1804206521504,254.899109804962,276.0071257858114,326.58200769124363,289.50689815446594,325.7855229614482,266.8759072805539,302.8841528088781,317.35593291840866
8667,230.9587029202767,272.2144563252945,254.9287668243803,276.03008561624097,326.6201749468409,289.53942872747916,325.82117314753947,266.9056136546515,302.9175974769123,317.3894617824881
8668,230.9864100689642,272.2485158026384,254.95842715136445,276.0530462428027,326.6583439808093,289.5719594231087,325.8568235916172,266.9353200866745,302.95104189731967,317.4229910945357
8669,231.0141157280379,272.282592745236,254.98809065306307,276.0760118964081,326.69650930966225,289.6044852750775,325.89247423922853,266.96502727747287,302.9844856256601,317.456512525423
8670,231.04182021423588,272.3166817009545,255.0177553240185,276.09898277388976,326.734680631645,289.63701130453876,325.92812533106417,266.9947352370368,303.0179293536724,317.4900285299361
8671,231.06952388223496,272.3507758604432,255.04741850496714,276.12189138771254,326.7728526506173,289.6695393317128,325.96377667601394,267.02444237830184,303.0513737493068,317.52354085368324
8672,231.0972270764282,272.38487070900044,255.07708253188162,276.14479545578735,326.8110195136169,289.7020685418916,325.9994291895221,267.0541495880495,303.08481834612905,317.55704724531796
8673,231.12493280830913,272.41896220974456,255.1067399084742,276.1676880487911,326.84917851651323,289.7345960380469,326.0350820339819,267.08385737930513,303.11826250713125,317.5905490088362
8674,231.15262407882787,272.45304596218597,255.13640035806992,276.1905864949135,326.8873319964341,289.7671226894002,326.07073462223394,267.1135638823722,303.1517068339649,317.6240485336284
8675,231.18031958363602,272.4871186514975,255.16606651673163,276.2134798106734,326.925486051951,289.79964941889426,326.1063866666941,267.1432730063883,303.18515142422643,317.65754726953554
8676,231.2079859714124,272.5211988476685,255.19573471435618,276.23630798488927,326.96364447688245,289.83217591736695,326.1420387980667,267.1729830644962,303.21859638756143,317.6910447502007
8677,231.23565035083004,272.5552836634906,255.22539070479567,276.259118814348,327.00181284501167,289.8647024713671,326.17769082082344,267.20269306207257,303.25204201476396,317.72454222518036
8678,231.26330302985613,272.5893400602436,255.25504773769777,276.2819381754681,327.0399831069095,289.89722960382505,326.21334263251737,267.2324010481392,303.28548780811263,317.7580343380755
8679,231.2909579324794,272.6233896607609,255.28470056275665,276.30476363587155,327.0781521674548,289.9297548051569,326.2489944664665,267.2621062655135,303.318932765525,317.79152502751504
8680,231.31860644152187,272.65744128580707,255.31435876587452,276.32759862119286,327.11632989434605,289.96228386153115,326.2846450991272,267.2918084548961,303.35237704040924,317.825013886589
8681,231.3462580953554,272.69149916168493,255.34402658703942,276.35044698285594,327.15451203960936,289.99481418694563,326.32029488432676,267.32151234181345,303.38582097535925,317.85850395915963
8682,231.3739032529495,272.7255575296603,255.373697538272,276.3732589246541,327.1926943389766,290.027344086978,326.35594483226623,267.3512191970304,303.41926418412197,317.89199492263845
8683,231.40153725045946,272.7596145685964,255.4033665900252,276.3960876689219,327.23087481984055,290.0598708146823,326.3915951737885,267.3809276604392,303.45270650632966,317.92549062894113
8684,231.429172158409,272.7936943216661,255.43303901271256,276.41887788043937,327.26905876974126,290.09239723432916,326.4272455554228,267.41063688600235,303.4861493488836,317.95898724625005
8685,231.45680336651313,272.82778461452443,255.46269241149162,276.4416546109969,327.30724320052803,290.12491833598665,326.46289599486084,267.44034773389376,303.519592524187,317.99248301939053
8686,231.484428421213,272.86187756726855,255.49234882558227,276.46443592424384,327.3454247009547,290.1574369885277,326.4985464090736,267.47005923218217,303.5530357280951,318.02598040504455
8687,231.51205157860662,272.89597473100065,255.52200705974474,276.48721269845424,327.3836112509349,290.18995552224493,326.5341955828992,267.49976920903055,303.5864779501392,318.0594697888844
8688,231.53967764937357,272.93007285519434,255.55166261279695,276.5099621109732,327.4217994283018,290.2224752794554,326.5698445027958,267.52947567296,303.61991966267743,318.0929595542767
8689,231.56729875143367,272.96417879160606,255.5813249329327,276.5326845126809,327.4599847297779,290.25499507991304,326.6054930693102,267.55918078603355,303.65336129316063,318.12645272564777
8690,231.59491850069662,272.99828840700815,255.61098920340416,276.5554107258918,327.49816600538543,290.2875152197849,326.64114264163953,267.5888858423095,303.6868026579442,318.159946975533
8691,231.62253108592677,273.032386332352,255.64064352068544,276.5781283140579,327.536341026292,290.32003737844036,326.67679245093757,267.6185906676941,303.72024436466825,318.19344106955447
8692,231.65014159670272,273.0664884087045,255.6702855144264,276.60084214337104,327.5745117708149,290.3525599750558,326.712442141003,267.6482956970376,303.75368622998036,318.22693796142227
8693,231.6777452943359,273.10057973862143,255.69993357482156,276.6235767027796,327.6126827670614,290.38508002174495,326.74809266351116,267.67799995965845,303.7871281247012,318.2604362059406
8694,231.70535232831386,273.1346576413537,255.72958649783843,276.6463276163616,327.65085347089,290.4175974635976,326.7837442105939,267.7077051922247,303.8205701892822,318.29393451471026
8695,231.73296649819355,273.1687388721473,255.75924026221804,276.6690445554856,327.6890306234301,290.4501136425302,326.8193961466628,267.73741238355063,303.85401250643594,318.32742900795205
8696,231.76058564077246,273.20282709744544,255.78888725126114,276.6917761146095,327.7272196709266,290.4826310978291,326.85504813552456,267.76712099846503,303.8874548711395,318.360923685665
8697,231.78820823399644,273.2369241052546,255.81852543878108,276.71451428949354,327.7654178840611,290.5151495699117,326.8906998607874,267.7968300138888,303.92089697554877,318.3944148225945
8698,231.81583335141787,273.2710225430799,255.84815531689432,276.7372561640195,327.8036214393686,290.5476681474271,326.9263510565073,267.82653835792934,303.95433967252416,318.4278972008967
8699,231.84347050701632,273.30510757680605,255.87778227196927,276.7600043543219,327.8418349435968,290.5801857017064,326.96200223960085,267.8562511847004,303.98778260668587,318.4613801093668
8700,231.8711125126701,273.3392022064645,255.907413886003,276.7827434113431,327.8800551313613,290.6127035916817,326.9976527852318,267.8859661319189,304.0212254041264,318.4948654361267
8701,231.89875499230288,273.3733075018622,255.93704707165773,276.8054606537461,327.91828774294646,290.64521689912556,327.03330320779185,267.91568368370855,304.05466895350395,318.5283517471989
8702,231.92639454924364,273.40741769751867,255.9666739198127,276.8281052237027,327.9565241878692,290.6777278687324,327.0689532642265,267.9454023121254,304.0881127280737,318.56183793607414
8703,231.95403528011852,273.44153163454524,255.9962976906637,276.8507517746159,327.9947633909742,290.71023790934385,327.10460262040937,267.97511843332444,304.12155666360667,318.59531938668493
8704,231.98167294620293,273.4756460210872,256.02592221182977,276.87339575446737,328.033007522519,290.7427450750519,327.1402517559828,268.00483294973856,304.15500161656496,318.62880174446724
8705,232.0092951750789,273.5097477416203,256.05554640893115,276.896040301759,328.0712527361153,290.77525225252157,327.1759011844865,268.03454801373016,304.18844686932215,318.6622860120956
8706,232.03690931038798,273.54385556224406,256.085160480589,276.9186321958599,328.1094966464408,290.80776191592804,327.21155064350506,268.06426318256547,304.2218916859488,318.6957708249316
8707,232.0645185472124,273.57796518691833,256.114771482587,276.94124136297324,328.1477412230467,290.8402724098017,327.24719971437906,268.09397823475126,304.2553366494163,318.7292530714541
8708,232.09213297720171,273.61205320896045,256.1443805364622,276.96386209901607,328.18598965556225,290.8727822664736,327.2828487421096,268.12369253134096,304.288782359851,318.76273325912376
8709,232.11974932477253,273.6461318620257,256.1739949500202,276.98648743112585,328.22423859179725,290.9052910125269,327.3184985683486,268.1534062299986,304.3222282601484,318.79621504810706
8710,232.14736500110305,273.68020269182836,256.2036239601675,277.0091047560639,328.2624853691306,290.93780019337714,327.3541500905003,268.18311830371067,304.35567412872547,318.8296972204192
8711,232.1749823614426,273.7142835064533,256.23326318275514,277.0317098645375,328.30072827962323,290.9703111223372,327.3898022320162,268.2128303427015,304.38911984580164,318.86318279922847
8712,232.20258950612862,273.74838081277915,256.2629088643759,277.05432288146807,328.33897010458674,291.00282264440347,327.4254544434476,268.2425422734477,304.42256504662157,318.89666993092476
8713,232.23019460760065,273.7824826966977,256.29256224363985,277.07691785249733,328.377202062479,291.03533295655615,327.46110640159407,268.2722524106747,304.45601096794854,318.93015681827234
8714,232.25780026327834,273.81658570011837,256.32221854426706,277.09954591791677,328.41543163054837,291.06784114560776,327.4967575412025,268.30196235608224,304.4894572640981,318.9636460287585
8715,232.2854145062668,273.8506972084153,256.3518684836244,277.1222052968255,328.4536503496216,291.100350070904,327.53240758404314,268.33167083161214,304.52290360386667,318.99713580404637
8716,232.3130321439136,273.8848226465831,256.3815200065362,277.14487417328377,328.4918601273488,291.13285494003827,327.56805727578853,268.36137835138305,304.55634957594845,319.03062513899505
8717,232.34064657016216,273.9189552808043,256.41117080094847,277.167547642089,328.53007292527485,291.1653593488786,327.6037064520943,268.39108599492727,304.58979543524896,319.0641164943136
8718,232.36823783934952,273.95309475498374,256.44082257119453,277.19023827167223,328.5682853231929,291.19785756332726,327.63935493994774,268.4207943246182,304.6232409409693,319.0976090701521
8719,232.3958354132556,273.9872350853493,256.47046997074335,277.21293739874204,328.6064927929311,291.2303557309258,327.67500444103484,268.45050405343034,304.6566864273828,319.13110172899746
8720,232.42344526648446,274.021363111689,256.50012088593513,277.23565597570376,328.6447007370733,291.26285407566985,327.71065511930107,268.48021408347824,304.6901321344788,319.1645901384257
8721,232.4510641602604,274.05549458030765,256.529772178548,277.25839609047085,328.68290810578276,291.29534886284955,327.7463063421048,268.5099243173023,304.72357789147804,319.19808094905545
8722,232.47869296480945,274.0896191076952,256.5594205691662,277.28114684889766,328.72111923920085,291.32784264001987,327.781957586884,268.5396350991262,304.7570232915478,319.23157676544275
8723,232.50632605130542,274.12373131314007,256.58907479890206,277.3039184845131,328.75933082241295,291.360335243899,327.8176080698439,268.56934229544163,304.79046883112113,319.26507393888585
8724,232.53395079556518,274.1578176060942,256.61873594647045,277.32660952346237,328.7975380795527,291.39282365072324,327.8532585434145,268.5990476159261,304.82391436069537,319.2985675793156
8725,232.5615617374338,274.1919021072296,256.6484056031256,277.3492771993396,328.8357466049922,291.4253121508227,327.8889101738922,268.628752924226,304.85735964008336,319.3320564719649
8726,232.58917378319188,274.22599001856275,256.678084808725,277.3719581803993,328.87395481106284,291.4577996420173,327.92456262596363,268.6584585859274,304.89080492820506,319.3655438558765
8727,232.61678558567488,274.26008597536145,256.7077683866716,277.394653439311,328.9121576957388,291.4902840969874,327.9602160323988,268.68816189925695,304.92424986170283,319.3990314662022
8728,232.64438720509358,274.29418402078437,256.7374526799668,277.41731716549134,328.95036269489714,291.5227664951037,327.9958696675998,268.71786652616106,304.9576944925975,319.4325183824771
8729,232.67200086933855,274.32828903240073,256.7671405405447,277.43998884244223,328.988568958957,291.55524556794205,328.0315229526502,268.747572160388,304.9911388691555,319.46599758855535
8730,232.69962168175104,274.3623974329916,256.7968303373806,277.46267182079623,329.02677459958295,291.5877233580636,328.0671760333531,268.77727806256826,305.0245825241946,319.4994779919656
8731,232.72724582995622,274.39649920785644,256.82651835134146,277.48535930534575,329.0649839430249,291.62019621635733,328.10282908182893,268.80698482308395,305.05802622295766,319.5329584124503
8732,232.7548718464913,274.43058194612644,256.8562070645538,277.50805223702224,329.1031958583419,291.6526692264872,328.13848280747914,268.8366921838607,305.09147062558,319.56643040487535
8733,232.78249913792638,274.4646557082182,256.8859008951282,277.5307189761481,329.1414074571658,291.68514253262487,328.1741367157308,268.8663996284813,305.12491528738667,319.59990256247437
8734,232.81011811331737,274.49871829095235,256.9155985015978,277.553334492316,329.17961427964326,291.7176160714064,328.2097898797999,268.8961083185213,305.1583602136153,319.6333676309092
8735,232.83774225043214,274.5327852073547,256.94529711721907,277.57594396963253,329.2178277700342,291.7500902170025,328.24544187186666,268.9258173844659,305.1918052387232,319.6668288194615
8736,232.86537026628656,274.5668528375264,256.9749942348329,277.59850127821085,329.2560429908329,291.7825648850297,328.281093392833,268.9555234693157,305.22525024908174,319.7002905483146
8737,232.89299160216868,274.6009056358407,257.0046853351536,277.6210767074908,329.2942567901706,291.8150406887924,328.3167449284066,268.9852299848355,305.25869450717136,319.7337550793432
8738,232.92062514931837,274.63495857859033,257.0343783667884,277.6436646178216,329.3324679023593,291.8475182089929,328.3523959102852,269.01493937253906,305.2921391371958,319.767226720554
8739,232.948262939637,274.6690125847182,257.06407415065934,277.6662270120385,329.37067991653225,291.87999825080124,328.3880469318667,269.04465309829396,305.32558408248644,319.80070015436985
8740,232.97590095904349,274.7030690799831,257.0937496058947,277.68876321779175,329.40889165104716,291.912479002101,328.42369759886924,269.0743683926976,305.359029256274,319.8341698527145
8741,233.0035472080531,274.7371154749648,257.12341667009474,277.71128817826167,329.4470987544402,291.9449596413401,328.45934787222785,269.10408380261106,305.3924744793784,319.8676383174944
8742,233.03120194545997,274.7711585811974,257.1530861938972,277.73381868009966,329.485312620363,291.9774414179982,328.4949986038675,269.1337990784081,305.4259193152824,319.90110593840257
8743,233.05886206687228,274.8051932744773,257.1827534548273,277.7563458201162,329.5235289544484,292.0099263794724,328.5306501624484,269.1635130645402,305.45936338133964,319.9345761890291
8744,233.08652384735632,274.839227606784,257.21241942936507,277.77886994392713,329.5617453958859,292.04241198123486,328.5663018395143,269.1932243082163,305.4928073580085,319.9680477615418
8745,233.1141851639329,274.8732630921523,257.24208798986194,277.8013512315368,329.5999605623015,292.07489474368174,328.6019521202898,269.2229357467078,305.52625120431674,320.00151962580554
8746,233.14183707463803,274.9072872176165,257.271745520813,277.8237643898141,329.6381748097191,292.1073756066864,328.63760045899255,269.25264750948827,305.55969432491503,320.03499524981396
8747,233.16948486257175,274.9412894310059,257.30139691637294,277.84618112737587,329.67639387353995,292.13985646279207,328.67324725121375,269.2823580593316,305.59313661988864,320.06847204219474
8748,233.19713480858536,274.9752742126995,257.33104881427346,277.8686003566517,329.714615434802,292.1723360896373,328.70889449439494,269.3120683085954,305.62657867051314,320.10194594760804
8749,233.22477423971708,275.00924077006346,257.36069840963677,277.89101609330527,329.75283467046285,292.2048181724668,328.7445418495329,269.3417767891607,305.6600208804125,320.13541606050956
8750,233.25241289208944,275.04321027035496,257.3903512255615,277.91346820391146,329.7910535791712,292.2373016551054,328.78018922933734,269.3714849230177,305.69346350790687,320.16888404289836
8751,233.2800442098829,275.0771880964496,257.4200052621804,277.9359640189257,329.8292712015912,292.269785408173,328.81583681799594,269.4011914390015,305.7269062495176,320.2023525755223
8752,233.30766934664865,275.11116801941836,257.4496563596031,277.95848019747336,329.86748370070165,292.30226839465547,328.8514844179841,269.4308972618985,305.7603485710254,320.2358211482773
8753,233.33530629722466,275.1451397031061,257.47929106601026,277.98103089491264,329.90569527310066,292.33475137026625,328.88713212999687,269.4606050552711,305.79379077612805,320.26928828535864
8754,233.36294649588743,275.1791118383509,257.5089204801179,278.0035992931573,329.9439033814877,292.36723364950024,328.9227802664164,269.4903137472009,305.8272323017631,320.30275482518726
8755,233.3905933318699,275.213080944623,257.5385362355889,278.02616568852034,329.982121746125,292.3997165369973,328.9584284590462,269.52002114663054,305.86067361849007,320.3362217684899
8756,233.41824488616987,275.2470580086587,257.5681456552908,278.048735820136,330.0203423500966,292.4321994854289,328.9940761267411,269.5497288548778,305.89411457986955,320.36968222874543
8757,233.44590041258405,275.2810392918636,257.5977443455149,278.0713038100778,330.05855744441146,292.46468083571307,329.02972275313834,269.579436887004,305.92755568370586,320.40313480321333
8758,233.4735607447025,275.31504194085824,257.62734503501525,278.0938820162071,330.0967606118672,292.4971612729281,329.06536973840133,269.6091397897048,305.9609966629973,320.4365866912448
8759,233.501224890972,275.34905082480503,257.65694670207023,278.11642824201584,330.13495575686915,292.52964359297056,329.10101735574074,269.63884479274765,305.99443777016234,320.47003949392246
8760,233.5288902027449,275.38304651663213,257.6865474124803,278.13896517964827,330.1731432421453,292.5621275849146,329.1366662664636,269.6685524004226,306.02787895869153,320.50349239437634
8761,233.55655561965563,275.41703716853243,257.71615141271474,278.16151015115923,330.2113271644919,292.5946119474356,329.17231581883897,269.69826276487305,306.06131989333727,320.5369437453814
8762,233.58422154712184,275.45102811733005,257.74575710033287,278.1840700942403,330.249514522064,292.62709616977185,329.20796604112365,269.7279741325656,306.094760713179,320.570393735756
8763,233.6118865949896,275.4850272592343,257.7753640896751,278.2066364849264,330.2877022495263,292.6595783980225,329.2436165206262,269.75768172045144,306.12820143127465,320.60383802767615
8764,233.63955528942455,275.51904485693717,257.80497337083125,278.2292073120041,330.32588908208567,292.69206167600015,329.27926693162016,269.78738927159736,306.1616421590688,320.6372736440798
8765,233.66722153886647,275.553067336923,257.8345819364471,278.2517863649837,330.36407596323227,292.7245471680129,329.31491610507237,269.8170952086278,306.19508353201314,320.6707060274049
8766,233.69488808705893,275.5870823804878,257.8641912591514,278.27439936296673,330.4022568846997,292.7570337521025,329.35056608646966,269.84679970379517,306.22852515419675,320.7041424271416
8767,233.7225416922728,275.6210964753149,257.8938004438787,278.297026814861,330.4404365709645,292.7895204642741,329.38621735567017,269.8764981202743,306.26196686371685,320.73757990445324
8768,233.7502049109244,275.6550806449549,257.923404952031,278.3196557681903,330.47860389196376,292.8220027328994,329.4218699155552,269.9061948605356,306.29540882968416,320.77101926492776
8769,233.7778739240974,275.6890381898291,257.9530105489113,278.34228908995595,330.5167672586209,292.85448467529096,329.45752337892765,269.9358933952528,306.3288508698974,320.8044601713367
8770,233.80553563603286,275.72299419573955,257.9826171888029,278.3649233208505,330.55492931851154,292.8869666047215,329.4931769485154,269.96559444353136,306.3622933169265,320.8378946076037
8771,233.8332009547945,275.75694869446505,258.0122214884337,278.3874939414616,330.5930839560765,292.9194458447997,329.5288298617143,269.99529634043836,306.39573591937983,320.8713295897902
8772,233.8608521176772,275.7908928199041,258.0418173156017,278.4100719945849,330.6312306013962,292.9519280380574,329.56448386782944,270.02499732562296,306.4291783221838,320.90476475635694
8773,233.8885158982534,275.8248132983865,258.07141283353195,278.4326586880659,330.6693651961985,292.984411119244,329.600138177852,270.05469946421806,306.46261968135514,320.93820350434424
8774,233.91618641763145,275.85873612845023,258.1010078423568,278.45522759971954,330.70749434119995,293.0168918863659,329.6357924432422,270.0844021563585,306.4960609873544,320.97164340166944
8775,233.9438591354896,275.89266681899437,258.13059928818836,278.4777760721466,330.7456134716611,293.049371733622,329.67144639074354,270.1141009398463,306.5295021263786,321.00508180180066
8776,233.97679230952545,275.9277091271181,258.16420323273184,278.5087954308651,330.78352655518273,293.0839437930621,329.70709415775093,270.14774405812886,306.56438678118957,321.03996549223535
8777,234.09457979817606,276.0463824520856,258.28227244499567,278.62577911708246,330.90274549798687,293.20241961358244,329.8259959562431,270.2658297233631,306.68299389176576,321.1585721977735
8778,234.09915493984687,276.0553744763639,258.2875069005428,278.6259702931406,330.9148172816457,293.21025510922993,329.836686086736,270.27172140357686,306.6918490153785,321.16724514833953
8779,234.12471093521737,276.08651733772683,258.3139079316478,278.6456449970995,330.94971050374755,293.23995082246347,329.869906199941,270.29896299366544,306.72281486370616,321.1979749415058
8780,234.15237020306768,276.11985546899416,258.34243293341973,278.66729136911243,330.9868875334665,293.27183222480056,329.90537933225744,270.32833854909353,306.7559918438632,321.2309104387281
8781,234.18024023045226,276.1534075321117,258.37117213010896,278.68912536225093,331.02428963632394,293.30393279455154,329.9410769138178,270.35792674854974,306.78938998062927,321.26406313747714
8782,234.20813279979157,276.1869889359977,258.3999330140663,278.7109716976595,331.0617077981721,293.33605525649585,329.9767969348978,270.38753509245663,306.8228102343638,321.29723804157885
8783,234.23603167012365,276.2205744329732,258.4286977997676,278.7328226199172,331.0991274063612,293.36817991134984,330.01251882587826,270.41714481182294,306.85623340231217,321.3304162390761
8784,234.26393234433792,276.2541584723052,258.4574636327213,278.7546764334549,331.13654628525404,293.4003047698763,330.048240806718,270.4467534435993,306.8896572884153,321.3635946272165
8785,234.29183292555038,276.28772734813003,258.48622682459177,278.77652139505574,331.1739560266012,293.4324279803055,330.08396278710575,270.47636196814085,306.9230813611888,321.3967649138312
8786,234.31973471967535,276.3212999616915,258.5149848884099,278.79837274606314,331.2113665881662,293.46455142041503,330.1196847072423,270.5059710776248,306.9565054465568,321.4299331268432
8787,234.34763247504296,276.35487367327596,258.5437371279142,278.82025168371985,331.248779095994,293.49667341933105,330.15540755976707,270.5355808316212,306.989928969028,321.46309092638984
8788,234.37552356740267,276.3884412136343,258.5724838047318,278.84218555751556,331.2861926579868,293.5287949220222,330.19113067903373,270.56519093756344,307.0233523104481,321.49622905751573
8789,234.40340714220994,276.42200357017845,258.60122811240376,278.8641615966642,331.3236057200912,293.5609162347844,330.22685366072193,270.59480129456813,307.05677540590807,321.52937312939184
8790,234.4312918839833,276.4555685023996,258.6299712720598,278.88616334302884,331.36101428629104,293.5930380741521,330.26257562657287,270.6244116574665,307.0901985841774,321.5625189670916
8791,234.45916458932595,276.4891381098306,258.6587150057401,278.90817376409234,331.3984228048952,293.62515991474334,330.2982971729938,270.6540229313666,307.1236216236586,321.59565861680426
8792,234.48702718315096,276.5227149789597,258.6874588814943,278.9301886900706,331.435827237233,293.657281406456,330.33401922058636,270.6836351503987,307.15704391785107,321.6287959379335
8793,234.51488932550996,276.55629377683346,258.7161983289061,278.95221019292995,331.4732252265139,293.68940367465825,330.36974133817466,270.7132477707351,307.1904658393408,321.66193323084093
8794,234.5427527352793,276.5898687052053,258.74493233121484,278.9742438534526,331.51062300301504,293.7215261135336,330.4054639596961,270.74286149719313,307.2238877899407,321.6950637518067
8795,234.57061369483768,276.62343828689205,258.7736670296823,278.99625212881915,331.54801851896383,293.7536492033623,330.4411869423299,270.7724756218706,307.2573095790181,321.7281911250986
8796,234.5984748439578,276.65701673465566,258.80239573078177,279.0181958462164,331.5854108650516,293.78577279777403,330.4769103787541,270.80209040878714,307.29073197881905,321.761313889492
8797,234.6263297194526,276.6905970737813,258.83112622593643,279.0401346322476,331.6227985610333,293.8178953219803,330.51263392691914,270.8317057623969,307.3241549137301,321.7944373732168
8798,234.65416547819257,276.72416978172316,258.859857942857,279.0620959645708,331.660184696506,293.8500182763556,330.5483572124695,270.86132128071495,307.357578587067,321.82755275882647
8799,234.68199228792608,276.75774977094756,258.8885889512523,279.0840341530931,331.6975636757168,293.8821412949126,330.5840802871206,270.89093560893446,307.39100246536884,321.86065652391756
8800,234.70982088772433,276.7913315537281,258.91732250647993,279.10599502963225,331.7349388303903,293.9142640734342,330.6198033676703,270.92054810899197,307.4244263147125,321.8937686830226
8801,234.73766272317692,276.8249178145175,258.9460568143668,279.1279694542155,331.7723104217368,293.9463870495735,330.655526447538,270.95015831796246,307.45785019209313,321.92688433638517
8802,234.7655129711739,276.85851052815076,258.9747896173008,279.1499386027446,331.8096820666662,293.97851168288213,330.6912497578091,270.9797699757992,307.4912737191974,321.960000122539
8803,234.79337509465554,276.89210345953046,259.0035238071379,279.17189473512326,331.8470561465534,294.01063741756207,330.7269731199553,271.00938226398193,307.5246971986858,321.9931092053452
8804,234.821242798892,276.9256796855487,259.0322592728594,279.19386012180286,331.884430625432,294.0427633638444,330.7626961301696,271.0389928450843,307.558120688796,322.02621538956214
8805,234.8491118091914,276.95926717836545,259.0609945038782,279.21584541624514,331.92180305945175,294.07488983807184,330.7984195354543,271.06860410772117,307.5915444546073,322.05933219687233
8806,234.8769797138556,276.9928580236633,259.08972320596115,279.2378012694662,331.95917629120584,294.10701662299994,330.83414298514805,271.09821575691643,307.62496887997656,322.09245221335004
8807,234.90485095417588,277.0264403874107,259.11844370586203,279.2597690601351,331.99655286277624,294.13914355257003,330.8698658444603,271.1278259413124,307.6583936407318,322.1255665748942
8808,234.93271540454504,277.06003072948755,259.1471649066941,279.28175043470395,332.03393004005073,294.1712706302809,330.9055887417859,271.1574380798219,307.6918184507633,322.158681402956
8809,234.96057237420365,277.0936337347019,259.1758865048366,279.3037221800871,332.0713052511184,294.203397409685,330.9413116000423,271.18705104373015,307.72524312283014,322.1917937973867
8810,234.988431451902,277.127239482319,259.20460521803966,279.3257045512415,332.1086754643655,294.2355254344391,330.9770344680717,271.216664042798,307.75866771937604,322.2249056746402
8811,235.0162848630871,277.16084243068264,259.23332267413184,279.34768166258215,332.14604223107557,294.2676541531373,331.0127571118081,271.24627740483123,307.79209192994006,322.2580191180321
8812,235.04412543122362,277.19444263156845,259.26204132501454,279.36967262140206,332.18340930982845,294.2997847933171,331.0484796137677,271.2758911961954,307.82551597579356,322.2911245947109
8813,235.07195546765314,277.2280485661019,259.2907639381241,279.39171895571536,332.2207785463271,294.3319168604316,331.08420185054825,271.30550595424006,307.8589402643634,322.3242305908409
8814,235.09977797945282,277.2616591363362,259.31948779640896,279.4138030248718,332.2581506365301,294.3640492032789,331.1199238921874,271.33512125598725,307.8923646808188,322.357330479895
8815,235.12758350409035,277.2952704506137,259.3482119596307,279.4359013308739,332.2955232894719,294.39618149412826,331.1556461000496,271.36473675772845,307.92578895957456,322.39042375841666
8816,235.1553809895151,277.32887254489407,259.3769325891474,279.45799053447917,332.3328980792048,294.4283134885234,331.19136851300453,271.39435081880936,307.9592135563707,322.42351561667243
8817,235.18319665307007,277.3624786483023,259.4056575458179,279.48002907842067,332.37027354683795,294.4604453869726,331.22709081696985,271.4239651423788,307.9926382939765,322.4566153840651
8818,235.21101988463988,277.3961006130697,259.43438464624603,279.5020627130132,332.40764824731235,294.4925760156341,331.26281310107515,271.45357922076994,308.0260625062375,322.489716765884
8819,235.23884236864578,277.4297416957639,259.463111953858,279.5240949248687,332.44502282979386,294.52470682693814,331.29853529589906,271.48319250474526,308.0594865975718,322.52281120002914
8820,235.26668068193047,277.4633875177447,259.49183891558755,279.546127607952,332.4823956722269,294.5568397992698,331.33425709951246,271.51280510503915,308.09291070671077,322.55590922930236
8821,235.29452598580434,277.49703264359164,259.5205658590478,279.5681669858113,332.5197666514992,294.5889734344558,331.3699790736951,271.54241799899046,308.126334933819,322.589008198877
8822,235.322372219545,277.530673454557,259.54928737622055,279.59021467476043,332.55713893183326,294.6211071320532,331.40570062864566,271.57202995913474,308.1597592706617,322.62210429186786
8823,235.35021472151203,277.5643273351909,259.57800934737844,279.61227748280305,332.59451311407867,294.6532391826297,331.4414221867935,271.6016422703954,308.1931833201694,322.6551984348609
8824,235.3780592289782,277.59799944471285,259.60673256916914,279.6343116620293,332.63188745529675,294.68537147885104,331.47714327389605,271.6312552691454,308.22660719341354,322.6882917029674
8825,235.40590539255965,277.6316944721903,259.6354449279316,279.65636139190406,332.6692645016221,294.71750280218237,331.512864341929,271.6608693785927,308.26003030115015,322.72138520154783
8826,235.4337413212243,277.66539859223656,259.6641501065708,279.6784004915854,332.70664429456065,294.7496328523276,331.5485851817114,271.6904859422705,308.2934536906565,322.7544770430286
8827,235.4615780157687,277.69911114232013,259.69285546890364,279.70043224866237,332.7440243457967,294.7817630604586,331.5843058738492,271.72010406800683,308.32687721960406,322.7875663397796
8828,235.48940852593753,277.7328254543545,259.72156024334635,279.722454445654,332.78140279565093,294.81389373550553,331.6200266316333,271.74972252121154,308.36030127047127,322.8206533518124
8829,235.51722448938173,277.7665176134602,259.7502643354293,279.7444815143506,332.8187854644293,294.8460242042823,331.65574796748325,271.7793407417589,308.3937255236152,322.85374093010347
8830,235.54504687499016,277.80019047367915,259.7789688386196,279.76651325438297,332.85617199925906,294.8781544055738,331.6914697003119,271.80895982907475,308.42714976061546,322.88683006502265
8831,235.5728772248098,277.83386216860765,259.80766888093206,279.7885105919221,332.893558893639,294.9102848507966,331.72719150107287,271.838579371522,308.46057325436306,322.9199201590461
8832,235.60071004655936,277.8675205986139,259.8363707539318,279.81051346129095,332.93094928056985,294.9424158041479,331.7629133281876,271.8681961737581,308.49399694358743,322.9530060891235
8833,235.6285483122476,277.90115691591495,259.86507374076245,279.83255698593996,332.96834258396376,294.9745469605577,331.79863576636563,271.8978125917542,308.5274207397911,322.9860984792316
8834,235.65639757846563,277.9347969600788,259.89377302881405,279.85462204787194,333.00573620030525,295.00667809896674,331.8343584953761,271.92743064679706,308.560844547816,323.01919396191454
8835,235.6842505946869,277.96843986977933,259.92247279027254,279.8766863973028,333.04312943498905,295.0388115351679,331.8700811841517,271.9570490877021,308.5942683453036,323.0522856831781
8836,235.71210335274114,278.0020763268632,259.9511715064793,279.8987080029318,333.08052487795976,295.07094571303185,331.9058029313371,271.98666908658214,308.62769256818564,323.08537815797456
8837,235.7399567372021,278.0357299509929,259.97987269994275,279.9207224238899,333.1179243344759,295.1030781293273,331.94152464350026,272.01628975393464,308.66111703686374,323.11846266737297
8838,235.76781248612323,278.0694095362427,260.00857799755136,279.94274413139493,333.1553260571948,295.1352088226791,331.9772467110848,272.04590988384666,308.69454153341115,323.15154414622015
8839,235.79568283832177,278.10309508215613,260.0372866303278,279.96475090686346,333.19273225487456,295.16733928711113,332.01296919939796,272.0755309146964,308.7279666016859,323.18462372780033
8840,235.82356066841626,278.1367724700864,260.0659961030041,279.98670675156905,333.2301406752648,295.19947057058056,332.0486918378562,272.10515375278266,308.761391855148,323.2177052515857
8841,235.85142627000042,278.1704476818603,260.0947066100223,280.00867828273385,333.2675492429804,295.2316019849626,332.08441446026364,272.1347792346764,308.7948167707896,323.2507866764125
8842,235.8792731057956,278.20409572400945,260.12341887613064,280.0306724830232,333.3049560246419,295.26373289574883,332.12013663916076,272.1644056625139,308.8282412074216,323.2838683007844
8843,235.90710448991751,278.2377452292942,260.1521316193612,280.05265014107925,333.34235852132434,295.29586495250237,332.1558587727778,272.1940296160883,308.861665741668,323.31694368403396
8844,235.93493580635254,278.2713983415666,260.18084655902675,280.0746104115292,333.3797590542735,295.327998796528,332.19158138033976,272.2236529625468,308.89509038789237,323.3500164080917
8845,235.96276639737357,278.30506575620194,260.2095651705627,280.09657566929235,333.4171590778934,295.3601339356942,332.2273041600832,272.25327540329135,308.92851513452064,323.3830837332253
8846,235.99060049478555,278.3387440890884,260.23828512868124,280.1185454325094,333.4545602930351,295.39226935543,332.26302647357033,272.2828983594525,308.96193990266875,323.41615371690375
8847,236.0184375846636,278.3724240116942,260.26700231207616,280.14052205016884,333.4919645415777,295.4244057772299,332.29874699367974,272.31252149665585,308.9953646419645,323.4492242665299
8848,236.04627729777226,278.40608534614023,260.29571967994684,280.16247550976084,333.5293695511744,295.4565434990401,332.33446760035133,272.34214510160996,309.0287893257771,323.4822935158831
8849,236.07413146951976,278.4397236082442,260.3244414718171,280.1844416038306,333.5667752664984,295.4886813693291,332.37018784516727,272.37177078963964,309.0622131301657,323.51536378995274
8850,236.10200123808048,278.47336105307824,260.353165333226,280.20637662939095,333.6041818884891,295.52081923907133,332.4059069431789,272.401397222388,309.095636356558,323.54843419608363
8851,236.1298757504884,278.5069894518221,260.38188570303,280.2282712785748,333.6415894769944,295.5529580276296,332.44162472418196,272.4310237376519,309.1290600689853,323.58149655133076
8852,236.15776244764646,278.54060352042944,260.4106040869446,280.2501615503599,333.67899957128475,295.585097566401,332.477342573416,272.4606503412856,309.16248392071316,323.6145591894386
8853,236.18566548285781,278.574186905175,260.43931543781974,280.2720403351616,333.716412129987,295.61723723076364,332.51306133623154,272.49027630174197,309.1959073229856,323.6476183962207
8854,236.2135749261991,278.6077642843624,260.46802463342084,280.2939127070033,333.7538308259971,295.64937732730175,332.5487803583694,272.51990168895395,309.2293303684193,323.68067819923397
8855,236.241486733891,278.64134368889853,260.4967369327831,280.31578214916635,333.7912510744109,295.68151814447174,332.58449932088666,272.5495271777111,309.2627535358235,323.7137305955516
8856,236.26939768300878,278.6749151751079,260.52545317269806,280.3376684407854,333.8286706683636,295.71365912358044,332.62021804884165,272.5791521438284,309.2961767092807,323.74678091131375
8857,236.29731398467803,278.7084849913688,260.55417098160177,280.35956465315184,333.86608914041807,295.7457993690786,332.6559370800019,272.6087760539322,309.32959975792755,323.7798126971877
8858,236.3252305108161,278.7420472230472,260.5828872497686,280.3814547315677,333.90349925260506,295.7779408999872,332.691656783238,272.63840162215854,309.3630230980195,323.81284499799216
8859,236.35314528101807,278.77560975109805,260.61160390060326,280.40336274801655,333.9409121383836,295.8100834832231,332.7273767836605,272.6680281606875,309.39644653260893,323.8458755826498
8860,236.38106145681627,278.80918140100226,260.6403166499752,280.4252825312982,333.9783299429017,295.8422267062068,332.76309678998444,272.6976547954762,309.42986991496025,323.87890149537014
8861,236.40899595192553,278.8427564031507,260.6690246523232,280.447170755471,334.01575474528073,295.87437007291754,332.7988163777777,272.72728098933686,309.4632933250191,323.91192508356886
8862,236.43695030541434,278.876320899186,260.69773526880806,280.4690489973017,334.0531810933614,295.9065123858994,332.834535608518,272.7569048130237,309.496716887766,323.94494662502575
8863,236.46491022503812,278.9098873412924,260.7264464319889,280.49093639768466,334.09060524741466,295.93865372050607,332.8702545678159,272.7865301488876,309.5301402637482,323.9779703914186
8864,236.4928830116181,278.94345353427025,260.75515476354695,280.51281066246173,334.12802617863645,295.9707951262882,332.9059732110316,272.8161568741341,309.56356312157266,324.01099469054975
8865,236.52086138456647,278.976998385918,260.78386687060373,280.5347069045894,334.165453450862,296.0029375733166,332.94169183596375,272.8457855688067,309.5969859743286,324.0440184097685
8866,236.5488382312257,279.0105431311565,260.8125814254684,280.5565837351734,334.202889569797,296.03508070463283,332.9774104930233,272.8754154951252,309.63040888415065,324.07705266982566
8867,236.57680147662998,279.04407384644423,260.8413006147978,280.5784747869001,334.24032744930287,296.067223885156,333.01312907587027,272.9050470230323,309.66383143238727,324.1100911247756
8868,236.6047579542249,279.0775859686467,260.87002157852544,280.60033528519364,334.27776381555174,296.0993665820744,333.04884753694324,272.9346792013293,309.6972539621085,324.14311289035936
8869,236.6327058452956,279.1111052059477,260.8987425873831,280.6222014453875,334.3151992899939,296.1315091619279,333.0845660674538,272.96430978043423,309.73067660634433,324.17613394262264
8870,236.66065104383026,279.1446333291848,260.9274641050696,280.6440453722376,334.3526353395362,296.1636519597978,333.120284393477,272.99393564811623,309.76409927808356,324.2091594672986
8871,236.68860105832206,279.17817773753535,260.95618765056116,280.6659008520568,334.39007016223877,296.1957952248632,333.15600230408484,273.02356076158895,309.7975216122095,324.2421858698554
8872,236.71655452458165,279.21172685257835,260.9849055121878,280.68771437577914,334.42750263531394,296.22794071659484,333.19172033794075,273.0531848419544,309.83094372082354,324.27520895890586
8873,236.74450696259967,279.24527210919064,261.0136279254302,280.7095460648158,334.4649342998366,296.2600868217966,333.2274383732456,273.08280773151193,309.86436548638164,324.30823237909465
8874,236.77246275529194,279.27882093311825,261.0423521421659,280.7313884688372,334.50236549524726,296.29223164471114,333.26315620085484,273.11243003661343,309.89778776606266,324.34125304811664
8875,236.80041913254095,279.3123796988255,261.0710786067299,280.7532294230395,334.5397916691202,296.32437648040474,333.29887364127154,273.1420539463649,309.9312105846774,324.374268680735
8876,236.82839210875167,279.3459410459696,261.09981088959427,280.7750914765878,334.5772123082194,296.35652108081354,333.33459092667226,273.17167615747763,309.9646342870434,324.4072893122759
8877,236.85637374062432,279.3794942822701,261.12854518886866,280.79698025192283,334.61462745667194,296.3886638370585,333.3703082254189,273.20129746872664,309.99805834093064,324.4403120090267
8878,236.88436045725484,279.41304097160076,261.15727950179934,280.81888964712783,334.6520385704218,296.42080618865214,333.40602555300904,273.23091855556527,310.0314824749874,324.4733366583491
8879,236.91234970756335,279.4465851601107,261.1860141718931,280.840811224889,334.6894467086102,296.45294802994687,333.4417429026494,273.2605401536771,310.0649066209244,324.5063668903673
8880,236.94033140339462,279.4801301756957,261.21474912134585,280.8627381593848,334.72685447973765,296.48509002578595,333.4774600183363,273.2901620269808,310.09833061129905,324.53940199489205
8881,236.96831454293178,279.513679661906,261.243488147082,280.88465858610516,334.7642582144752,296.51723100859243,333.5131771626214,273.31978219480095,310.1317544485214,324.5724382091566
8882,236.99628771437003,279.54723022718025,261.27222995913144,280.90656942551675,334.8016609305692,296.54937110223653,333.54889403686417,273.34939936694803,310.16517832575147,324.6054802594605
8883,237.02425821874098,279.5807773458561,261.3009757635938,280.92850851738365,334.8390632205624,296.5815116342802,333.5846117515091,273.37901735727604,310.1986022091592,324.63853129731996
8884,237.05221897844967,279.61433294385307,261.32972338088945,280.9504687759479,334.8764632994795,296.613652739143,333.6203298366051,273.40863567804746,310.23202590753084,324.6715890879747
8885,237.08018064955496,279.64789079473906,261.35847114211896,280.9724159914057,334.9138622997495,296.6457944892903,333.6560479641577,273.43825278821663,310.265449758885,324.704648296634
8886,237.10813666768883,279.68143400440283,261.387219232151,280.99437007339577,334.95125796683215,296.6779364150238,333.6917666525833,273.46786671789846,310.2988737763196,324.73770710891284
8887,237.13609766363544,279.71496790850176,261.41596951996803,281.01634730078933,334.9886519832572,296.710077988402,333.72748554217645,273.49748111462276,310.3322978342032,324.77076729135246
8888,237.16406126813717,279.7484804210589,261.44472082281146,281.0383430638685,335.0260469849705,296.7422201359661,333.7632043989946,273.52709600868525,310.36572220156563,324.8038239990268
8889,237.19201115910317,279.7820060550019,261.4734712832302,281.06031279637017,335.06344176841844,296.77436270315695,333.7989227327474,273.5567110287714,310.39914670034284,324.836874588955
8890,237.21993637799972,279.81553487558807,261.50222468104243,281.0822789685416,335.1008333727911,296.80650545224563,333.8346407107088,273.5863256634891,310.43257120629914,324.86991827795083
8891,237.24784104288446,279.84905817646666,261.53097883482343,281.10423296080677,335.13822408909215,296.8386463059568,333.8703583393737,273.615940712702,310.4659956640628,324.902961784534
8892,237.2757316949521,279.88259393905565,261.5597345101263,281.1262040464949,335.1756118428081,296.87078692494606,333.90607569225676,273.64555566236953,310.49941947789387,324.9360039324147
8893,237.3036231266298,279.91613965709865,261.5884909973374,281.14818130348044,335.2129992299512,296.9029284067059,333.9417922026462,273.6751708600809,310.5328437253317,324.9690332927744
8894,237.33151714682037,279.9496859408559,261.617247892884,281.1701602357347,335.25039153125084,296.9350703700542,333.9775093714138,273.70478551444114,310.56626857917485,325.0020533662209
8895,237.359398546447,279.9832222278871,261.64600601516,281.1921673714775,335.28778522436016,296.9672124697321,334.01322668573624,273.73440072989644,310.59969354416114,325.03506682522107
8896,237.38725677908204,280.01676639377456,261.6747579858195,281.21420407360426,335.3251784464717,296.9993545958604,334.04894379296127,273.7640166114303,310.6331180021592,325.06808030559216
8897,237.4151083378279,280.0503238933991,261.7035104409783,281.2362637991875,335.36256986236316,297.0314961041335,334.08466119747965,273.793632750983,310.666542808003,325.10109007775714
8898,237.4429382571365,280.0838986451633,261.73226482333905,281.25834895350897,335.39996492412854,297.06363610332676,334.12037875270505,273.823248952449,310.69996768361847,325.13408665007626
8899,237.47076419571223,280.1174769818496,261.76102419481686,281.2803611523626,335.4373597487921,297.09577575948305,334.1560962923743,273.8528646581855,310.7333921928554,325.1670734460161
8900,237.49857746297863,280.1510269702468,261.78978535932777,281.30239012615965,335.47474801562157,297.1279143805103,334.1918137581914,273.882481078584,310.7668168008043,325.2000525160881
8901,237.52639244744879,280.1845923445481,261.81854818248723,281.32443300254147,335.5121368042053,297.16005393086385,334.2275320929409,273.9120978720265,310.80024195005814,325.2330347549987
8902,237.5541997527446,280.21816701556764,261.84731205670397,281.3464863350598,335.54952533538983,297.1921939132457,334.26325096601727,273.94171265682587,310.8336672657448,325.26602151911794
8903,237.5820079692918,280.2517421415144,261.8760754889155,281.36851643396375,335.58691871163177,297.2243363717244,334.29896990866786,273.9713266155477,310.86709240085816,325.2990095117695
8904,237.60981645346956,280.28531005373424,261.90483749921435,281.39056900441716,335.6243132613133,297.25648102578384,334.3346887011652,274.00094048729767,310.9005172462075,325.3319970925239
8905,237.6376317872508,280.31888972604185,261.9335987094647,281.4126343314271,335.6617070531794,297.2886288184922,334.370407511414,274.0305560250715,310.93394242455946,325.3649843727393
8906,237.6654481684286,280.3524734128557,261.9623606491954,281.43469779135785,335.69910002887565,297.32077809717225,334.40612602442343,274.06017213040013,310.96736769283353,325.3979707009109
8907,237.6932628044811,280.3860717512704,261.9911166010166,281.4567691391134,335.7364886506042,297.35292756803744,334.44184455103215,274.08978841862114,311.0007931912786,325.43095720706617
8908,237.72106205830377,280.4196746966585,262.0198704304862,281.47884639116796,335.773872791404,297.3850775127539,334.47756297974405,274.11940345878384,311.03421881675234,325.46394284784117
8909,237.75404503683728,280.45460864245473,262.05318699661484,281.5096761619835,335.8111203582466,297.4195422085208,334.51327111207814,274.1530178417363,311.06909846265864,325.49868006703446
8910,237.87185344337692,280.57323645524474,262.1711355099444,281.62658022128164,335.93024612871574,297.53797293629844,334.63218136171605,274.2710914381319,311.18770346949486,325.6172252546512
8911,237.87651274266597,280.5823367322693,262.17656216201163,281.6270475870829,335.94249440555933,297.5458856135787,334.6430679462202,274.2770267188186,311.1963183472254,325.62541307318696
8912,237.9021686362475,280.6136104259599,262.20321019237895,281.6471186205201,335.97760041456246,297.57568223888967,334.6765280198227,274.3043259820676,311.226984267763,325.65554691820785
8913,237.9299177511596,280.64712197588574,262.2319860128122,281.66916423234113,336.0149870553633,297.6076683699758,334.7122454936201,274.3337611066529,311.25985505303106,325.6878757376589
8914,237.9578873268802,280.68084983321233,262.260977946114,281.6914013973775,336.0526034048531,297.6398725402993,334.74818880291156,274.36340885187275,311.2929470500721,325.72042053735515
8915,237.9858895227822,280.7145901700602,262.28999091464846,281.7136790704605,336.0902445377463,297.6720955879294,334.7841547262918,274.3930785308341,311.326060974008,325.75298107370116
8916,238.01390793833747,280.74831098850933,262.3190054327292,281.7359852188587,336.1278874993098,297.70432085713054,334.82012310860426,274.42275041975375,311.3591766406443,325.78554345851074
8917,238.04193443668962,280.7820182463609,262.348022777429,281.75830083283586,336.16553299093533,297.73654857928005,334.85609185697905,274.4524242957904,311.3922924691943,325.81810643127244
8918,238.0699286574713,280.8157025285885,262.3770426143813,281.7806180250066,336.20318293798584,297.7687773699163,334.89206063224736,274.48210055720176,311.4254086069604,325.850665153415
8919,238.09791598707304,280.8493860177899,262.406057160997,281.8029379914033,336.2408347852648,297.80100629646904,334.9280292377913,274.5117786396019,311.4585251857104,325.8832323179949
8920,238.12590079404848,280.8830672953013,262.4350703975423,281.8252609639948,336.2784881467054,297.833234661057,334.9639978545293,274.5414571875727,311.4916425098496,325.91580832803254
8921,238.1538936560991,280.91674048051544,262.46408406808723,281.84760613319423,336.3161454806921,297.86546110891305,334.9999665526414,274.5711357847436,311.52476082230845,325.94838811008043
8922,238.18189232898712,280.9504144570707,262.4930942092299,281.8699920757701,336.3538064127931,297.89768643183373,335.0359352588588,274.6008116114141,311.55787949149953,325.9809682746114
8923,238.20988711627317,280.98407018448137,262.5221048213973,281.89239512666563,336.39146906402823,297.9299120172094,335.0719037998944,274.6304875527994,311.5909985232713,326.0135401947195
8924,238.23787237702356,281.0177220846428,262.55111226194646,281.9148044945536,336.4291317958493,297.9621368649635,335.1078723518651,274.6601638275287,311.6241176636893,326.0461065678639
8925,238.26585983919955,281.0513744563891,262.5801200770947,281.9371649666787,336.4667926057847,297.9943618797906,335.1438410422145,274.68983790323216,311.65723664226965,326.07866466953124
8926,238.29384326957975,281.0850239116279,262.60913016250373,281.9595201979431,336.5044502633034,298.0265875001573,335.17980993676036,274.7195108408154,311.6903554859397,326.111220570841
8927,238.3218408031389,281.11867321802805,262.63814187158914,281.98187383328866,336.54209929959933,298.05881372498226,335.21577887098005,274.7491842844676,311.72347436762493,326.14378397712716
8928,238.34986181923833,281.1523162270011,262.6671541655771,282.0042537627156,336.5797478449698,298.0910401198533,335.25174777668025,274.77885808701427,311.7565931600547,326.1763522194956
8929,238.3778973163945,281.1859505659271,262.69616163848764,282.02665294241444,336.6173968448594,298.1232657310189,335.2877168566352,274.80853420940525,311.7897115342762,326.20892511035186
8930,238.40593750748693,281.2195800337796,262.72516799354173,282.0490631440508,336.6550445784833,298.15549011156844,335.3236859674158,274.8382124857941,311.8228297636673,326.24149918572897
8931,238.43398874504038,281.2532084209369,262.754177915129,282.071499235844,336.69269146908516,298.1877157446184,335.359655022863,274.8678924974217,311.8559473537481,326.2740709595166
8932,238.46204611465637,281.28682913729335,262.7831914064654,282.0939631068212,336.7303380595329,298.21994422168723,335.395624338717,274.89757412662595,311.8890650714116,326.3066458749471
8933,238.49010430449377,281.3204573221193,262.81220563494315,282.11643689819226,336.767981743755,298.25217357538514,335.4315937154009,274.9272562018155,311.92218331059644,326.33922125087844
8934,238.5181633439812,281.35408727178014,262.8412193400003,282.1389104122024,336.8056248677578,298.28440267255434,335.4675630006721,274.9569383845459,311.955302327168,326.37180870713485
8935,238.54621083703026,281.3876901882588,262.87023008635566,282.1613965220803,336.8432631774245,298.3166305211558,335.5035325420357,274.98661885382126,311.9884215497098,326.404406319019
8936,238.5742468891252,281.4212838750325,262.8992413229765,282.1838904109474,336.88090157513415,298.3488586415825,335.5395022803053,275.0163000555262,312.02154048377525,326.4370098372446
8937,238.602286001599,281.45487711952234,262.92824744892744,282.2063746106016,336.91853896713906,298.38108798153564,335.57547219259806,275.04598177939806,312.0546587246118,326.4696145812079
8938,238.63033555697336,281.4884861471203,262.9572445463673,282.2288604657109,336.9561749030165,298.4133176720835,335.6114421376147,275.0756638613131,312.0877762909414,326.50221148486435
8939,238.6583892870285,281.52211082532665,262.9862423369626,282.25135714295334,336.99381257260853,298.4455465399104,335.6474119634268,275.1053458933353,312.1208939164,326.5348078361879
8940,238.68643615159695,281.55574479683884,263.0152468191265,282.273895068811,337.03145044336907,298.4777755030407,335.68338185295426,275.13502814062264,312.15401154813645,326.56740466773863
8941,238.71447696703535,281.5893880164324,263.0442612960012,282.2964807822507,337.06908590176,298.5100036493979,335.71935189418303,275.16470934079473,312.1871292893274,326.60001519723147
8942,238.7425069764721,281.62303324409567,263.07328326460765,282.31908532098123,337.1067215385144,298.5422317917723,335.75532225818506,275.1943900175885,312.22024671955955,326.6326319893179
8943,238.77052038187617,281.6566708961172,263.1023071803677,282.3416817489554,337.1443621557376,298.574459175594,335.7912927920859,275.2240706700063,312.2533641640182,326.66523643044894
8944,238.7985345938912,281.69031007152034,263.1313295227269,282.3642549811686,337.1820038058772,298.6066862741894,335.82726336945154,275.25375224810756,312.2864805466713,326.69784431456503
8945,238.82655518550868,281.72394467080665,263.1603546491358,282.3868271780977,337.21964275418566,298.6389136174578,335.8632341516147,275.2834301971068,312.3195966359422,326.7304541007574
8946,238.85458050968327,281.7575529586287,263.1893850468416,282.40944137723494,337.2572814868438,298.67114113974947,335.89920496901,275.31310683872823,312.35271277256015,326.7630576554657
8947,238.8826082038805,281.79113587135583,263.21841722573254,282.43208473656455,337.2949259392816,298.7033687231366,335.93517547065545,275.3427835742742,312.3858280429727,326.7956529415145
8948,238.91063921793736,281.8247199965628,263.24744546689396,282.4546734509952,337.3325747357853,298.7355974704535,335.9711458005447,275.3724610813012,312.4189428706819,326.828246801224
8949,238.93866741907541,281.85829610485416,263.27647411716305,282.4772836518349,337.37022386184145,298.76782748095627,336.00711609813504,275.4021398271238,312.45205708063344,326.8608412271436
8950,238.96670705962268,281.8918704521529,263.3055032899826,282.49981012740096,337.4078688796833,298.8000610627435,336.04308649366675,275.43181893663507,312.4851713243042,326.8934353946992
8951,238.99475103786398,281.92543957101566,263.3345309045976,282.5223250205145,337.4455125675421,298.83229587005945,336.0790571338558,275.46149797803895,312.5182849517642,326.9260322777414
8952,239.02279531539028,281.95899467048963,263.3635605574506,282.544777436569,337.4831604465813,298.864530703857,336.11502783900755,275.4911760494035,312.55139775226706,326.95862848286
8953,239.05084342453503,281.99254418251223,263.3925819154579,282.5672307731451,337.520810359988,298.89676485596215,336.1509984814505,275.52085468275874,312.5845109222602,326.9912244146775
8954,239.07885840804326,282.02609383968,263.4215962950135,282.5896769884572,337.558462245387,298.9289991847794,336.1869690437506,275.55053354046095,312.61762418978526,327.023820572881
8955,239.10686438175938,282.05961629638574,263.4506097062537,282.61212179229585,337.59611431700995,298.9612326611115,336.2229395616732,275.5802115818381,312.6507370605591,327.05641620018855
8956,239.13487141831888,282.0931385338919,263.4796236507703,282.6345756441087,337.6337637608589,298.99346579314505,336.25891034729904,275.6098885440283,312.68384999235076,327.0890046894311
8957,239.16289211553834,282.1266564993194,263.5086347240094,282.65699559084584,337.67141202078386,299.0256993904958,336.2948815288242,275.6395662362242,312.71696297235593,327.12159228463014
8958,239.19092226124232,282.160176860945,263.5376470977373,282.6794192787015,337.7090600773344,299.05793337957056,336.3308527946593,275.6692392111129,312.75007602395254,327.15418317869694
8959,239.21895416421032,282.19369693323074,263.5666590797879,282.70184991609756,337.7467058853763,299.0901671493515,336.36682407198526,275.69891207604957,312.78318897186045,327.18677956326377
8960,239.2469901781718,282.22721427033645,263.5956664508836,282.7242595685699,337.7843488546034,299.12239978981074,336.4027953871086,275.7285832352992,312.81630161364575,327.21938635582956
8961,239.27502942079997,282.26071866310906,263.6246739797098,282.7466994034309,337.8219852048802,299.1546329276944,336.43876690895553,275.7582532736657,312.84941462099624,327.25200520772916
8962,239.30305308928325,282.2942166423328,263.6536796001211,282.7691724073728,337.859628799655,299.1868639618662,336.4747385496672,275.78792342637803,312.88252850204924,327.2846329839297
8963,239.33107208400597,282.3277172465207,263.6826761845246,282.7916552992935,337.89727393340013,299.21909550765974,336.5107101927673,275.81759247578844,312.91564317548057,327.31726955338536
8964,239.35909272015797,282.3612140776026,263.71166167639285,282.8141513073884,337.9349203018387,299.25132729327186,336.54668187570127,275.8472608939864,312.94875803955927,327.34991310229975
8965,239.38711349809603,282.394723860254,263.74064731861796,282.83665846176575,337.97257065680304,299.28355881874467,336.58265359792097,275.8769239743789,312.98187260687706,327.3825615232892
8966,239.41510671457013,282.42823853340366,263.76963053572257,282.8591725272762,338.01022106588016,299.31579041070813,336.61862504298443,275.90658476519735,313.0149869028839,327.41521106426677
8967,239.4431030684356,282.46175818642126,263.79860787877533,282.88170390130716,338.0478639937075,299.3480220587613,336.6545964872837,275.9362451315373,313.0481012470113,327.4478598294262
8968,239.47108402861556,282.49527919584045,263.82758735713037,282.9042074408576,338.0855031970842,299.3802530773808,336.6905679970107,275.96590455964525,313.08121527594733,327.4805019111671
8969,239.4990490626625,282.52879528921966,263.85656773534396,282.92670066489353,338.12314741237304,299.4124832020752,336.7265394965183,275.9955641650996,313.11432856825405,327.51313884107714
8970,239.52701524016268,282.5623151634417,263.88554725785264,282.9491784283074,338.16079886127227,299.4447130411861,336.7625109058477,276.02522355254507,313.1474418885784,327.54577602191847
8971,239.55497934521696,282.5958378371275,263.9145283351597,282.97166718997534,338.1984514851077,299.47694461028107,336.79848239868886,276.05488189299206,313.1805552726099,327.5784113912802
8972,239.58293507110653,282.62932923370386,263.94350686330847,282.99416341956527,338.2361031562781,299.5091767395072,336.83445390688564,276.0845399866056,313.2136692011631,327.61104224947053
8973,239.61087067148677,282.6628119995864,263.97248479976895,283.01664116295234,338.2737596354357,299.5414087698127,336.87042540530484,276.1141958797605,313.24678330363594,327.6436738973653
8974,239.63879886571513,282.6962904095837,264.0014623342222,283.0391111374675,338.3114171252422,299.57363890623566,336.9063968893086,276.1438507685918,313.2798980651869,327.6763052260972
8975,239.6666993954049,282.7297700803538,264.0304444421869,283.0615894550978,338.3490741427113,299.6058680423786,336.9423680826902,276.1735060576607,313.31301309969643,327.7089382432032
8976,239.69460035048726,282.7632539270132,264.0594296601456,283.0840473266113,338.3867307975021,299.6380986227274,336.9783388097341,276.203161657279,313.3461274541282,327.74156583309724
8977,239.72250178474567,282.7967424302097,264.0884165004608,283.1064878574585,338.4243834833879,299.67032963580004,337.01430904363224,276.2328178526132,313.3792408962545,327.7741924420695
8978,239.75038718777867,282.83023229397696,264.11740432573595,283.128936067033,338.46203225705494,299.7025589997184,337.05027910139796,276.26247525246504,313.4123538468688,327.8068122572857
8979,239.77829051596055,282.8637187910229,264.14639264894,283.1513965619347,338.4996843585874,299.7347883722078,337.0862491579127,276.292133090608,313.44546633577187,327.83943438939554
8980,239.806206957076,282.8972051596102,264.17537736537975,283.17385797753064,338.53733867850553,299.7670161176829,337.1222192334186,276.3217910258567,313.47857858536935,327.8720615673521
8981,239.8341282792425,282.9306706530083,264.20436087172266,283.1962918866145,338.5749943007149,299.7992437090279,337.158189452825,276.3514476718722,313.5116895268763,327.9046912315277
8982,239.8620637724679,282.9641462248926,264.2333410466489,283.2187062397745,338.6126500062059,299.83147181964836,337.19415969687765,276.38110311523855,313.5448009530372,327.9373213158555
8983,239.89000873873954,282.9976239572453,264.2623223814614,283.2411286166921,338.6503036517921,299.86370189154894,337.2301300658526,276.4107609451332,313.57791252685865,327.969950244439
8984,239.91795570428673,283.0311010872604,264.29130360546935,283.2635453053068,338.68795221465143,299.8959325211162,337.26610072383346,276.44041958778155,313.61102351316754,328.0025893716108
8985,239.94590317274483,283.06459048429326,264.3202805728496,283.28591541941205,338.7256011992183,299.92816312119356,337.3020714279251,276.4700757947973,313.64413456164425,328.0352316875521
8986,239.9738531588926,283.0980827097043,264.34925946186206,283.30830372458104,338.7632504088939,299.9603939687699,337.33804185675865,276.49973209859814,313.67724570044817,328.0678675787621
8987,240.00181265229355,283.1315653209421,264.37824076215884,283.33070344656477,338.8008987929404,299.99262343567847,337.37401215331323,276.5293878699283,313.710357551228,328.1005046891309
8988,240.02977873887008,283.1650523220973,264.4072234982432,283.3531105755197,338.83854510925704,300.02485291213105,337.4099823294356,276.5590442899424,313.7434695710492,328.1331455681277
8989,240.0577555343442,283.19854008088595,264.4362068567223,283.3755307213811,338.8761852262177,300.05708265656034,337.44595260635145,276.58870138561304,313.77658115189416,328.1657874238598
8990,240.08573629410728,283.2320212829619,264.4651858534504,283.397962442566,338.91382244499243,300.08931218523054,337.4819229037581,276.61835865570777,313.80969273078335,328.1984205166511
8991,240.11372320270436,283.2655168391686,264.49415697219564,283.42039879221977,338.9514599416505,300.12154017432044,337.5178934827204,276.6480148253338,313.84280383802815,328.23105400124217
8992,240.14171334100882,283.29901790031977,264.52312759309547,283.4428308586555,338.98909766195084,300.15376797504825,337.5538641535781,276.6776688138869,313.87591482208506,328.2636859201703
8993,240.16970382250628,283.33251817495307,264.5520995942594,283.4652677100728,339.0267377296232,300.1859955782937,337.58983472598754,276.70732169222737,313.9090251489564,328.2963192031208
8994,240.19769826214585,283.3660138880019,264.581067457925,283.48768732174705,339.06438308992807,300.2182224940683,337.6258051416598,276.7369745370358,313.942134704504,328.32895781992
8995,240.2256792206572,283.39952080306506,264.61003835669663,283.5101231237212,339.1020288377931,300.25044881730986,337.6617754905211,276.7666259215934,313.9752443711935,328.3615972065799
8996,240.2536534184584,283.43303101091726,264.63901164623763,283.53249063212513,339.1396658675702,300.28267266053393,337.697745579744,276.7962771545609,314.0083538339039,328.3942369671799
8997,240.28163386667438,283.4665411452842,264.667989056834,283.5548565982923,339.1773010285575,300.314895313592,337.73371543158896,276.82592501701436,314.04146335693497,328.42688598043515
8998,240.30962107042618,283.50005741210896,264.69697010972476,283.5772104373524,339.21493447871865,300.3471181536981,337.76968542251444,276.8555715376865,314.0745728020371,328.4595372599016
8999,240.33759895233214,283.53359304105754,264.7259520536453,283.59958446579463,339.25257487231767,300.3793408884086,337.80565545234845,276.88521747053005,314.10768227829624,328.4921849487358
9000,240.3655606658191,283.5671340398366,264.7549343088859,283.62196960224617,339.2902203379763,300.411562280879,337.841625535436,276.91486297437586,314.1407915098939,328.524830687233
9001,240.39352418906847,283.600680156599,264.7839117322821,283.644340139895,339.32786666772057,300.44378359273713,337.877595623189,276.9445087191896,314.173900502773,328.5574764710926
9002,240.42147386596753,283.63422769723513,264.81287759738547,283.6666881033696,339.3655119073568,300.4760047136248,337.91356551332615,276.9741532827201,314.2070098065497,328.59012570334545
9003,240.449411167308,283.66775224676087,264.8418423135664,283.6890359309758,339.40315259124185,300.50822610708803,337.9495354011496,277.0037958104873,314.2401199561142,328.6227784754879
9004,240.4773517982947,283.701265276589,264.87080221240683,283.71134114199947,339.4407904470894,300.5404463646814,337.9855052266913,277.0334382471696,314.27323032150093,328.65543594612984
9005,240.5053039841198,283.7347682886191,264.8997666993394,283.73363494363565,339.4784349610118,300.5726662598678,338.02147499536954,277.0630808279504,314.30634016937756,328.6880965787046
9006,240.53326446729102,283.7682531845872,264.92873287972395,283.7559338897691,339.5160808156924,300.6048874883499,338.0574447965079,277.0927224836532,314.33944995106975,328.72076190497876
9007,240.56123814819173,283.80173596394263,264.95769929902264,283.77822076102854,339.5537266305509,300.6371091512454,338.09341458705984,277.1223650464837,314.3725597617473,328.75342856914676
9008,240.58922399680688,283.8352076772653,264.986660597456,283.80052258908427,339.5913721192059,300.6693307462031,338.1293844259245,277.15200383093895,314.405668497365,328.78609012480376
9009,240.61722648320293,283.8686743061384,265.0156131459338,283.82283345589843,339.6290130633828,300.70155232281985,338.1653543927029,277.1816420735669,314.43877675203976,328.8187581570663
9010,240.64523680266575,283.9021451643199,265.0445648070499,283.8451375356416,339.6666511446283,300.73377363888306,338.2013245283612,277.2112800866487,314.47188403312066,328.85142906432185
9011,240.67325053913763,283.93562668930963,265.0735174934725,283.86743032461726,339.7042938970622,300.7659948448456,338.23729491027655,277.2409158468065,314.50499107497814,328.8840938419051
9012,240.7012389354269,283.96911506787995,265.10247126850976,283.8897306268637,339.7419392812678,300.7982156629662,338.2732653334202,277.2705526961389,314.53809811638513,328.9167594878689
9013,240.72921666000587,284.0026216545555,265.131426223696,283.91203438936685,339.7795912463827,300.8304349447153,338.30923561598956,277.30019163466426,314.5712056081264,328.9494224013732
9014,240.757190777666,284.0361409818874,265.1603836244909,283.9343437622563,339.81724715179166,300.86265356217484,338.3452059109389,277.32983201433484,314.60431325501133,328.98208613510513
9015,240.78516589076526,284.0696690329915,265.18934583310704,283.9566116507859,339.85490321364057,300.8948727832963,338.38117602641483,277.3594732124834,314.637420560659,329.01474244811715
9016,240.81313858917494,284.1032081796359,265.2183121560227,283.97883519617466,339.8925549166504,300.9270936690572,338.41714610370644,277.38911544592185,314.6705278017097,329.04739276081943
9017,240.8411148907441,284.1367500205909,265.2472798250349,284.00105995615513,339.93020373061825,300.9593150735513,338.45311591967294,277.41875805080747,314.70363496099606,329.08004305901466
9018,240.86910758913328,284.1702815450484,265.2762429671476,284.02329390395687,339.96785229343976,300.99153565534414,338.4890857242555,277.44840000049834,314.73674099551596,329.1127023216541
9019,240.8971080966943,284.20380740298094,265.3052069879702,284.04553174585755,340.00549552609766,301.02375437783206,338.5250553043553,277.47804118437614,314.7698460750519,329.14536489112425
9020,240.9250947473525,284.23734494881563,265.3341624808603,284.06777557070853,340.0431384517254,301.05597342279344,338.56102487971594,277.5076820596812,314.8029507503695,329.1780151050383
9021,240.95308022205364,284.2708851720135,265.36311266170173,284.0900161346969,340.0807843077577,301.0881928354147,338.5969944790779,277.53732324475385,314.8360552512795,329.2106564736448
9022,240.9810701949406,284.30441609410184,265.39205985993897,284.112229702917,340.11843272176196,301.12041312731,338.6329639400799,277.56696481364014,314.86915895626873,329.2432971242735
9023,241.00906920870938,284.33794427749774,265.4210034103293,284.1344375721865,340.1560824769377,301.15263368916226,338.6689335287335,277.59660652918524,314.9022627202793,329.2759300779363
9024,241.03707709471615,284.37147645470094,265.449947632477,284.1566596094951,340.1937316135449,301.1848543063304,338.7049031405031,277.62625089191016,314.9353667898968,329.30855780257974
9025,241.065087868116,284.4050135707023,265.47889292544966,284.1788950423189,340.23137246972703,301.21707611313195,338.7408729434584,277.65589969941,314.9684710032141,329.34118153201393
9026,241.09310501988816,284.4385512629587,265.5078436236788,284.2011126862868,340.2690086440824,301.249298582299,338.7768428090087,277.68554982872257,315.0015744737042,329.3738117310829
9027,241.1211379392582,284.4720782461999,265.5367985220199,284.2233093394699,340.3066429914455,301.281521149726,338.81281284508276,277.71520000557786,315.0346772910249,329.40644641874206
9028,241.14917687099842,284.50560879392395,265.5657587018583,284.24552484085336,340.34428248539746,301.31374222633593,338.84878293121545,277.74485008822336,315.0677805377978,329.4390836111309
9029,241.17720980684376,284.53914132280835,265.5947215071679,284.2677560721458,340.38192325165306,301.345961783521,338.884752840334,277.77449810451253,315.100883905924,329.4717212988284
9030,241.20523026694008,284.5726769856559,265.6236708950368,284.2899723797026,340.4195649073152,301.3781802922017,338.9207227357358,277.80414525446,315.13398697458894,329.5043623859176
9031,241.23325086469066,284.6062152861743,265.65261665556983,284.3122091966513,340.4572068135361,301.4103988286925,338.9566927459614,277.83379084793455,315.16708961335223,329.53700494647626
9032,241.26127142271795,284.6397540702381,265.6815640950205,284.33445942251785,340.4948482626832,301.4426156348937,338.9926627848579,277.8634373511653,315.20019304097457,329.5696471557209
9033,241.2892960016825,284.67328890793783,265.71051842168407,284.3566914250067,340.53248916338526,301.47483214384755,339.02863295987447,277.8930843054474,315.23329671694916,329.60228472478633
9034,241.3173195432686,284.70681070470346,265.739476978841,284.37890231907016,340.57012706275685,301.5070487936241,339.0646031792432,277.92272877982526,315.2664005864358,329.63492002375926
9035,241.34532858955606,284.740327001798,265.76843682600355,284.40111583038373,340.6077612009944,301.53926348401535,339.1005733462089,277.9523725360131,315.2995048345165,329.66755012047156
9036,241.37333782332027,284.7738440831018,265.7974011299544,284.4233330008805,340.64539741818845,301.5714781263353,339.1365432605092,277.9820170508115,315.33260954783907,329.7001800439651
9037,241.40133860580573,284.8073859915077,265.82636840748467,284.4455549240201,340.6830369269889,301.6036931827527,339.17251321531944,278.0116618330705,315.3657143777724,329.7328102700408
9038,241.4293212954696,284.8409352262583,265.8553362627984,284.46775751801937,340.7206787197833,301.63590774395476,339.2084835312501,278.04130656204757,315.398818946849,329.765441109433
9039,241.45730536611856,284.8744854153784,265.88430358625203,284.4899636523443,340.75832434513427,301.6681231519723,339.24445403367446,278.0709479752649,315.4319232940525,329.7980620565781
9040,241.4852846305441,284.9080422600558,265.91326679744094,284.5121412729057,340.79597073422366,301.7003398507437,339.2804249381026,278.10058986392744,315.465028302328,329.83068263625495
9041,241.51327420427162,284.94160202289214,265.9422215146928,284.53432785261924,340.8336151429306,301.7325567939779,339.31639602893245,278.1302312635166,315.4981338795067,329.86330757437
9042,241.54126801512348,284.97516904273783,265.97117293329546,284.556561674809,340.8712577379235,301.7647718483484,339.3523671410895,278.1598720985671,315.53123957719504,329.8959336926923
9043,241.5743194851151,285.01009496381414,266.0045576811899,284.5874773288663,340.90874160709313,301.79925769445987,339.3883111434738,278.19349554155497,315.5660158156069,329.9305530825821
9044,241.69215665806712,285.12871940622176,266.1225348308611,284.704417459126,341.02790045988803,301.91769730538226,339.50725441491875,278.3115729431654,315.6845773912954,330.0490487818914
9045,241.69666662214706,285.1380044736293,266.1276848620263,284.70509013290996,341.04044086929076,301.9258642596378,339.5180955199986,278.3175071132431,315.6932017287178,330.05676193819136
9046,241.72213566301548,285.1694970520899,266.15397480176506,284.72541311966415,341.07590061378033,301.95597856712556,339.55149902096576,278.3448042747126,315.7238807806358,330.08631189570656
9047,241.74970229394356,285.2032227921429,266.1823752195489,284.74768111182925,341.1136516800475,301.98828762591177,339.5871587879452,278.37423999359277,315.75676518692575,330.11806484654613
9048,241.77747787042017,285.237184299934,266.2109852537479,284.7701322476066,341.1516269677843,302.0208181860223,339.6230442249022,278.4038922000955,315.7898699486267,330.1500501858645
9049,241.80527068612997,285.27117632950575,266.23961434025523,284.79262288672214,341.1896176852615,302.05337380056005,339.65895223821076,278.43356564601544,315.8229972558571,330.1820646065956
9050,241.83305781738096,285.3051860906713,266.2682483527943,284.81513282633864,341.2276072981181,302.0859362062779,339.69486249809756,278.4632406488561,315.8561266327781,330.214086901594
9051,241.86084260167777,285.3392061198203,266.2968868489307,284.83763009819904,341.26559789929223,302.11850452591966,339.7307729472952,278.49291577424935,315.8892560705965,330.24611083145965
9052,241.88863056310842,285.37322883012644,266.3255327331332,284.86008474438944,341.303591946918,302.15107436110475,339.7666834041556,278.52259119306365,315.9223854835248,330.27814093056867
9053,241.9164263016872,285.4072516356616,266.3541813298495,284.8825548993441,341.34158592192307,302.18364216710245,339.8025938577634,278.5522673103896,315.9555149262859,330.310173860779
9054,241.94422657234716,285.441269570288,266.3828288882086,284.9050427795615,341.3795724738756,302.2162089234557,339.83850428254686,278.5819383174041,315.9886444820493,330.34219630005884
9055,241.97202862864503,285.4752795127382,266.41147820630385,284.9274970010849,341.41755664528716,302.2487762216016,339.8744147189163,278.6116069399072,316.0217737176662,330.3742199309835
9056,241.99982296055856,285.5092861275267,266.44012816220373,284.94991498901726,341.45553893731324,302.28134369679077,339.9103251543451,278.641274625811,316.0549028180377,330.4062436593219
9057,242.02759998121192,285.54327153576287,266.46877852221485,284.9723223475669,341.4935168609463,302.3139102484961,339.94623554637275,278.6709435867212,316.0880321173309,330.43825804316
9058,242.05537630832475,285.57726359852,266.4974297778702,284.994736087847,341.5315022240675,302.3464750662747,339.9821458929532,278.7006129146093,316.1211614683803,330.4702745718622
9059,242.08315050258608,285.6112599229143,266.5260809435146,285.0171427190942,341.5694906841172,302.3790421406955,340.0180562389514,278.7302834719047,316.15429095302943,330.502298550313
9060,242.11092777236212,285.64525625656887,266.5547292543514,285.03955803099706,341.6074836086123,302.4116113492377,340.05396654868593,278.75995465049726,316.1874204675329,330.5343339059348
9061,242.13868013221003,285.6792554572756,266.58337797522825,285.06199786696783,341.6454843310758,302.4441810194834,340.0898768402657,278.7896236595695,316.22054933038334,330.56637644859796
9062,242.16643592262074,285.7132780461729,266.6120239846774,285.08449319892657,341.6834866916253,302.476744981633,340.1257871275002,278.81929265642725,316.25367803602705,330.59842043735597
9063,242.19419279635576,285.7473075409481,266.64066729627785,285.1070203043088,341.7214955670733,302.50930987402296,340.1616974185904,278.8489592849371,316.2868064976621,330.6304597209793
9064,242.22194920737851,285.7813244822233,266.66930984670705,285.12955558520207,341.75950634210335,302.54187512970486,340.1976077169082,278.8786245871439,316.3199349827409,330.66249865430694
9065,242.24970449817215,285.81532606811294,266.69795247761135,285.15207129314007,341.7975133951887,302.57444006849,340.2335180175515,278.9082916514023,316.3530627055885,330.6945462297362
9066,242.27746321169565,285.84933762714576,266.7265930154686,285.1745855813009,341.83551938851826,302.6070025458292,340.2694283272256,278.93795927496706,316.38619017704053,330.72659715229844
9067,242.30522351792987,285.88335168576606,266.755228512905,285.1971174654602,341.8735187526671,302.6395666767158,340.30533864151283,278.96762737379447,316.419317591862,330.75863614255917
9068,242.33297566289033,285.9173584098985,266.783867478209,285.2196634510765,341.9115136539488,302.6721333932494,340.3412489521095,278.9972960834116,316.452444959534,330.79067120540765
9069,242.36072797746098,285.9513514538201,266.81250879610315,285.2421815493524,341.94950976069526,302.70470081686744,340.37715924691616,279.026965830166,316.4855726563974,330.8227068887283
9070,242.38846998066788,285.98533958801636,266.8411507894231,285.2646752216838,341.9875136700476,302.73726362482415,340.41306955037714,279.0566364701358,316.518700504369,330.8547408987218
9071,242.41621185507574,286.0193210133026,266.86979136905234,285.2871330837178,342.025519360585,302.7698197813332,340.44897985938024,279.08630728321145,316.55182842207245,330.8867718004192
9072,242.44396006198164,286.05330564361,266.8984327509318,285.30959690169783,342.06352926410125,302.8023736558049,340.48489015695253,279.11597815475517,316.5849564587882,330.9188033006571
9073,242.47168980111718,286.0872891919129,266.9270769078684,285.3320563650771,342.1015406453771,302.8349280163092,340.52080043296934,279.14565030625647,316.6180844910415,330.95082549215874
9074,242.49942112074766,286.12122822972236,266.95572358639134,285.35449346997615,342.1395492692995,302.86748245639143,340.5567107283807,279.1753244178715,316.6512123800114,330.98285099828956
9075,242.52716222934964,286.1551632938851,266.98437109227507,285.3769281461043,342.1775570197487,302.9000335903434,340.5926210325952,279.2049994797018,316.6843404131744,331.0148777056099
9076,242.55490722369,286.1890840881045,267.01301409666394,285.39937480714326,342.2155723457511,302.9325843381158,340.62853129135675,279.234675984157,316.7174688500898,331.04688903908175
9077,242.58266340513552,286.2229939806969,267.0416578074141,285.4218441368644,342.2535913622396,302.96513546738043,340.6644415871091,279.2643539231819,316.750597413232,331.0788913773852
9078,242.61042590662743,286.25690383381885,267.0703059202683,285.44422322267764,342.2916100403554,302.9976865823996,340.7003519091542,279.29403227174544,316.78372592414644,331.1108798289093
9079,242.6381785417175,286.29080443962744,267.09895544373927,285.46658213924786,342.32962238092534,303.0302392864199,340.73626223453186,279.32371003948055,316.8168539222208,331.1428546065337
9080,242.66594456482758,286.32468607064544,267.12760375818243,285.4889570911968,342.3676414522011,303.0627921777111,340.77217255324547,279.3533868955104,316.8499816978285,331.1748273799217
9081,242.6937153425508,286.35856227596037,267.15625236134105,285.51127154488887,342.40566430898457,303.0953427822272,340.80808284873,279.38306461308423,316.8831095439089,331.20680010906807
9082,242.72147556132705,286.3924275131682,267.1849000119938,285.5336010813908,342.4436930950208,303.1278964504135,340.8439931284179,279.4127389068456,316.9162375078604,331.2387875179188
9083,242.74923397238692,286.4262846866902,267.21354309815445,285.5559392103801,342.4817243032019,303.16045106143486,340.879903428683,279.4424132622142,316.94936579033435,331.2707813780261
9084,242.7769945128909,286.4601256508549,267.2421839805626,285.57828275414107,342.5197549010853,303.19300397332034,340.9158137939827,279.47208922181255,316.98249416491046,331.30279084879487
9085,242.80474610289997,286.49396870024646,267.2708274421305,285.60062702271495,342.5577816189953,303.22555671484497,340.9517241825882,279.5017668970285,317.0156223970807,331.33480562564193
9086,242.83248980592688,286.5278095101351,267.2994728851843,285.62299970027465,342.5958091091577,303.25810909077626,340.9876345970332,279.5314457806137,317.0487500439058,331.36682048255824
9087,242.86022670310302,286.56164990421496,267.32811922029487,285.64538219646823,342.6338354368191,303.29066458406646,341.023545022158,279.5611258847348,317.0818779904289,331.39882221141556
9088,242.88796172669296,286.5954742555862,267.3567651401765,285.667768753676,342.67185906324704,303.3232250364731,341.05945545873294,279.59080644175646,317.11500604032267,331.4308206902644
9089,242.91569241812064,286.62930637258324,267.3854121879696,285.69015478913445,342.7098864279329,303.3557877507479,341.0953659124546,279.62048555084846,317.14813394239764,331.46281395293875
9090,242.9434255077056,286.663142412667,267.41405900600137,285.7125556273414,342.74791549688666,303.388350750988,341.13127636785055,279.6501622608175,317.1812616253266,331.4947984292108
9091,242.97116882113932,286.6969890672538,267.44270314565756,285.7349399867787,342.7859473092733,303.42091000685417,341.1671868018053,279.6798391057565,317.21438921949294,331.5267890740064
9092,242.99891703500762,286.730845499401,267.47134173362366,285.75732180652545,342.82398709408557,303.45347381302344,341.20309727558805,279.7095176814304,317.24751689984265,331.5587817155126
9093,243.02666422428553,286.76470591646506,267.49997786074687,285.77972663975146,342.86203534641527,303.4860391556484,341.2390077973559,279.7391982430284,317.2806449407343,331.5907614200409
9094,243.05441844782825,286.7985669632228,267.52861639297004,285.8021600374948,342.90008590101104,303.51860402729966,341.27491832883027,279.76887933760275,317.3137730964952,331.62274871879504
9095,243.08217943537397,286.83242773616706,267.55725611521245,285.82460672183004,342.93813620048115,303.5511714035976,341.3108288466497,279.79856139443876,317.3469011639388,331.65473853175513
9096,243.1099425545754,286.86629326131333,267.58589487048135,285.8470506073862,342.9761826479036,303.58374190054224,341.3467394279335,279.8282443232082,317.3800296042672,331.6867388831101
9097,243.13770524704145,286.9001676145372,267.61452940763303,285.86949710728624,343.0142252101156,303.6163153864362,341.3826500556479,279.85793039650747,317.41315837774647,331.71874307942915
9098,243.16546823321283,286.9340432752853,267.6431644323405,285.891928621127,343.05227344060387,303.648889580335,341.418560711107,279.8876179903187,317.4462872352589,331.75074275336567
9099,243.19322276688794,286.96791416467283,267.67179846046673,285.91435752699,343.0903274983719,303.68145959713365,341.4544713719539,279.9173056391137,317.47941607991663,331.7827412492451
9100,243.22098051123314,287.0017901167299,267.7004343633844,285.93679211533913,343.128382562918,303.7140297618342,341.49038202197664,279.9469925769733,317.5125448445183,331.81473845704284
9101,243.24873955148303,287.03567337968894,267.7290710728847,285.9592087311283,343.1664351861601,303.7466008295086,341.52629263417845,279.9766757006931,317.54567369620395,331.846753916716
9102,243.2765051811631,287.069564285152,267.75770873237724,285.981617360666,343.2044835393617,303.7791747050978,341.5622032502033,280.00635807190207,317.57880241254543,331.87877542944034
9103,243.30427335538698,287.1034696712826,267.7863468145657,286.00400935315105,343.242533585834,303.8117492708497,341.59811384786354,280.03604012620593,317.61193128166735,331.91079425227827
9104,243.33204010023502,287.1373788090023,267.8149865939492,286.0264005408032,343.28058791830586,303.8443252970882,341.6340244713024,280.06572141302814,317.64506010815813,331.94281830798116
9105,243.35980773152878,287.1712765297481,267.8436273629814,286.04875835286794,343.31865197934604,303.876902972772,341.6699351506212,280.09540384901044,317.678188748683,331.9748484415318
9106,243.387578205707,287.20516991361296,267.87226800584216,286.071124608341,343.35672422653045,303.9094821130489,341.70584586779245,280.12508661658507,317.7113172372677,332.00688044596166
9107,243.415353002815,287.2390722546742,267.9008987210156,286.09347013987735,343.394797432031,303.9420623776279,341.741756590635,280.15476960115643,317.7444456378531,332.0388842021684
9108,243.44312696785423,287.27300353499044,267.9295283353884,286.11580508735693,343.4328647566237,303.9746442628327,341.77766729020976,280.18445005350304,317.7775739674988,332.07088270200654
9109,243.47091288262143,287.30694272035254,267.95816088391734,286.1381540865738,343.4709268983303,304.00722659180116,341.8135779857248,280.21412985113875,317.8107021652613,332.102885808919
9110,243.49871376068518,287.3408835606287,267.9867994244574,286.1605107036565,343.50899356738256,304.0398048705628,341.84948867796174,280.24381020842003,317.8438305858519,332.13489903057587
9111,243.52652253825008,287.3748249541225,268.0154397943671,286.1828550608212,343.54706063799824,304.0723830805214,341.8853993591693,280.27349149862357,317.876959078852,332.16692223729285
9112,243.55434341547902,287.4087478565367,268.04408317431125,286.20517720581375,343.58512061263326,304.1049618812357,341.921310046264,280.30317096606797,317.91008740313345,332.198947906047
9113,243.5821692741246,287.44266625001586,268.0727307710823,286.2275013762107,343.6231723040252,304.13754035876264,341.9572207426972,280.33284932371197,317.94321579543384,332.23097554746937
9114,243.60999552488113,287.4765747437879,268.10138180329955,286.24981942400035,343.66121528572245,304.1701189400182,341.99313143772457,280.3625278311212,317.9763438261884,332.2630166487908
9115,243.63782022408344,287.51050450662984,268.1300342921102,286.272152317783,343.6992489103469,304.20269795853886,342.02904212648696,280.39220844023197,318.00947166240104,332.2950621528852
9116,243.66564225970117,287.54444210870395,268.1586870843014,286.29444282603686,343.73728143791817,304.23527628427456,342.0649528204189,280.4218912234927,318.04259928782545,332.32710701177916
9117,243.6934659509286,287.57838368068025,268.1873387469019,286.3167492940721,343.7753136484482,304.2678538460149,342.1008635318372,280.45157455176314,318.0757269953063,332.35915323953685
9118,243.72128507099913,287.61233637291355,268.2159899444384,286.3390094084164,343.8133416368421,304.30042711038095,342.13677424921184,280.48125596223935,318.1088549521444,332.39119919697526
9119,243.7491030674654,287.6462918731144,268.2446428649629,286.3612286608039,343.8513627480805,304.3329967836137,342.17268494947143,280.5109372882521,318.14198328217026,332.4232305588905
9120,243.7769179675611,287.6802348304399,268.2732973675961,286.3834451407665,343.88938462238576,304.3655635628414,342.2085956382197,280.5406190826066,318.1751116647856,332.45525550822924
9121,243.80473226794516,287.71415498176566,268.3019536972179,286.40564858268306,343.9274058201859,304.3981312081971,342.2445063451542,280.57030144763013,318.20823952819893,332.48728301565995
9122,243.83252171710583,287.7480713343914,268.33061083589536,286.4278674401379,343.96541983622456,304.43070090055295,342.28041706050215,280.5999834889072,318.24136649547836,332.5193124029862
9123,243.86030766822492,287.78198772760356,268.3592653493407,286.4501081829693,344.00342541299153,304.46327204156705,342.31632776181937,280.62966690629116,318.27449354750723,332.5513401515796
9124,243.88807390775045,287.8159233124078,268.3879157013946,286.4723624669156,344.0414247685558,304.4958444201689,342.3522384107316,280.65935266148426,318.3076206235165,332.5833653912084
9125,243.91584578253116,287.84986359765065,268.4165640624128,286.4946040928307,344.0794303879967,304.52841712553237,342.38814902913,280.68903923700606,318.3407478529698,332.61539278594904
9126,243.94362062918185,287.88380838675187,268.4452108523241,286.5168316574465,344.11743796612234,304.560990135861,342.4240596027261,280.71872558812225,318.37387588069794,332.64742282337534
9127,243.97139236392596,287.9177564728247,268.47385843206905,286.53906705102725,344.15544814623735,304.593568556452,342.4599701251124,280.74841065858624,318.4070041341479,332.6794538000525
9128,243.9991693056113,287.95169051536516,268.50250455579356,286.56130898803605,344.1934592660779,304.6261487625569,342.49588061781975,280.7780959410919,318.4401323293187,332.71148761767756
9129,244.02694790886852,287.9856255997091,268.53115514653933,286.5835466677914,344.23147061877444,304.65872825554663,342.53179111569744,280.80778120064525,318.4732610720373,332.74352302093865
9130,244.0547392547971,288.01956075797807,268.5598075555051,286.6057952981725,344.2694820288389,304.6913046432483,342.5677016274155,280.83746720801264,318.5063900394238,332.77555381294366
9131,244.0825426627609,288.0534946879017,268.5884586800184,286.6280540684104,344.30749780722465,304.72387774161314,342.60361215518066,280.86715369608345,318.5395190245479,332.8075839829392
9132,244.11034916146926,288.08742006122986,268.6171102984781,286.65032015406024,344.3455146320263,304.7564489441049,342.6395227127508,280.89683822236947,318.5726482319605,332.8396091339447
9133,244.13816076553218,288.12133045529333,268.6457620147642,286.67258911656387,344.3835296079961,304.78902210272327,342.6754332782551,280.926523899354,318.60577801195086,332.8716344544864
9134,244.16597957693673,288.1552389554235,268.67441468771455,286.6948686534158,344.4215430383666,304.8215963927389,342.7113438776078,280.956206487737,318.638907940061,332.90365870991633
9135,244.19381332007103,288.18915200488925,268.7030684668027,286.71716129191395,344.4595565537327,304.85416844104014,342.7472544875299,280.98588669516556,318.67203755093306,332.93567876676633
9136,244.22165387935777,288.22307638952816,268.731722367822,286.73946611789154,344.4975681297888,304.88674026769365,342.7831650816218,281.01556437236087,318.7051669932657,332.9677018743242
9137,244.24948409393664,288.2570038640911,268.76037832552555,286.7617794555745,344.53558339840623,304.9193149160729,342.8190756798419,281.0452406208262,318.73829652939213,332.99972529409297
9138,244.2773178506186,288.29092336284515,268.7890352243706,286.7840994905096,344.57360015387343,304.95189751442996,342.85498628682365,281.07491348659755,318.77142560386653,333.031745210657
9139,244.305153391776,288.3248298111797,268.8176921588277,286.8064265671531,344.61161849859366,304.98448248102005,342.89089689844064,281.10458642033683,318.8045546713592,333.0637517149003
9140,244.33298036312823,288.3587361078262,268.84634715408646,286.8287654574638,344.6496421854875,305.01706708739897,342.92680749522754,281.13425898870724,318.8376831280757,333.0957393130826
9141,244.36078786810376,288.39264465540475,268.875005951876,286.85113243777926,344.68767266305855,305.04965098953346,342.962718118116,281.16392842243766,318.8708111587381,333.12773368647123
9142,244.38858293409706,288.4265553178257,268.9036670398137,286.8735125908687,344.72570330320883,305.08223459684206,342.99862874977197,281.1935985085545,318.9039387436556,333.15973039330504
9143,244.41637795698617,288.46044745858694,268.9323285849311,286.895898343502,344.7637232246801,305.1148199442523,343.0345393564635,281.2232688153421,318.9370666339894,333.1917245767322
9144,244.4441790983978,288.4943305516684,268.9609895708159,286.91827509327584,344.80174192355787,305.1474054614312,343.07044992081404,281.25293874397573,318.9701946841687,333.2237210906189
9145,244.47198266493427,288.52821303956387,268.9896466635791,286.94066145322785,344.8397601539943,305.1799895843843,343.1063604492758,281.28260822628954,319.0033225413707,333.2557243979834
9146,244.49978337413657,288.562087146058,269.01830964922044,286.9630424501275,344.87777395960876,305.2125737914,343.14227094258075,281.3122783896265,319.0364498251798,333.28772983835586
9147,244.52758533934613,288.5959563866756,269.04697723195363,286.98542469866834,344.9157836205416,305.24515440744796,343.1781814310526,281.3419443929112,319.0695770462744,333.3197375594301
9148,244.55539558737036,288.62983794338413,269.0756488883569,287.00783374203735,344.9537856214706,305.27773120973393,343.2140918961219,281.3716101132146,319.1027042732059,333.35175272816224
9149,244.5832178175451,288.6637399596653,269.10432191585124,287.0302595423122,344.9917789981988,305.31030694473475,343.2500023424818,281.401276268708,319.13583042835114,333.3837696578134
9150,244.61104604207523,288.69765537612943,269.13299297250757,287.0526773090001,345.02976902581753,305.3428849497443,343.2859127721382,281.43094499575267,319.1689565770106,333.415786611534
9151,244.6388548993406,288.73157305996386,269.1616642515935,287.07511692989186,345.0677576798214,305.3754633732636,343.32182318985696,281.4606155287684,319.20208276225,333.4478039059777
9152,244.6666482287158,288.76548381721096,269.190338316247,287.0975678956522,345.1057475949821,305.4080424235378,343.3577336471349,281.4902864375503,319.23520900717205,333.47982278436746
9153,244.6944495048021,288.79939251284367,269.2190135594171,287.12000822824893,345.14373388840096,305.44062186723215,343.3936441091379,281.51995819905,319.268335330335,333.5118394456048
9154,244.72225491474188,288.83331373482605,269.24768967175663,287.14246089378184,345.18171623563273,305.47320467284084,343.4295545183413,281.5496319581683,319.3014618382888,333.54385936884563
9155,244.75005130574579,288.8672387089959,269.27636723118036,287.16492246879284,345.21969821757494,305.50579173605854,343.4654649295741,281.5793080812457,319.3345884625978,333.5758813307032
9156,244.77784370511804,288.90116125270106,269.3050489660607,287.1874026593562,345.2576704652593,305.5383799408603,343.50137532522143,281.6089849763307,319.36771507492284,333.60790921649783
9157,244.80563026395254,288.93506082353827,269.33373439723727,287.20990017457,345.29563799306544,305.5709681731228,343.537285674684,281.6386610049592,319.40084106607947,333.63994934861574
9158,244.8334157212234,288.96894940170193,269.36242321506705,287.2323828661013,345.33360924504444,305.6035535173637,343.5731960190981,281.66833747991217,319.43396667422553,333.6719928346608
9159,244.86120047521507,289.0028395970831,269.3911153700316,287.254855251908,345.3715850231536,305.6361390505982,343.60910636455566,281.6980143292261,319.46709248316466,333.70405124021386
9160,244.88898905332857,289.0367386691876,269.41980846927277,287.2773379524585,345.40956287084396,305.6687194786666,343.64501668797504,281.7276908533076,319.50021833770097,333.73611490751534
9161,244.91677363268408,289.07064535889305,269.4485045059781,287.2998273233583,345.4475429803821,305.7012943557495,343.68092701674755,281.75736434246875,319.5333440608378,333.7681772176006
9162,244.9445652193322,289.1045529125823,269.47720598700283,287.3223169817535,345.4855270429415,305.7338664847401,343.71683736270825,281.7870368090711,319.566469948131,333.80024039200083
9163,244.9723491621827,289.13845290203346,269.5059092807935,287.3447926075953,345.5235150307156,305.76643793099583,343.75274773969454,281.8167064461515,319.5995960608194,333.83229715272694
9164,245.000144606715,289.17235580062976,269.534613338557,287.367279891816,345.56150804232044,305.79900889581035,343.78865812157727,281.84637520013604,319.63272234321556,333.86434612691374
9165,245.02794386487787,289.20624330276223,269.56331845436733,287.3897479970693,345.5995045479494,305.8315832139916,343.8245684681613,281.8760442126651,319.6658488348117,333.8964023850249
9166,245.05574337852906,289.2401282305876,269.5920213139522,287.4122226812191,345.63750132899855,305.8641598598025,343.8604787878263,281.9057092142048,319.6989754568377,333.9284624922009
9167,245.08354387340626,289.2740171451004,269.62072021298104,287.4346902447695,345.67549421611983,305.8967376375226,343.89638912070404,281.93537225491,319.732102118771,333.96053667150704
9168,245.1113442668938,289.3079216059957,269.64941879660597,287.4571426648049,345.71347776627226,305.92931560266595,343.9322994768596,281.9650357517833,319.76522903332955,333.99262238813907
9169,245.1391495287783,289.3418422149257,269.67812186208704,287.479599879601,345.7514459331184,305.9618899667717,343.96820983589134,281.994699690994,319.7983564243007,334.0247105184771
9170,245.16695768818235,289.375766131488,269.7068268774479,287.50205603032475,345.7894148467626,305.9944642329615,344.0041201789164,282.0243622265284,319.83148402821325,334.0567909685526
9171,245.19477288601436,289.4096776764893,269.73553219481846,287.52451318741777,345.827384380453,306.0270387829566,344.0400305239415,282.0540254498188,319.8646116468957,334.08887158959635
9172,245.22259075901079,289.4435837562303,269.76423705483097,287.5469729633952,345.8653501482764,306.05961480646874,344.0759408438087,282.08368995792085,319.89773880779563,334.1209470831517
9173,245.25041696406564,289.47749935730286,269.7929425278687,287.56944508789746,345.9033178597152,306.0921912307328,344.1118511515028,282.1133559289025,319.9308661865425,334.15302313293154
9174,245.2782472900172,289.511419158086,269.82164685575015,287.59189470662045,345.9412869502947,306.12476610388603,344.14776146394416,282.14302440317636,319.96399395591703,334.18509694671417
9175,245.30608280436746,289.54533958190393,269.8503517398095,287.6143543031658,345.9792546498852,306.15734074792357,344.18367178093774,282.1726944861704,319.99712198315007,334.2171602485555
9176,245.33392128010072,289.57926449450736,269.8790595311192,287.6368182808825,346.0172098795942,306.1899184801981,344.219582143772,282.2023658809314,320.0302500553065,334.24921121566115
9177,245.36176382794412,289.6131909533329,269.90776994625867,287.6592817326553,346.0551569902654,306.22249720853125,344.2554925771403,282.23203766782615,320.0633779708362,334.2812697023992
9178,245.39476245229983,289.64822955270574,269.9410723733759,287.69028004294626,346.0929181462574,306.2571019427175,344.2913800187082,282.2656714032126,320.0981614823152,334.31570546239845
9179,245.51257743008478,289.7669013199979,270.0590149483207,287.80725488882405,346.2121158192074,306.37559148663127,344.41031537163883,282.3837531276305,320.21672611269196,334.4341240371537
9180,245.51727279604356,289.7761837558245,270.06423767694935,287.8078265348795,346.2247179451483,306.38401180688055,344.4213953996187,282.38972006436705,320.2252673189485,334.4415147685915
9181,245.5429905192171,289.807676089525,270.0906261730371,287.8280173362526,346.26025776252334,306.4144422099717,344.45509060309064,282.41705827702793,320.25584228090594,334.4706395482978
9182,245.57081230142072,289.8413911899044,270.1191312879004,287.8501511515402,346.29808518509,306.4470706876875,344.4910467445058,282.44653338794654,320.28861947046545,334.5019397852765
9183,245.59884607942652,289.8753302540254,270.147846892481,287.8724574534841,346.33613974448,306.47991051860777,344.5272292419708,282.47622007802175,320.32161671222855,334.5334592534506
9184,245.6268985843764,289.9092865095637,270.17657933679385,287.89477313403427,346.37421581908904,306.51277084436305,344.563434984402,282.5059269811243,320.3546365880516,334.56499573704923
9185,245.65495356146246,289.94324571260955,270.20531191570484,287.9170906717329,346.41229320484763,306.545633148477,344.59964310437164,282.5356354735898,320.3876583580942,334.59653404040904
9186,245.68302031741166,289.9772073571091,270.23404942518664,287.9394136032417,346.4503707261461,306.5784917556738,344.63585131895326,282.5653435750953,320.42067972899866,334.6280754142309
9187,245.7110904787421,290.0111602256472,270.2627906149901,287.9617087230148,346.48844954401955,306.6113509288519,344.67205868625774,282.5950522991471,320.45370020186596,334.659617529272
9188,245.73915879618812,290.0451035466065,270.29153833946793,287.9840370588052,346.5265279998215,306.64421179612856,344.70826440198846,282.62476141760396,320.48671986307636,334.69115333698113
9189,245.76721597613812,290.07904769481155,270.32029013733256,288.00638434515906,346.56460022278543,306.67707545303693,344.74447127632783,282.65447077696655,320.5197391152681,334.72269430830886
9190,245.79526931937582,290.1129854316157,270.3490428289463,288.02873672892423,346.60266607448153,306.70994175572497,344.7806791012652,282.6841766183972,320.5527594455988,334.7542435086405
9191,245.82332707628095,290.14691743985975,270.37779577623695,288.051094360403,346.6407263159905,306.74280959011946,344.81688788432893,282.71388252668174,320.58578004939324,334.78580712295246
9192,245.85139173474988,290.18082931873306,270.4065482068955,288.07343894681134,346.6787896133475,306.7756784533243,344.8530968137747,282.7435897705282,320.6188010147739,334.8173799620544
9193,245.8794592701621,290.21473541021453,270.43530132623295,288.0957513020443,346.71685930179854,306.8085475536425,344.8893044584969,282.7732977473409,320.6518221999615,334.8489622048752
9194,245.90752046049113,290.2486430012673,270.4640544548121,288.11806105588397,346.75493384543086,306.84141574995584,344.9255113389963,282.8030025129735,320.6848422073799,334.88054737327957
9195,245.93558139392934,290.28254775129585,270.4928033415174,288.1403863533354,346.7930095895559,306.8742795447193,344.96171832643716,282.8327054182777,320.7178613303442,334.91212497179197
9196,245.96364060025394,290.31645050405587,270.5215578041359,288.1627229671336,346.83108607758095,306.9071408211003,344.9979248126548,282.8624087475445,320.7508800735868,334.9437046029172
9197,245.99169740593084,290.35033897242187,270.55031544474076,288.18503945747165,346.8691622912767,306.94000062766924,345.0341312991519,282.8921116378234,320.7838993317053,334.97527873547205
9198,246.019759871324,290.38420371069463,270.57907353670237,288.20736638159127,346.90723806253965,306.97285477974765,345.07033800781085,282.9218160942978,320.81691866070673,335.00684674863595
9199,246.04782405788822,290.4180547486593,270.6078332281127,288.22968054375656,346.94532266046747,307.0057068462823,345.1065449053255,282.95152288164917,320.84993722187363,335.0384166601529
9200,246.07588468754776,290.45189689820944,270.63659444237106,288.251964138708,346.9834123221909,307.0385562913752,345.14275224032446,282.9812311975376,320.882955858328,335.0699709094442
9201,246.103939703048,290.4857414939663,270.6653462665588,288.2742613868116,347.0215053219476,307.07140682543206,345.1789595706351,283.0109398125285,320.9159752483522,335.10152418632816
9202,246.13199428511325,290.51958905452875,270.69409661671386,288.29652423401507,347.0595982353997,307.10425462644173,345.21516673705736,283.04064840034897,320.9489954171747,335.13306919073995
9203,246.16004091137498,290.5534454284955,270.72283988488067,288.3187672496998,347.0976879265405,307.13709942408013,345.2513741513268,283.07035803375214,320.9820157567079,335.16461825652243
9204,246.18807543848004,290.58732133896615,270.7515733741693,288.34101991200765,347.1357779061769,307.1699437382405,345.2875823031171,283.1000684015937,321.01503558501145,335.1961685682843
9205,246.21610802229114,290.6212049460156,270.7803074355417,288.3632313918382,347.1738639612563,307.2027833585516,345.3237908246222,283.1297793593459,321.0480551423751,335.22772041037496
9206,246.2441355708344,290.65508913890665,270.8090418338115,288.3854578378845,347.21195080158526,307.23562129372476,345.35999975890496,283.1594908427614,321.08107475028993,335.2592729924565
9207,246.27216162937722,290.68896644164676,270.83777639753936,288.40769939693246,347.2500399090196,307.26845909852625,345.39620929557276,283.1892023821583,321.114094105958,335.2908256862425
9208,246.30020279592583,290.72284354680875,270.8665115132655,288.42994726464275,347.2881321063779,307.301296119467,345.43241992502004,283.2189130345395,321.14711313241037,335.3223762906697
9209,246.32825051067135,290.7567146315947,270.89524811091997,288.45218841309355,347.3262255045713,307.33413361250314,345.4686307712694,283.2486252318368,321.1801322891726,335.35392006726386
9210,246.3563039339226,290.7905879451563,270.9239875743193,288.47442740274624,347.36431949816733,307.36696928452903,345.5048414779991,283.27833903684336,321.21315234319906,335.3854715949635
9211,246.3843654143377,290.8244711239033,270.9527291648796,288.49668770895306,347.40242041586174,307.39980618703476,345.54105324036664,283.3080562156916,321.24617392348284,335.4170262042884
9212,246.41242861319034,290.85835628546414,270.9814712426659,288.5189592620975,347.4405224680517,307.4326434945597,345.5772651446666,283.3377746558867,321.27919609029306,335.44858707956286
9213,246.4404877639115,290.8922250384192,271.0102149408376,288.5412178097967,347.47861887811007,307.46548270470896,345.61347563896726,283.3674916465392,321.3122183041361,335.4801501894116
9214,246.46855205086558,290.92608808318715,271.0389614311195,288.56349340367535,347.5167152299443,307.4983226065221,345.6496855737523,283.3972091442673,321.3452408098392,335.51171327238484
9215,246.49661833340718,290.9599543951822,271.06770916023777,288.58578743853053,347.5548095511264,307.5311628804415,345.6858962663868,283.42692601994736,321.37826464949694,335.54328360491286
9216,246.52467838091164,290.99381495235855,271.09645823997346,288.60806848436096,347.592896944906,307.56400375301,345.72210734264814,283.4566418131852,321.4112893265572,335.57485688394536
9217,246.55274027245503,291.02768119340317,271.1252107730148,288.6303543629128,347.63099095058493,307.59684322845123,345.75831979319474,283.48635834120455,321.4443147228005,335.60643247818433
9218,246.58078725740123,291.06156052322865,271.1539661464516,288.6526591111075,347.6690875558538,307.6296831885865,345.794533541209,283.5160746345819,321.4773402900868,335.6380107088653
9219,246.60880047097206,291.0954552547333,271.18272235545743,288.6749428195277,347.70718073208235,307.66252324397374,345.8307474345848,283.5457907317931,321.5103653213788,335.6695896933233
9220,246.63681495585604,291.1293539134038,271.2114766390893,288.69720439494495,347.74527450780715,307.69536444078665,345.86695973569294,283.5755064101373,321.5433904829159,335.70117371522866
9221,246.66481969188607,291.1632622903122,271.24023190706043,288.71947005014306,347.7833731958573,307.7282073754146,345.9031700707725,283.6052185760224,321.5764144969032,335.73277630848685
9222,246.69283088831077,291.19717549463206,271.2689925375949,288.74174311529174,347.8214826245231,307.76105021947956,345.9393802890925,283.6349311209215,321.60943689314956,335.7643843695439
9223,246.7208523215721,291.2310847853741,271.2977569299636,288.76398528586054,347.85959789130527,307.79388965672376,345.97559058504044,283.6646420470297,321.6424579102908,335.79599034944846
9224,246.74888283518112,291.2649937720876,271.32652618954967,288.78620353852375,347.8977143068272,307.8267265437871,346.01180054682015,283.69435320087666,321.6754782684056,335.827589641975
9225,246.77692210581205,291.29889158716054,271.3552975751064,288.80839014525753,347.935833913002,307.85956058838104,346.04801050618414,283.7240631301328,321.70849989300757,335.8591888426003
9226,246.8049643024269,291.3327893088758,271.3840633746028,288.8305798827922,347.9739642207017,307.89239775916604,346.0842200821445,283.7537736018678,321.7415224685308,335.89078996317
9227,246.83302094759748,291.3666865832733,271.41282716814135,288.8527687622379,348.01209835804895,307.92523654617673,346.1204300229144,283.78348422763196,321.7745459536587,335.9223913871276
9228,246.8610883748816,291.40058455458427,271.4415917869219,288.8749605710638,348.0502333080049,307.95807549496476,346.15664005462736,283.81319308188813,321.80756971394663,335.9539913645887
9229,246.88916060682396,291.43446731808467,271.4703572041603,288.8971284791965,348.0883676809314,307.9909114378924,346.19285069645844,283.84290150316264,321.8405935627871,335.9855888741915
9230,246.91724481117603,291.46833305703234,271.49912265597334,288.9192643366186,348.12649759137605,308.02374627474643,346.22906278429,283.87261066059517,321.8736174483801,336.0171896568496
9231,246.94533451468345,291.50218456427217,271.5278895925124,288.94136560804554,348.16462699217965,308.0565794347281,346.26527522807476,283.90232210156444,321.9066413315973,336.0487933456085
9232,246.9734356246745,291.5360242207832,271.5566614075232,288.96346841251943,348.20275588511527,308.08940486491434,346.30148760460355,283.9320343493511,321.9396657398992,336.080385237792
9233,247.00154747016086,291.56985120689893,271.58543485699755,288.9855916955936,348.24088697693963,308.12223120603505,346.3377001026346,283.96174632562503,321.97269089404165,336.111981668212
9234,247.02965767324523,291.6036687218293,271.61420768935307,289.0077304635094,348.2790179617744,308.15505641489585,346.3739125763423,283.9914536735139,322.0057161947384,336.14358397279466
9235,247.05778378198443,291.637464445868,271.6429815892915,289.0298834352084,348.3171500232659,308.1878816523199,346.4101243890616,284.02115945421167,322.038741083847,336.17518773603956
9236,247.08591533883921,291.6712455296067,271.6717569415192,289.05204743936895,348.35528141168754,308.22070541650623,346.44633610810024,284.0508629398102,322.0717651576247,336.2067888060695
9237,247.11404226582886,291.7049983452384,271.700533124951,289.0742013098187,348.39339986529495,308.2535272387917,346.4825480075617,284.08056594737116,322.10478839886935,336.23837173466404
9238,247.1421445649422,291.7387297678557,271.7293054579305,289.0963622747394,348.4315136590502,308.28634952657467,346.51875987949325,284.1102666396288,322.13781097996514,336.2699382533719
9239,247.17023255526573,291.7724613049773,271.75807560687633,289.1185402868846,348.46962761592414,308.3191724417882,346.5549708086225,284.13996548982107,322.17083222014986,336.3014994335179
9240,247.19832407501016,291.8061784698458,271.7868434481549,289.1407495924137,348.5077453234599,308.35199989738857,346.59118161026714,284.16966433198485,322.20385261116155,336.333060434284
9241,247.2264196744329,291.8398917362093,271.81560930399354,289.1629734625088,348.54586470590965,308.3848285386506,346.62739253102933,284.19936415308365,322.2368732730867,336.36462268581766
9242,247.25451691129734,291.87360156790385,271.84437722589104,289.18519927929333,348.58398449924124,308.4176508386031,346.66360340802106,284.2290659904047,322.26989435133964,336.3961853981658
9243,247.28260844914817,291.9073125797347,271.87314868582155,289.2074347846081,348.62210612223566,308.4504735498216,346.6998140407018,284.25876963571324,322.3029165912685,336.4277410350079
9244,247.31071224960215,291.9409954330896,271.901922015663,289.2296697090606,348.66022813565723,308.4832962742919,346.73602488471636,284.28847382893576,322.33593981651075,336.45929259353767
9245,247.33882644866839,291.97468889359635,271.93070055518837,289.2519220842557,348.69835778836773,308.5161137430952,346.77223640161617,284.3181756271515,322.36896376360346,336.4908362282705
9246,247.36694277336434,292.0083963375945,271.9594811607389,289.27417985946215,348.7364895287387,308.54893355687693,346.80844810512906,284.34787730769216,322.40198839461965,336.5223645200097
9247,247.3950568124089,292.04211371867626,271.9882621994432,289.2964391837154,348.77461947480765,308.58175539168815,346.8446595979758,284.37757769960695,322.43501319210066,336.55389069921625
9248,247.42317790177188,292.0758331997563,272.0170485524119,289.3186881568065,348.81274145285863,308.6145797908677,346.8808704232538,284.4072781100519,322.4680375715483,336.5854108900251
9249,247.45130237236947,292.1095790637978,272.0458373690148,289.3409544167133,348.8508574665912,308.64740487459403,346.91708117387697,284.4369789869926,322.5010611102051,336.61692825347717
9250,247.47942990588834,292.1433369171033,272.07462403164726,289.3632687049247,348.88897357820525,308.68022749313684,346.9532909504436,284.4666784386366,322.5340830948128,336.64845121534756
9251,247.50756092966492,292.17710489767563,272.1034149590908,289.3856081459903,348.927089811437,308.7130433628002,346.9895012190001,284.4963768767946,322.56710385153633,336.6799769817704
9252,247.53568335857426,292.21089289485656,272.13220721727856,289.4079345486495,348.9652017151913,308.74585849730073,347.02571197821385,284.5260741613025,322.6001238552887,336.71151066509094
9253,247.56379656234026,292.244686395189,272.1609975388191,289.4302838849697,349.0033118749577,308.7786781459686,347.0619223456766,284.55576884599583,322.6331433344925,336.7430477660668
9254,247.59190056475126,292.2784782428951,272.18979060988676,289.4526577431266,349.0414195573534,308.81149912327,347.0981325106082,284.5854632499681,322.66616339197213,336.77458538450384
9255,247.61998989589134,292.312269541504,272.21858433391003,289.47504752018324,349.07952814525095,308.8443223268122,347.13434342636424,284.61515758928886,322.69918357664545,336.80610567321855
9256,247.6480938202275,292.3460553728119,272.24737774581956,289.4974442899035,349.1176403285971,308.87715008906736,347.17055442908094,284.6448498299566,322.7322042709959,336.8376328637956
9257,247.67620282999232,292.379833219453,272.27617440350514,289.5198286489722,349.15575233245454,308.90997901707567,347.20676422495075,284.67454253518565,322.765225169563,336.8691653684583
9258,247.7043080393827,292.41361284218794,272.304972540055,289.54221277294863,349.19385867337814,308.94280518950046,347.2429736415686,284.70423797869665,322.79824575881395,336.9007016050945
9259,247.73242568120764,292.44739080646366,272.333768448558,289.564572585304,349.23196720288877,308.97563265250335,347.2791823230025,284.7339345003814,322.8312664429708,336.9322405697607
9260,247.7605487473346,292.48114486114883,272.36256514827807,289.5869396347563,349.2700759262452,309.00846309431984,347.31539150300887,284.7636323461237,322.86428659425195,336.9637801890624
9261,247.78866363846166,292.51490517475594,272.39136332660127,289.6092755242945,349.3081851485464,309.04129442951904,347.3516007570948,284.79333071485223,322.89730677366185,336.99532634793167
9262,247.81676557891743,292.5486686423602,272.42016601467,289.6315729886428,349.3462967526133,309.0741252390364,347.38780992093433,284.8230294716536,322.93032635416074,337.0268778253763
9263,247.84486771394307,292.58243401546827,272.4489699049712,289.65387411999257,349.38440815948985,309.1069501364238,347.4240181224692,284.8527285185188,322.963345978301,337.05843094389087
9264,247.87297555999268,292.61620049515966,272.47777397949267,289.67618416012766,349.42251517447727,309.1397727300062,347.4602256413671,284.8824275628202,322.9963654507053,337.08999961390174
9265,247.90108473255023,292.64996395344104,272.50657815061936,289.69850285215693,349.4606130019504,309.17259402881166,347.49643435105276,284.9121255654393,323.02938465384545,337.1215838414387
9266,247.9292004072307,292.68370147605873,272.53538325983646,289.72082693891804,349.4987074922791,309.20541331056126,347.53264353943376,284.9418239176146,323.06240313492634,337.15318639646694
9267,247.95732077811363,292.7174294022568,272.5641917160974,289.7431459682439,349.53678364105525,309.2382334687067,347.5688527238034,284.9715213685465,323.09542080428287,337.18479447961874
9268,247.9854296847746,292.75115273610515,272.5930039459474,289.765453291399,349.57485371100455,309.2710537764622,347.60506143322164,285.0012178023969,323.1284384970841,337.216391808615
9269,248.01352396688463,292.78485606857464,272.6218221867132,289.7877421107155,349.612922834028,309.3038775837032,347.64127046449636,285.0309139326616,323.161456002606,337.247992921399
9270,248.04161925153386,292.81853869894286,272.6506427360554,289.8100317114373,349.65100117244634,309.33670387511216,347.6774794493831,285.060610791536,323.19447316374414,337.27960133344
9271,248.06971815130171,292.8522265173303,272.6794590705807,289.832268487824,349.6890807165941,309.36953171712753,347.71368586725015,285.090307986843,323.22749008054353,337.31122458504666
9272,248.09781919192486,292.8859152409524,272.7082740368111,289.85449714028834,349.72715211478777,309.4023606647573,347.74989181182974,285.12000166066935,323.2605068626199,337.3428529548836
9273,248.1259090905707,292.9195938665745,272.7370894757337,289.8767166639373,349.7652189942942,309.4351921313479,347.7860971250338,285.1496965593131,323.29352404308383,337.3744816034935
9274,248.15399274425957,292.9532585729631,272.7659012813032,289.898954663278,349.803278193426,309.46802546071,347.8223032794005,285.1793927995298,323.3265413484976,337.4061112941267
9275,248.1820732006258,292.98693512715545,272.79471377788155,289.9211419603469,349.8413370161494,309.500860314718,347.8585099233414,285.20908942175186,323.35955872251935,337.43774164472114
9276,248.21015513920653,293.02061453523277,272.8235252383965,289.9433098848542,349.8793909501735,309.53369554273,347.894717201612,285.2387871915831,323.39257616754395,337.4693505606062
9277,248.23823913355045,293.0542874487274,272.8523368922555,289.965475321674,349.91744199955946,309.56653136906993,347.93092490895805,285.26848610675273,323.4255933361206,337.50095478877364
9278,248.26632467164725,293.0879622623127,272.88115027755856,289.9876466763817,349.9554939313834,309.5993678474858,347.9671328984357,285.2981866975382,323.4586089363517,337.5325601513178
9279,248.29440444523684,293.1216382651326,272.90996194637216,290.009829720568,349.99354158605666,309.63220380557937,348.00334089693575,285.32788940552604,323.4916238717809,337.56416742282084
9280,248.32249417105828,293.1553120151625,272.9387644622073,290.0319849627179,350.03158493695486,309.6650420676415,348.0395482386505,285.35759294603315,323.5246376838994,337.59577096354116
9281,248.35058754906976,293.18900307116536,272.9675688001601,290.0541516000726,350.0696327560169,309.6978807406609,348.0757547347022,285.3872925790632,323.55765025569843,337.6273835172207
9282,248.37867984394177,293.2227010369129,272.99637393576035,290.07630792389466,350.10768401717104,309.7307216270825,348.1119604329069,285.41699005957497,323.5906628877073,337.65900104389823
9283,248.40677079383855,293.25641089711195,273.02517742478835,290.09849524083444,350.14573557353197,309.76356597722713,348.1481657839858,285.446688456503,323.62367509224475,337.6906192070961
9284,248.43486412266452,293.2901337467762,273.0539802970271,290.12072344808115,350.18378583100485,309.79641117675106,348.1843702066469,285.47638725811123,323.6566871585903,337.72223957542525
9285,248.4629602423095,293.3238593547291,273.08278518169465,290.1429724609259,350.2218355920726,309.82925090190446,348.2205746745373,285.50608337100346,323.6896980996017,337.753870038762
9286,248.49106247784422,293.357587347694,273.1115833549532,290.16520225744426,350.2598826839513,309.8620875803207,348.2567791242515,285.5357805692437,323.7227078203973,337.78550323303244
9287,248.51915661783602,293.39131867011656,273.14037606043956,290.1874113665067,350.29792971218245,309.8949277018896,348.29298383225324,285.565482116046,323.75571745400185,337.81713489114344
9288,248.54725078734603,293.4250466567654,273.1691583216964,290.20961844001926,350.3359704985275,309.9277729562193,348.3291887227564,285.5951851240598,323.7887278119376,337.8487721091141
9289,248.5753354072386,293.45877569002465,273.1979403608119,290.23181198138707,350.3740108341709,309.9606216506623,348.3653926082409,285.6248877416948,323.82173910061636,337.8804152003873
9290,248.60341335233258,293.49250409754427,273.226720467724,290.2540105144509,350.41205108309657,309.9934734242223,348.40159632046283,285.6545916502174,323.854751054591,337.9120619955115
9291,248.63149595547233,293.52623740330534,273.25550075884,290.2761612091485,350.45009839683144,310.0263259936048,348.43780009727993,285.6842960423861,323.88776354495957,337.94370963419294
9292,248.65958213431583,293.5599792753747,273.284280251245,290.2983009575093,350.4881470787303,310.0591779832211,348.47400442818815,285.7139992134256,323.920776161555,337.97536311653124
9293,248.68766416451587,293.5937228528906,273.3130600332382,290.3204337115408,350.5261941750756,310.092024670227,348.510209890422,285.7437013139788,323.9537886180148,338.00702615191545
9294,248.7157452290523,293.62747207902083,273.34183941170403,290.34257797227616,350.56424005956904,310.12486980152147,348.5464155188378,285.7734036564653,323.9868015743305,338.0386911788387
9295,248.74383290824107,293.66123009269796,273.37061997401025,290.364728946101,350.60227597398614,310.1577116823164,348.58262014214955,285.8031063457337,324.01981488128183,338.07035212145416
9296,248.77192659528342,293.6949973967952,273.39940191668313,290.3868985684158,350.6403114500117,310.19055356270485,348.6188247407597,285.8328050829936,324.0528282535171,338.1019990591552
9297,248.7999990598723,293.7287674069446,273.4281849140542,290.40904867848894,350.6783440796051,310.2233988410812,348.65502831611343,285.86250574826016,324.0858414864585,338.13364740884657
9298,248.8280732847556,293.762536734291,273.45696491879056,290.43118377238176,350.71636715340264,310.25625140773576,348.6912319507821,285.89220761723294,324.1188546784074,338.16529061994873
9299,248.85614948602205,293.7962840888708,273.48574573133726,290.4533261062024,350.7543889060832,310.28910750208496,348.727435524702,285.9219097548137,324.1518674076577,338.1969348508604
9300,248.88420760957504,293.8300425301955,273.514529493418,290.47547371249453,350.79240984317426,310.32196406293673,348.7636383323889,285.95161195994274,324.1848800998495,338.22857482935916
9301,248.91226403204823,293.86380435437405,273.54331547727753,290.49764161475906,350.8304244923725,310.35481451185797,348.7998412880737,285.98131326125866,324.2178927136948,338.2601982399843
9302,248.94031908747567,293.8975612962446,273.5720986084895,290.5197881990616,350.86843433372104,310.3876664046593,348.83604429295934,286.0110150219539,324.25090478114146,338.2918152706069
9303,248.96837784880745,293.9313095537847,273.6008756367521,290.54194744367413,350.9064503537797,310.4205194386205,348.8722468927698,286.0407174484714,324.2839170028227,338.32343234133623
9304,248.99643883998044,293.96505956549174,273.62964829409293,290.5641200207885,350.9444678374371,310.4533750879497,348.90844899753387,286.0704192538259,324.3169284403827,338.35505251760463
9305,249.0245051977168,293.9988142104128,273.65841842591857,290.5863083791837,350.98248733714445,310.48623703455974,348.94465036896855,286.1001232610045,324.34993794310975,338.3866758569747
9306,249.0525875554834,294.03256973701997,273.6871896298147,290.6084835141158,351.02051366464667,310.5191021072323,348.9808517578402,286.12982934636693,324.38294748085684,338.4182997729146
9307,249.08068231706287,294.0663335804507,273.71596323122935,290.6306642284267,351.0585447324229,310.55196756937295,349.01705301746836,286.1595362758963,324.4159548372593,338.4499180498497
9308,249.10877992153183,294.1001013626111,273.7447379661797,290.65284750572476,351.0965774147937,310.58483041139385,349.0532542704646,286.1892369990515,324.4489620696734,338.4815447607855
9309,249.1368775460938,294.1338536331325,273.77350895206666,290.67497963676243,351.1346093899027,310.6176942946872,349.0894556132723,286.2189381326302,324.48197127443444,338.51317577256214
9310,249.16497969058238,294.1676084610487,273.80227901391555,290.6971232223802,351.17263402908833,310.65055869794145,349.1256574655721,286.24864034318495,324.5149814727105,338.54481462607464
9311,249.19308782190623,294.20137531123976,273.8310505888854,290.7192981730787,351.2106599282099,310.68342640769595,349.16185956185046,286.2783405658924,324.5479928590605,338.57645886471016
9312,249.2212008870678,294.23515379937373,273.8598226119309,290.74149670285954,351.2486870149554,310.7162951890321,349.19806259469266,286.3080352986443,324.5810045881143,338.6081218570317
9313,249.24932462623275,294.26893525152633,273.88859715803244,290.76371729256806,351.2867161655207,310.7491622677593,349.23426633403983,286.337727431985,324.61401614800883,338.6397912271846
9314,249.28242282833583,294.30392623475063,273.9219220455088,290.794621247777,351.32455223436375,310.78386121019594,349.270426940284,286.3713681792244,324.6487620071877,338.67409652823136
9315,249.40027962877465,294.4225780032604,274.0398740538044,290.91155646452034,351.4437603951129,310.9023903215749,349.3894005362693,286.48945284862054,324.7673108235984,338.79246031022655
9316,249.40521662531359,294.4317554229896,274.0448761000737,290.9119052470903,351.45618008793684,310.91078641489736,349.40042004924936,286.4953495925478,324.77602530082555,338.7998228527938
9317,249.43124407399756,294.463116852,274.0709741013522,290.9317894893739,351.49149390993676,310.9411793459283,349.4340410250106,286.52259733612715,324.80681727354744,338.8289254886822
9318,249.459382912236,294.49669632267774,274.09917882921565,290.9536554983943,351.5290974475401,310.97377201660913,349.46992282999264,286.55198065508625,324.8398170916476,338.86019300509366
9319,249.48773235398497,294.53047620065627,274.12759437017183,290.9757378264672,351.566928997791,311.00658652154004,349.5060315783585,286.58157699746357,324.8730377011622,338.89168091853713
9320,249.51610223803902,294.56427708682725,274.15603187188907,290.99784976471443,351.60478411443773,311.0394284982546,349.54216314997996,286.6111938530277,324.90628036830327,338.92320088532693
9321,249.54447409165556,294.5980814090179,274.1844716249364,291.0199743007664,351.6426502601324,311.07227774844046,349.57829771759305,286.64081239330943,324.9395252559025,338.9547327747936
9322,249.5728414671143,294.63187923452557,274.21291405777356,291.04207259084365,351.6805186202026,311.105128466894,349.6144325899125,286.6704277471436,324.972770413269,338.98626731779774
9323,249.6011926021271,294.66566345682037,274.2413576120833,291.0641672324703,351.71838533631336,311.13797921878853,349.6505664029151,286.7000414605798,325.00601560132213,339.0178002719213
9324,249.62954585161586,294.69943973494344,274.26980075728596,291.08626993127666,351.75625222110153,311.17082892596915,349.68669990349264,286.7296546889922,325.03926075280975,339.0493290329895
9325,249.65792104930037,294.7332104708217,274.29825014678465,291.1083707932595,351.7941191309474,311.2036760718624,349.7228338292711,286.7592690881392,325.07250587577977,339.08085006764355
9326,249.68630474397727,294.7669709129292,274.3267022002148,291.1304856289826,351.8319898124783,311.2365232252165,349.758968017684,286.7888839003356,325.10575094411075,339.1123668008746
9327,249.71469420944837,294.800705347032,274.3551526437449,291.1525712796218,351.8698614080383,311.2693707109492,349.7951033930416,286.8184962003464,325.13899601618215,339.14388246471094
9328,249.7430898385666,294.8344270104436,274.38360464042637,291.17462869210686,351.90773798819555,311.3022226155506,349.8312399797027,286.84810892578076,325.1722410668791,339.1753830452818
9329,249.7714890075635,294.86814562822195,274.41205732846475,291.1966682224739,351.9456162706703,311.33507688916853,349.867376825554,286.8777210534111,325.20548608114956,339.206884973075
9330,249.7998661310719,294.90185156627643,274.44050833104683,291.21870037674273,351.9834944853638,311.3679349168826,349.9035145794138,286.90733381089194,325.2387311160864,339.2383649916808
9331,249.82824418957438,294.9355487420063,274.46895968136613,291.2407508418246,352.02137340801767,311.400794011217,349.9396527246765,286.936945551905,325.2719761648524,339.26983698386454
9332,249.85661159846066,294.96924103390927,274.4974099863423,291.26282428371985,352.05925409705435,311.4336513864688,349.97579090057235,286.9665575312168,325.30522121576956,339.3013006113026
9333,249.88495717379263,295.0029338469291,274.52586126171923,291.2849068302167,352.0971464430619,311.46650957119766,350.0119289891448,286.9961690725953,325.3384662148997,339.33276735865536
9334,249.91330400667584,295.03662651715774,274.5543130241844,291.30697700570727,352.1350476864895,311.4993654540415,350.04806615875435,287.0257799216985,325.3717112704468,339.36423542531975
9335,249.94165810095006,295.0703109925251,274.5827651140166,291.3290722550175,352.17295644438514,311.5322216290049,350.08420211176025,287.0553880973604,325.40495638358595,339.39568621063376
9336,249.97001419759474,295.1039797411117,274.61121862551977,291.3511816714979,352.21086617803695,311.56507225731315,350.1203374538372,287.08499464265327,325.43820150897386,339.42714178673043
9337,249.99836077538797,295.1376339163942,274.639668435881,291.3732817690957,352.2487700676315,311.5979239775535,350.1564733954627,287.1146015927366,325.47144659968177,339.45861157300317
9338,250.0267137691307,295.17128852901413,274.66811834108694,291.39539432889075,352.28667078854164,311.63077866861806,350.19261025150143,287.1442071787611,325.504691650043,339.490084988487
9339,250.05506890901947,295.2049419752143,274.6965679324885,291.41752188758977,352.3245766160098,311.6636340646372,350.2287472970745,287.17381182462816,325.53793671145013,339.52156360161246
9340,250.08342442603782,295.2386019637782,274.7250191807228,291.4396386798811,352.36248447712256,311.69649035343446,350.26488419733306,287.20341603366654,325.57118179894877,339.55304562322
9341,250.11178199628097,295.272272215841,274.7534708370183,291.4617675603063,352.4003834987968,311.7293489921727,350.3010202229519,287.23301819157433,325.60442689440396,339.5845282366778
9342,250.14013754511998,295.3059515028754,274.7819231859665,291.4838670556388,352.438284682876,311.76220248362847,350.3371561671798,287.26262051915256,325.6376719673873,339.6160031722765
9343,250.16847705837765,295.33963273439707,274.81037597019014,291.50595197556726,352.47618643805873,311.7950480893352,350.3732931665105,287.292220499435,325.6709169445971,339.6474510882614
9344,250.19679814767306,295.3733108200467,274.8388278804999,291.52802931374,352.5140808339247,311.8278938830044,350.40943042361187,287.32182030976594,325.70416183955047,339.6788725773734
9345,250.22511630833222,295.40699113277475,274.86727803558136,291.5501114524369,352.55197433933495,311.86073965788137,350.4455676779363,287.351420189342,325.7374067382739,339.7102939432165
9346,250.25342183016014,295.44067216237437,274.895728631793,291.5721796032805,352.5898702440845,311.8935855531833,350.4817049610725,287.3810200980069,325.7706516870909,339.741717402144
9347,250.2817187943775,295.4743515880914,274.9241780513806,291.5942545646493,352.62777109144656,311.9264371746566,350.5178426036985,287.41062062766287,325.80389667622205,339.77313039358535
9348,250.31001606137318,295.50801833366484,274.9526280212655,291.6163210998717,352.6656776692966,311.95929036563825,350.5539809000673,287.44022126378474,325.83714173249155,339.804544634331
9349,250.33831553106086,295.54169328576535,274.9810785115951,291.63841205371676,352.7035892905098,311.9921379291301,350.590119356512,287.469822070367,325.87038683126264,339.83594697137124
9350,250.36659533273186,295.57537323599104,275.0095276598972,291.66052009523526,352.7415035118623,312.0249801701961,350.6262577368224,287.4994237093024,325.90363193669737,339.8673600077265
9351,250.39487567999623,295.6090491326008,275.0379778127164,291.68263491013323,352.7794199270953,312.0578227217454,350.66239601515775,287.5290256808269,325.9368770479797,339.8987858477476
9352,250.4231595729294,295.64271051994916,275.0664267674012,291.704757488319,352.8173363813003,312.0906641638671,350.6985344137543,287.5586268685854,325.97012217647006,339.9302229306355
9353,250.45145292355838,295.67637133477257,275.09487202204105,291.7268597094719,352.8552485415914,312.1235052345725,350.73467323698463,287.58822848635305,326.0033673076613,339.96167378046795
9354,250.47975077040527,295.71004083560473,275.1233174689993,291.7489354927221,352.89315453646117,312.1563490847166,350.770812380657,287.6178321314404,326.03661246601786,339.9931381559318
9355,250.50803616972965,295.7437212599881,275.1517630337469,291.77102781571716,352.9310539250717,312.18919434009536,350.80695164152644,287.6474381077136,326.0698576550199,340.0246060875493
9356,250.5363246474457,295.77740853631553,275.18021195074004,291.79313444751,352.96895355628334,312.22204189968073,350.8430909914033,287.6770451523954,326.1031029231026,340.0560683647398
9357,250.56462449092479,295.811097135497,275.2086620140379,291.8152351878951,353.00685437231454,312.25489627681867,350.8792303545738,287.70665249489605,326.1363482146732,340.0875212440271
9358,250.5929311527398,295.84478631452066,275.2371134395016,291.83734162371945,353.0447634696084,312.2877526152438,350.9153701831192,287.7362607215544,326.169593509246,340.1189729226139
9359,250.62123965137917,295.8784778801725,275.26556589045526,291.8594557596998,353.08268191346224,312.3206003595051,350.95151015497066,287.76586988508535,326.2028388857324,340.1504270022041
9360,250.64954093656007,295.9121708074234,275.29401873257365,291.88157293131115,353.1206052864765,312.35344437132744,350.98764983528736,287.7954794157527,326.23608428777544,340.18187467643486
9361,250.67781566354324,295.94586626168893,275.32246823298095,291.9036940108633,353.1585293127167,312.3862888213936,351.0237895743129,287.8250894970394,326.2693296783674,340.2133240670315
9362,250.70607559261725,295.9795477381234,275.35091702678756,291.9258283123837,353.1964510794463,312.41913040315075,351.05992933447436,287.8546998323716,326.3025750242345,340.2447668870779
9363,250.73431796588818,296.013232671781,275.37936478826305,291.9479708392733,353.2343689955441,312.45197139744715,351.0960683289008,287.8843097124843,326.3358202674859,340.2762108387915
9364,250.7625617369685,296.04691017424807,275.40781379516875,291.97011178254064,353.27229514059053,312.4848124128913,351.13220732728297,287.9139198375906,326.3690655386724,340.30765131198024
9365,250.7907896558777,296.08058421144773,275.4362622241301,291.992239317902,353.31022306960324,312.5176533585286,351.16834598583984,287.94353027933846,326.402310817009,340.33908112445005
9366,250.81899765912925,296.1142580012856,275.4647083949078,292.01437356620585,353.3481492691164,312.55049794468067,351.2044838684211,287.97314112899386,326.4355561015387,340.3705085173447
9367,250.84722030548718,296.14793503811353,275.493154408224,292.0364994286255,353.3860796675196,312.5833463672835,351.2406219740696,288.0027532777172,326.46880139071845,340.40194182771046
9368,250.87545006142435,296.1816274823994,275.52160140377174,292.0586328720921,353.4240126318734,312.61619820928127,351.276760392773,288.0323667240689,326.50204667137933,340.4333852204664
9369,250.90367267496504,296.21532507410376,275.5500491810276,292.0807958603293,353.46194870504934,312.6490556924073,351.31289962226947,288.0619803601075,326.53529193201217,340.46484219520465
9370,250.93187659771428,296.2490247262789,275.5784974386221,292.1028571051356,353.499884910827,312.6819159463032,351.34903933744283,288.09159157096065,326.5685371781321,340.4963191031279
9371,250.96005001149615,296.28272997165396,275.6069440568322,292.1248427192457,353.53782220177146,312.7147769237322,351.38517911691036,288.121199988586,326.6017823361653,340.52780217282003
9372,250.9882119306584,296.31643935504405,275.6353959874024,292.1468341904609,353.5757607860049,312.74763800058236,351.42131870166247,288.15080649687985,326.63502751320607,340.55927292258104
9373,251.016375341257,296.35014946366954,275.6638523218689,292.1688065186638,353.61369495032386,312.7804979614353,351.45745803369556,288.18041283913635,326.66827269233045,340.59075230512207
9374,251.04453673472486,296.38386138153305,275.69231007269224,292.19077328512446,353.6516199171041,312.8133564476341,351.493597694438,288.21001710048,326.70151789518764,340.62223410462576
9375,251.0727029953729,296.4175745505141,275.72076467875746,292.2127487323493,353.6895421029541,312.84621587919366,351.5297374998293,288.2396215156081,326.73476310620214,340.65370329112164
9376,251.10088343989392,296.4512767254146,275.7492170650446,292.2347180286384,353.72746512283396,312.8790775058046,351.56587728250224,288.26922427096827,326.7680082036593,340.6851604443933
9377,251.12907093817648,296.48497655227715,275.77766994699215,292.25668445388624,353.76538464052095,312.9119406318745,351.60201718791325,288.29882716192213,326.80125333146043,340.7166288796649
9378,251.1572364266589,296.51867789413006,275.80611875246734,292.27865786654013,353.8033095922135,312.94481085945495,351.63815764869196,288.3284279920866,326.8344985407658,340.7481034303736
9379,251.18539482919024,296.55238483599163,275.8345646018801,292.3006299419942,353.8412355573488,312.9776833991732,351.6742981573505,288.35802785955224,326.86774377375525,340.77957688134813
9380,251.213543863344,296.5860934083908,275.86300966125606,292.3226269655328,353.8791590756395,313.0105566925051,351.7104375980031,288.3876268065251,326.90098899013464,340.81106201313
9381,251.2416861285299,296.61979585833905,275.89145569261484,292.3445490359763,353.91708472917963,313.0434321597343,351.7465768018719,288.417225983425,326.93423420808034,340.84255074682125
9382,251.26979699615126,296.6534875218266,275.9199034086248,292.3664353126932,353.9550173705653,313.0763081620309,351.7827164370868,288.44682508773707,326.96747943066936,340.8740332542191
9383,251.2978960734556,296.6871779067337,275.9483533002216,292.3883206702317,353.9929513489221,313.10918054327396,351.81885631983727,288.47642657051256,327.00072460222646,340.9055115153868
9384,251.32600438888116,296.720864685221,275.9768039720461,292.4102185975623,354.0308862644348,313.1420536134096,351.8549962274607,288.5060288210516,327.0339697052588,340.93697234035443
9385,251.35411626307163,296.75453360706587,276.00525353250697,292.43208153865885,354.0688211610052,313.1749251532432,351.89113592590286,288.53563205216324,327.06721480218863,340.968409762605
9386,251.38223408574822,296.78819988496804,276.0336990793026,292.4539606965196,354.10675223088253,313.2078013596055,351.9272755453463,288.56523578334907,327.1004599306101,340.99984299311325
9387,251.41035570577236,296.8218639076096,276.06214574617667,292.4757940244342,354.14468235516574,313.24067909178234,351.9634141501957,288.594838574248,327.13370508305593,341.0312709025493
9388,251.4384612936019,296.8555084279739,276.09059331269225,292.4976263207673,354.1826118458562,313.2735611777442,351.99955242482963,288.6244419785063,327.1669502395075,341.0626921027547
9389,251.46656347100523,296.8891261539094,276.1190424168495,292.5194389112939,354.2205388274625,313.30644483216145,352.03569168378425,288.65404560204956,327.20019532228645,341.09411013472356
9390,251.49466565123365,296.92274814140274,276.1474925204836,292.5412614359721,354.25846499181375,313.3393264537184,352.07183166503796,288.6836469549327,327.2334403229906,341.12552196555777
9391,251.52278196418155,296.95637934493055,276.1759413616272,292.5630885087586,354.2963918936994,313.37220722349616,352.10797199525,288.7132457887803,327.2666852448067,341.1569363146785
9392,251.5509040818122,296.9900301556662,276.20439229143284,292.58492498199604,354.33431884922703,313.4050869012215,352.1441123196618,288.74284456637895,327.299930107272,341.1883534410392
9393,251.57902466123443,297.02368663279583,276.2328459910559,292.6067680258155,354.37224457109147,313.4379671214865,352.1802517952695,288.7724411924283,327.3331749856336,341.21976294102853
9394,251.6071494272553,297.0573334822738,276.26130177932845,292.62861256237716,354.41016560128753,313.4708452487911,352.21639109328044,288.802036179842,327.3664199313837,341.25116875114026
9395,251.63528457515517,297.0909793920577,276.289760409472,292.6504627173395,354.44808552487024,313.50372290921115,352.25253109912177,288.83163010944065,327.39966489770615,341.28258940461853
9396,251.66343244370506,297.12462558436783,276.31822005813973,292.67230673771076,354.48600647917925,313.5366014220853,352.2886714395936,288.8612196723674,327.43290979468094,341.31402273685904
9397,251.69158484250144,297.1582759497294,276.3466792482132,292.6941008158277,354.5239302655032,313.5694813701376,352.3248122784798,288.89080934040965,327.46615469235957,341.34546059070476
9398,251.7197409196761,297.19191371191584,276.37513765989024,292.7158993531102,354.56185870536194,313.60236167142403,352.36095314644376,288.92040039878486,327.499399583647,341.376899201379
9399,251.74790438355197,297.22555556688746,276.4036000104272,292.73767104648294,354.59978860292546,313.6352418811666,352.3970927613357,288.9499922307664,327.5326444544978,341.40833118493464
9400,251.77605221774274,297.259198367546,276.4320637969396,292.7594524076488,354.63771833326456,313.6681179264346,352.43323206065173,288.97958347485906,327.56588934105883,341.43976470837265
9401,251.8042126253001,297.2928380828734,276.4605263902154,292.78124232772456,354.67564586167134,313.70099332928186,352.46937090721974,289.0091747854218,327.59913423014575,341.47119417945316
9402,251.83237973649264,297.3264805855309,276.48898803999276,292.80304990194793,354.7135718889458,313.7338687145512,352.50551026012243,289.03876544551156,327.6323791180009,341.50263548478466
9403,251.86053022313442,297.36011559544625,276.5174476066885,292.82487505582736,354.7514943521746,313.76674070015116,352.5416497535429,289.0683567714399,327.6656239978379,341.53408599343203
9404,251.88867501197691,297.3937341159415,276.5459091990763,292.8466894900576,354.7894162561128,313.7996095516211,352.5777890399591,289.097948628988,327.69886887833354,341.56553898093784
9405,251.91681468645294,297.4273518146249,276.57437214123,292.86851669709,354.82733453334305,313.83248158415273,352.6139274352772,289.1275395356985,327.73211374595735,341.59698178604623
9406,251.94495909161284,297.460966402222,276.6028317991161,292.89033928046075,354.865255165097,313.8653544176938,352.6500650598614,289.1571290146943,327.76535861383485,341.62842423160896
9407,251.97310563603722,297.49458055270156,276.63129137521094,292.91216492964793,354.9031776967933,313.8982230899867,352.6862025139128,289.1867186769016,327.798603474421,341.6598750218294
9408,252.00125202573662,297.52819773390746,276.6597494379826,292.93399989070224,354.94110089715747,313.93109344966643,352.7223397186131,289.21630870317995,327.83184830112145,341.6913317011066
9409,252.02941702909519,297.56181907879716,276.6882054522782,292.9558056436209,354.97902402122935,313.9639646326432,352.75847725253396,289.2458983106847,327.865093175766,341.7228019005872
9410,252.05760317425236,297.59544598734016,276.7166606409372,292.9776022649253,355.0169522561317,313.9968357614681,352.7946158162782,289.27548828033605,327.8983380661937,341.75427745361264
9411,252.0858102053241,297.6290740846015,276.745115054651,292.99936235882944,355.05488701924986,314.0297079399793,352.8307545288706,289.3050781981425,327.931582952448,341.7857567969789
9412,252.11402918563107,297.6626941767963,276.7735696652305,293.02112030978276,355.0928223714461,314.0625828682514,352.8668923423368,289.33466821221276,327.9648278774082,341.8172375727056
9413,252.14225126369558,297.6963169838742,276.80202215446576,293.0428999383247,355.13075138028483,314.0954585371219,352.90303014974535,289.3642580716771,327.99807283796264,341.84870645903123
9414,252.170467338474,297.7299442834716,276.83047330360466,293.0646902191653,355.1686753162807,314.1283342749075,352.9391671399384,289.39384730085095,328.0313178042482,341.8801687554354
9415,252.19868982218816,297.7635745671471,276.8589258881852,293.08649534811633,355.20659959157126,314.16121764089496,352.975303577722,289.42343559184246,328.0645627526536,341.9116321519933
9416,252.2269232900175,297.7971931870156,276.8873805089512,293.1083131847902,355.244530968534,314.1941065969833,353.01144141411464,289.4530233986675,328.0978077223694,341.9430794385551
9417,252.25516716999005,297.8308105260555,276.91583738181987,293.13014553952024,355.28246339686405,314.2269967093215,353.0475796717566,289.4826117375055,328.13105271810923,341.97452549067776
9418,252.28341448758056,297.8643986887125,276.94429617642527,293.1519876648512,355.32039055112386,314.2598835364209,353.0837179034732,289.51220043028763,328.16429777535393,342.0059743600028
9419,252.31165637696535,297.8979820500668,276.9727555026059,293.17382754381254,355.3583182340011,314.29276843708095,353.11985577901453,289.54178843052597,328.1975429102111,342.0374094625905
9420,252.33988250740492,297.93156983436455,277.0012148959185,293.195684734639,355.39624448029883,314.3256533550361,353.15599331472595,289.57137813234596,328.23078807240495,342.06884528021106
9421,252.3680901256403,297.9651685619434,277.02967256334506,293.21750362690403,355.43417065585004,314.3585379929882,353.19213087457535,289.6009695292121,328.26403324542997,342.10028097118874
9422,252.39629178015147,297.9987755434296,277.0581314407702,293.23928030267666,355.4720950548061,314.39142124370863,353.2282682328331,289.6305629004716,328.29727843456925,342.1317181150522
9423,252.42450735961322,298.0323837171638,277.0865905784632,293.26105496880336,355.5100125949782,314.4243065747028,353.26440507785793,289.66015701122393,328.3305236268199,342.1631440399704
9424,252.45272837144245,298.06598019696884,277.1150491171992,293.28283212937595,355.5479228534373,314.457193148521,353.30054260228303,289.6897512647548,328.3637687586666,342.1945730851249
9425,252.48095675486343,298.0995774392493,277.1435064421246,293.30460644798063,355.5858270253574,314.49008076491253,353.3366803178777,289.719344156614,328.3970138426835,342.22600305763103
9426,252.50918947102255,298.13318954481997,277.17196497129396,293.32637075876215,355.6237307943221,314.5229713030689,353.37281767421234,289.74893571196066,328.4302588488958,342.257428388652
9427,252.5374170592545,298.166812690276,277.2004272615155,293.3481232496604,355.6616295987866,314.55586269204906,353.4089546250668,289.77852664558424,328.46350378865594,342.28885434146326
9428,252.56564996910345,298.2004467904425,277.22889349525275,293.3698872320195,355.69952274150927,314.58875080485825,353.4450906010327,289.80811703150823,328.4967486811878,342.32027551327405
9429,252.5938934465258,298.23408877047416,277.2573613977349,293.3916309090252,355.7374131640863,314.6216372279243,353.4812256317117,289.83770769673475,328.52999358728243,342.3516970724513
9430,252.62214701911188,298.2677322160489,277.28582971295106,293.41338612621473,355.7752928361567,314.65452719719235,353.5173611102041,289.86729863075846,328.5632385509189,342.383115342726
9431,252.65040373966886,298.3013763629762,277.31429817339557,293.4351492781996,355.8131656295554,314.6874234906124,353.5534966748889,289.896889685115,328.5964835328329,342.4145350197327
9432,252.67865396063175,298.3350296681506,277.342767378726,293.4569047315782,355.85103371064014,314.72032170706905,353.5896322131738,289.92648034360684,328.6297285449886,342.4459581560337
9433,252.7068934205125,298.36869411656795,277.37123697958174,293.4786523895157,355.88889928203224,314.7532200205279,353.6257678133182,289.95607177388626,328.6629735674245,342.47739106084356
9434,252.7351023374001,298.40236138994254,277.3997054214201,293.5003982217062,355.92677023467087,314.7861186237224,353.6619031182999,289.9856583831412,328.6962185778146,342.5088274648836
9435,252.76330657097068,298.4360260648886,277.4281740152246,293.522154129617,355.96464174807744,314.81902110912586,353.6980393328102,290.0152414943626,328.7294635778664,342.54025040904503
9436,252.7915085609712,298.4696775664905,277.45664130470306,293.54388087541446,356.00251433247524,314.8519289010025,353.7341757684119,290.0448249921535,328.7627084621189,342.5716629669546
9437,252.81971168921822,298.5033302001436,277.4851071350801,293.5656232022311,356.04038963632144,314.8848396671621,353.7703120944843,290.07440887679223,328.7959532866055,342.60305555733527
9438,252.84791793444685,298.53698696269277,277.5135723692065,293.58739253830237,356.078265039416,314.9177526459152,353.80644808449387,290.1039927600296,328.8291981643526,342.6344302720547
9439,252.87612966058836,298.57064691339866,277.5420393608,293.60920100415757,356.11613877184703,314.9506661560459,353.8425841291605,290.13357628970823,328.86244313531506,342.66579730003184
9440,252.90435003779615,298.60431371041824,277.57050689006644,293.631027479523,356.1540117785355,314.98357874004495,353.87872023093115,290.1631608552724,328.89568813174066,342.69716767304294
9441,252.93257566593113,298.6380013108593,277.59897608937575,293.65285164112885,356.19188315313954,315.0164965314429,353.9148563525457,290.192746849321,328.92893312083135,342.72854240761893
9442,252.96080336919755,298.67169417837806,277.62744627267915,293.6746770020807,356.22975584626425,315.0494178897284,353.95099251788565,290.22233331439355,328.96217804984826,342.7599233556617
9443,252.98902357729435,298.7053810104379,277.6559169690962,293.6965290296856,356.26763136430424,315.08233986701794,353.98712881010084,290.2519192064549,328.99542301234555,342.79131887332585
9444,253.01724576940245,298.7390781035541,277.6843889797541,293.71839489960456,356.3055116026875,315.11525721650275,354.02326482045873,290.28150537120337,329.02866806052964,342.8227191412799
9445,253.04546450504083,298.77278175634734,277.7128615440428,293.7402401699404,356.34339248990557,315.1481704750645,354.0594018104543,290.311091547668,329.06191318310977,342.85411955823804
9446,253.07367044922938,298.80648624052407,277.741333219343,293.76209269765405,356.38127152958776,315.18108593040637,354.0955390653359,290.34067835738995,329.09515832232245,342.88551511763524
9447,253.10189915661414,298.8401793333074,277.76980481778145,293.7839612038323,356.4191498951738,315.21400275642526,354.13167622245334,290.3702654554532,329.12840346007675,342.9168919604555
9448,253.13013683854066,298.8738646043,277.7982773359951,293.8057832392186,356.45701812943315,315.2469171811911,354.1678147420619,290.3998494199298,329.16164861080284,342.9482564554259
9449,253.15836722111374,298.9075568660046,277.82675059578975,293.82757235637337,356.4948837264695,315.27983160022666,354.20395384640887,290.42943304773087,329.1948937627198,342.97960072464025
9450,253.1866063682039,298.94124981894186,277.8552257916179,293.8493684374175,356.5327475846346,315.3127451811759,354.2400932733562,290.4590177264974,329.2281388075917,343.0109453221013
9451,253.21974540626863,298.9762095806687,277.88844626287295,293.8801022084879,356.570427320375,315.3474588128705,354.27619405453584,290.4926219009035,329.26296018190345,343.04514069039413
9452,253.33761935781135,299.0948482361495,278.00635441635563,293.99696594789305,356.6896135944898,315.46599409373783,354.39515927501213,290.6106912097096,329.38154071466994,343.16345830063267
9453,253.34247606549596,299.1040500659162,278.01134752833264,293.9971905344465,356.70221413871354,315.47412940572514,354.4061876783258,290.6167907558282,329.3898858597391,343.1704598962797
9454,253.3684007145952,299.13545640266494,278.03743708312794,294.01689586323397,356.7377542575155,315.5041992471848,354.4398197147546,290.64429850361347,329.4202141280564,343.19911529286946
9455,253.39646404902754,299.16909587726593,278.0656340800527,294.0385507756087,356.7755912113444,315.536461551423,354.47571174128404,290.67394544908643,329.45273972976946,343.22993441300406
9456,253.42477904014558,299.2029538051513,278.09404255598616,294.06037928275674,356.8136582672099,315.5689431547547,354.5118292111477,290.7038051385454,329.48548451253885,343.2609736902841
9457,253.4531383230532,299.23684128674586,278.1224721006843,294.0822200594906,356.8517528308985,315.6014470481199,354.5479695051805,290.7336856702189,329.51825179717935,343.29203175411885
9458,253.48151056005713,299.2707422138815,278.1509051862975,294.1040664763884,356.8898549133315,315.6339527237767,354.58411158132066,290.7635680758572,329.5510216536917,343.3230898505557
9459,253.50988612739033,299.3046452814651,278.1793393317997,294.1259193744194,356.9279576505732,315.6664585927356,354.6202532953273,290.79344544032614,329.58379171289903,343.35414847239565
9460,253.53825692154453,299.3385313953337,278.207771129139,294.1477817135084,356.96605474965287,315.6989674147609,354.6563947552602,290.8233223476106,329.61656066026256,343.3852087841653
9461,253.56660369538363,299.37242531255976,278.2362022698912,294.1696256734269,357.00414450250116,315.7314771412518,354.69253633855067,290.8531996718135,329.64932948064353,343.41626097644576
9462,253.59494727654692,299.4063309143045,278.2646335962043,294.19147592577934,357.04222409117074,315.76398653265085,354.728677417959,290.8830768372943,329.68209808827226,343.44731673579844
9463,253.62329188142897,299.4402393758812,278.29306521292193,294.213349155422,357.080292217612,315.79649398902626,354.7648182364594,290.9129518938496,329.71486499996405,343.47837921005527
9464,253.65165041662866,299.47415123891955,278.32149762413735,294.23519146816784,357.1183593900681,315.8289968090538,354.8009593336222,290.94282787860277,329.74763296797386,343.5094425627937
9465,253.68001658424612,299.50806518112535,278.3499293020128,294.2570077828846,357.15641836294316,315.86149989507317,354.8371012368512,290.9727068822926,329.7804011979291,343.54050726905496
9466,253.70839701280326,299.5419631565492,278.378356719634,294.2788240542119,357.19448849120363,315.8940043477607,354.8732433301554,291.00258692242824,329.8131671868897,343.5715758781448
9467,253.7367905401921,299.5758468267033,278.406785122679,294.3006565154761,357.23256476826003,315.92651013509516,354.90938525305955,291.03246655060786,329.84593319290616,343.6026459957313
9468,253.76519452270082,299.60973006296587,278.4352082234258,294.3224838490048,357.27064576035724,315.95901676309137,354.94552766693903,291.06234655007444,329.8787003053024,343.63369689568003
9469,253.79360304806198,299.6436105884259,278.46362875423745,294.344340735097,357.3087281308197,315.99152371482046,354.9816702291685,291.0922254082742,329.91146774264394,343.6647494335741
9470,253.82199903204145,299.67749296329544,278.4920473927391,294.36621324708415,357.3468124255044,316.0240306765531,355.01781314656455,291.1221078397311,329.94423362427506,343.69579406640355
9471,253.85040301535668,299.7113858867907,278.520466139841,294.38809717441205,357.384900931741,316.05653530542065,355.0539561369315,291.15199478005064,329.9769988143222,343.726837974989
9472,253.87881013945236,299.745281155119,278.5488848034985,294.409994410198,357.42299071340034,316.08904064778665,355.0900993141266,291.1818840383503,330.0097642984483,343.7578841307692
9473,253.90721090101863,299.7791691568962,278.5773041075813,294.4318660166505,357.46107996934523,316.1215460666791,355.1262425604236,291.21177370931986,330.0425308404119,343.7889143571518
9474,253.93561645652898,299.8130599257156,278.60572363360563,294.4537039266518,357.49916318462755,316.15405078805486,355.1623848869872,291.24166338363085,330.0752985083267,343.8199255917455
9475,253.96402836576183,299.84695998191654,278.6341418780131,294.4755518017547,357.53723715503276,316.1865557335354,355.1985275827635,291.2715501294469,330.1080664531281,343.85093214459874
9476,253.99244860018314,299.88086166883875,278.66256047201716,294.49735481951194,357.5753116070717,316.2190568763439,355.2346707061483,291.3014347265688,330.1408340678328,343.881941242403
9477,254.02088180805072,299.9147571156581,278.6909779855419,294.5191311905673,357.6133841036501,316.251555469741,355.27081390572476,291.33131683183154,330.1736018666942,343.91295904480023
9478,254.0493206856871,299.94863621811555,278.71939552261756,294.54090697045336,357.6514540298413,316.28405311657735,355.3069567308453,291.3611979912957,330.2063699846816,343.94398860533727
9479,254.0777646631269,299.98251522558957,278.74781294230826,294.56268805819866,357.6895267811285,316.316551891543,355.3430985948789,291.39107945870717,330.23913981980314,343.9750216441678
9480,254.10621072516264,300.0163869044303,278.7762330338129,294.5844879509271,357.72760045263925,316.34904979488454,355.3792396208639,291.4209624672887,330.2719110430585,344.0060473743344
9481,254.13466511252338,300.0502440011079,278.8046546970889,294.6063063265284,357.7656693629093,316.38154721457124,355.4153798892961,291.4508462975163,330.30468312201407,344.03707759499025
9482,254.1631234704657,300.0840978422891,278.83307481777047,294.62810858815084,357.80373539336586,316.4140432631607,355.4515206458938,291.4807303715337,330.3374567579834,344.0681092518874
9483,254.19158298026426,300.1179513147236,278.861494670431,294.64987814376406,357.8417949245678,316.44654184982477,355.4876618874061,291.51061171168925,330.37023085800934,344.0991474909624
9484,254.22004719879604,300.15180465747756,278.88991597531196,294.67164661784824,357.87985479763734,316.47904148766116,355.5238031757184,291.540495532438,330.4030056580696,344.1301901699139
9485,254.24850231562056,300.1856499018236,278.9183378761259,294.6934189833724,357.91791554923185,316.5115412019592,355.55994403039966,291.57038124659846,330.43578149941646,344.16123366747286
9486,254.27696013024837,300.21949515354527,278.9467609614542,294.7152173536915,357.9559816566843,316.54404071881845,355.59608516142475,291.6002672122568,330.46855818860024,344.19228067796496
9487,254.3054188702725,300.2533403708965,278.9751848490796,294.7370325508652,357.9940490484405,316.5765437591937,355.632226331573,291.63015323053605,330.5013352449447,344.2233147699648
9488,254.33387893634298,300.2871843115399,279.0036085901831,294.75883478275847,358.0321158726094,316.609048797727,355.66836731378555,291.66003450549493,330.5341129341383,344.254335852289
9489,254.36233453464195,300.32102817696364,279.03203408059073,294.78061374856446,358.0701850031341,316.64155415217994,355.70450826434086,291.68991585634143,330.566890817476,344.2853575097441
9490,254.39078975633277,300.3548789111521,279.0604598861145,294.8023896451488,358.10825437234035,316.67405558413674,355.7406486920873,291.71979740051864,330.5996697694611,344.3163622598517
9491,254.4192533233008,300.38873934331286,279.0888857931733,294.8241774806257,358.1463208693648,316.70655711713994,355.77678948964586,291.7496784693694,330.6324491358182,344.34736082386496
9492,254.44772803801078,300.42260135955837,279.1173083923039,294.84595575907156,358.18438718778935,316.73906052374514,355.8129303746354,291.77956127745307,330.6652257956934,344.3783587765811
9493,254.4762096279327,300.4564671537146,279.1457277654927,294.8677463953906,358.2224553966741,316.77156432769004,355.8490712758238,291.80944664284505,330.6980028859298,344.40934498562183
9494,254.50470364689843,300.4903365010437,279.17414596772403,294.88956118392093,358.2605241080334,316.8040669102841,355.88521240588517,291.83933284678363,330.7307810276049,344.44030744092373
9495,254.53320619823467,300.52418448619727,279.2025583621225,294.9113479784825,358.2985930685702,316.83657029036226,355.921353586546,291.869218073981,330.763559627289,344.4712507559815
9496,254.5617211895087,300.55803060584446,279.2309702591455,294.9330603329663,358.33666206672626,316.869074219171,355.95749538250254,291.8991008311382,330.79633830691375,344.5021746939475
9497,254.59025805592336,300.5918954371691,279.25938122712836,294.9547444835127,358.3747389748908,316.9015803150772,355.99363811861764,291.928978218749,330.82911517790654,344.53311699170507
9498,254.61880319134926,300.6257655181677,279.2877959072323,294.97641436983446,358.41281815972184,316.93408765304866,356.0297810105597,291.9588537124883,330.86189158551235,344.5640643334796
9499,254.6473358668754,300.6596486671927,279.31621191026744,294.9980933543307,358.45089944809354,316.9665951336213,356.06592308387326,291.9887309469803,330.8946676329995,344.59500732416683
9500,254.67586088395612,300.69355399855107,279.3446272103535,295.0197861518762,358.48898722307115,316.99909675150684,356.1020652387657,292.0186089530302,330.9274439124718,344.6259301229344
9501,254.70438987724822,300.72747468664176,279.37304267711744,295.0414708991186,358.5270763068731,317.0315965359943,356.1382074239265,292.04848646336103,330.9602201642989,344.65685525710575
9502,254.73292158790628,300.7613986288415,279.40145778970737,295.06316568552603,358.56516175440777,317.06409152835977,356.1743489928582,292.0783639714303,330.99299652863994,344.68778404146013
9503,254.76146874001012,300.7953211286575,279.42987005270743,295.08487465189336,358.60324014013923,317.0965862977145,356.2104896041654,292.10824028971956,331.025772910611,344.71869629097733
9504,254.79002213137926,300.82926028651696,279.45828280671975,295.10660835504814,358.6413195655161,317.1290815900936,356.24662870953273,292.1381176404639,331.05854958841996,344.7495982094068
9505,254.81856962487842,300.86321942828556,279.48669376936857,295.1283540973256,358.67939906284835,317.1615767814115,356.2827688264595,292.1679956572101,331.09132686871766,344.7805071687406
9506,254.8471027208795,300.89718735855206,279.5150990362478,295.15009443194714,358.71747653410256,317.1940731084733,356.31890971617764,292.1978740048429,331.12410415870653,344.8114185766901
9507,254.87563637716454,300.93115838025153,279.54350439125443,295.1718412224031,358.75554977686886,317.22657018610425,356.35505159459626,292.2277493314424,331.1568779224345,344.8423302806835
9508,254.90417497741078,300.9651446861718,279.57190871542076,295.19360012736337,358.793622108376,317.2590695016004,356.3911939089037,292.2576251468845,331.1896516771833,344.8732588514594
9509,254.93271995626887,300.99914319561816,279.60031237946015,295.2153775710089,358.83169895230054,317.2915695295818,356.4273374187993,292.2874985746718,331.2224234207286,344.90419956017644
9510,254.96126839162832,301.0331448434498,279.6287123826272,295.2371090170948,358.8697788187475,317.32406881439925,356.46348138041526,292.31737208068375,331.2551961321577,344.93514333803023
9511,254.98979805090605,301.06714814419496,279.6571125085084,295.25881207834396,358.9078589543513,317.3565687718814,356.49962647287964,292.347245765132,331.2879699130865,344.9660625453951
9512,255.01832288688695,301.10115684901666,279.68551186112654,295.280531976681,358.94594028035965,317.3890652983629,356.53577230878807,292.3771221335968,331.32074390825045,344.99697759828763
9513,255.046846176524,301.1351668808865,279.7139100575921,295.3021962944006,358.9840224666477,317.42155804647786,356.5719181890319,292.4069995984393,331.35351846275097,345.0278661362693
9514,255.0753386878882,301.16916943883206,279.74230727457723,295.323868581613,359.02210500158816,317.4540509464343,356.6080631397763,292.43687767076153,331.3862932702331,345.05875689418025
9515,255.10381482619943,301.2031650633486,279.77070728294115,295.3455492384367,359.0601889326924,317.4865469675272,356.6442082752653,292.46675960752515,331.4190677299331,345.0896288038052
9516,255.13229421397136,301.23715197888214,279.7991086154059,295.36723947372644,359.0982743721644,317.51904583114333,356.6803534776815,292.49664382397543,331.4518404126675,345.12050124346734
9517,255.1607600400951,301.2711394754582,279.8275067708496,295.38889900981974,359.13635930683114,317.55154528439687,356.7164985850702,292.5265291224297,331.48461295847665,345.15138940392967
9518,255.1892282270269,301.305128385635,279.85590515202654,295.4105540184437,359.17443763062954,317.58404383180215,356.7526438208543,292.5564146945691,331.5173859131365,345.1822866549566
9519,255.2176733441324,301.3391179909455,279.88430318969847,295.43220698185024,359.212518108936,317.61654269796514,356.78878880839744,292.58630353889856,331.5501581660896,345.21318220874457
9520,255.24612607239794,301.37309214175514,279.91270191027724,295.45381749316994,359.25059956805705,317.649039449612,356.824933470451,292.6161939794444,331.58292797730235,345.24407500396535
9521,255.2745920628056,301.4070632308744,279.94110124900345,295.4754379792522,359.2886808677851,317.6815319420094,356.8610791088353,292.6460816754009,331.6156965025172,345.274964832293
9522,255.30306264253275,301.44104018800647,279.9695007086336,295.49707580285394,359.32676158757386,317.71402453766547,356.8972249922767,292.6759683375474,331.6484660496055,345.3058468332663
9523,255.33152971143173,301.4750321444175,279.997901029688,295.5186725498995,359.36484028925776,317.7465154541891,356.9333704563004,292.7058559085277,331.68123725837603,345.33672383719954
9524,255.35998833485831,301.5090398248997,280.0263020502774,295.540232897668,359.4029230994045,317.77900702545435,356.9695157737668,292.73574183601403,331.7140088243093,345.3676019602454
9525,255.38844923577673,301.5430517539056,280.0547028056771,295.56180467310173,359.441006788914,317.811496245372,357.00566056461344,292.76562668792866,331.74677953786704,345.39848442147786
9526,255.41691009146146,301.57706858570566,280.0831061432752,295.5833593393878,359.4790871063991,317.84398433044134,357.0418051598259,292.7955111225728,331.7795496288198,345.4293733260625
9527,255.4453813213285,301.6110869201543,280.11151089680044,295.60489901906806,359.51716630403865,317.8764719508532,357.07794962648734,292.82539694925356,331.81231977513795,345.46026663839984
9528,255.4738732988614,301.64510417724483,280.1399143956046,295.62639724918864,359.555242205333,317.9089602149606,357.11409417136895,292.85528391223465,331.84509038821636,345.49117866505867
9529,255.50237283677356,301.6791164976472,280.1683182726154,295.6478968600747,359.5933193906198,317.9414482399679,357.15023866524706,292.88517143222754,331.87786125342296,345.5221104770111
9530,255.53086336429433,301.7131206464631,280.1967247044996,295.669418472792,359.63139218687877,317.9739377725849,357.1863830692318,292.9150565158091,331.91063330348715,345.55305188695843
9531,255.5593459104733,301.74713324216987,280.22513199770583,295.69086707739285,359.6694675474186,318.0064277867205,357.22252684197605,292.9449404146796,331.943405876701,345.58400337196485
9532,255.58783380188336,301.78114800575213,280.2535387988201,295.71226231670664,359.70754789078234,318.03891990815885,357.25867062070614,292.974825325669,331.97617796850824,345.61496419435355
9533,255.61633584025105,301.81516028597815,280.2819441327274,295.73365250368835,359.74563009938305,318.0714143307315,357.2948150927715,293.0047107273628,332.00894976761845,345.64592757281787
9534,255.64484856522859,301.8491714148945,280.31035083253965,295.7550496247213,359.7837125288827,318.10390919796447,357.33095971768824,293.03459629838005,332.04172167148664,345.6768824906683
9535,255.67336411520805,301.8831906682265,280.3387587792936,295.77645002274744,359.8217947076011,318.1364033277085,357.3671040459144,293.0644819339504,332.074493276128,345.70783182672847
9536,255.7018823905833,301.91721181501873,280.3671671937672,295.7978663076383,359.8598813650316,318.16889484076,357.40324936446285,293.09436704395756,332.10726523787287,345.73878372699414
9537,255.7304095501233,301.9512175598657,280.39557625499816,295.8193123033078,359.89797131106576,318.2013863006206,357.439395559001,293.12424851258396,332.1400369054071,345.7697309916358
9538,255.75893913785472,301.98522440396016,280.4239861401795,295.84077424601674,359.9360610619498,318.233876089559,357.47554179466925,293.1541273788699,332.1728079938802,345.8006624208097
9539,255.78747166464288,302.0192382002312,280.45239501406735,295.8622373457408,359.97414589075373,318.2663656469016,357.51168676883975,293.1840070677201,332.20557813679915,345.83159048592375
9540,255.8160080589819,302.0532615363023,280.4808041671197,295.88372921390675,360.0122315069815,318.2988593191196,357.5478317527176,293.213886687062,332.2383462343079,345.86251957875874
9541,255.8445611662379,302.08729066025285,280.5092131050979,295.90523633791264,360.05031734744534,318.3313543530917,357.5839764995581,293.2437647407191,332.2711132536287,345.89345512142046
9542,255.87312087750922,302.12132068948017,280.53762210970103,295.9267314817035,360.08840307751245,318.36384603518127,357.620120621563,293.2736453409251,332.3038792173626,345.9243948199999
9543,255.90168990236248,302.155346502786,280.5660332377208,295.9482373063562,360.1264878984195,318.3963390945596,357.6562650217842,293.30352802336677,332.33664588357124,345.9553351348364
9544,255.93027462502667,302.189376082055,280.5944471972321,295.9697207949309,360.1645726652089,318.4288348434508,357.69240948975835,293.33341123841984,332.3694130281599,345.9862637718259
9545,255.9588644412871,302.223416636572,280.6228631438303,295.9912145183175,360.2026585829943,318.4613316086158,357.72855457437964,293.36329340948834,332.40218096651955,346.01717444695515
9546,255.98745348959446,302.2574689637722,280.6512817099755,296.0127276265101,360.24074651116587,318.49383020458293,357.7646998331273,293.3931729759873,332.43494930102906,346.04805354938577
9547,256.01605293260167,302.29153847328575,280.6797023305209,296.0342294450689,360.2788348621558,318.52633058249114,357.80084517435085,293.42305272305714,332.4677176708947,346.0789335275412
9548,256.0446708955971,302.32561476940305,280.708123453835,296.05571132735963,360.3169228955881,318.55883176402585,357.83699058062183,293.45293108222467,332.50048606576104,346.10979389165806
9549,256.0732963272182,302.35969160442016,280.73654434713285,296.0771650045502,360.35500941539453,318.5913332917451,357.8731352062922,293.482811597947,332.53325522366,346.14065854773844
9550,256.10190669222635,302.393765794517,280.7649649359488,296.0985648414011,360.39309337226894,318.6238348773786,357.9092791467762,293.5126927677615,332.56602612938366,346.17153683208943
9551,256.1305040452855,302.42784634474754,280.793387188323,296.11996718454037,360.431177385055,318.6563342100715,357.94542332401664,293.5425742068176,332.59879756182676,346.20242841727077
9552,256.1591041927661,302.4619278951243,280.8218115029543,296.14138004926633,360.4692582998852,318.68883335023463,357.9815678988937,293.57245595020186,332.6315675204972,346.2333238382344
9553,256.18767340741886,302.4959937500357,280.85023668023365,296.16281275526126,360.5073313156458,318.7213314850619,358.0177125328327,293.6023401969583,332.6643359661823,346.2642017434856
9554,256.2162203277386,302.5300607941922,280.87865931843083,296.1842549813872,360.5454016640588,318.75383110332217,358.0538569287094,293.6322266197734,332.697105160789,346.2950796209688
9555,256.2447438403294,302.564106838412,280.907081763503,296.20570527678365,360.58347314610006,318.78633415923264,358.0900008991371,293.66211341469017,332.72987553672834,346.32595421173176
9556,256.2732696805962,302.598148679297,280.9355060092218,296.22716775759363,360.62155747305707,318.81883940336337,358.1261457178538,293.6920010007894,332.76264635282877,346.356827622969
9557,256.3018125220255,302.63218568356524,280.96393125800455,296.24863931948727,360.6596457088189,318.85134506645454,358.162291136724,293.72188907930706,332.79541769572745,346.38770274071567
9558,256.33037507004275,302.66619726045667,280.99235720789704,296.27011504711817,360.6977335552866,318.883851929724,358.1984368743949,293.75177635660276,332.82819183097035,346.4185808089595
9559,256.35894926302046,302.70020380935443,281.02078554787914,296.2915958116842,360.7358191675391,318.91635979281017,358.23458263505717,293.7816650471471,332.860966851622,346.4494586973926
9560,256.38752676189614,302.7342195072152,281.0492169953275,296.3130894035338,360.7739051651432,318.9488677292759,358.2707281619832,293.81155642073463,332.89374092367484,346.48033264772124
9561,256.4161031646592,302.76823734505825,281.0776507078207,296.3346086671851,360.81199356382695,318.9813762352237,358.306873667769,293.84144950532675,332.9265161364939,346.51119859854873
9562,256.4446812093123,302.80224301525834,281.1060853993743,296.3561205909145,360.8500885356983,319.01388773482313,358.3430182028255,293.87134444058444,332.9592917059949,346.5420536973408
9563,256.4732727478737,302.8362420643808,281.1345203483246,296.37760984349916,360.8881890609029,319.046401854831,358.37916248275457,293.90124003876525,332.99206663578514,346.57291780004596
9564,256.5018824739935,302.8702462359971,281.16295435913685,296.3991130120265,360.92629038602445,319.0789184862633,358.41530675160607,293.9311357548709,333.02484330325245,346.6037837876911
9565,256.5305112000357,302.90425056838325,281.1913878199461,296.420587690169,360.96438874920005,319.1114372655987,358.45145105435836,293.9610298114542,333.0576213577533,346.63465880878465
9566,256.55915622936175,302.93824664777,281.21981956224823,296.44207857765474,361.0024816914334,319.14395713851104,358.48759575041424,293.9909230696906,333.0903997644316,346.6655421526393
9567,256.58780616494835,302.97223714964036,281.24824867396103,296.46358079095853,361.0405712366254,319.1764775137027,358.52374049585023,294.02081501388506,333.1231791809208,346.696435726523
9568,256.61645637101304,303.00622050427575,281.27667921771973,296.4850942388195,361.0786569505221,319.2089979853256,358.5598849892914,294.0507069438468,333.1559589180652,346.7273330631728
9569,256.64510677312165,303.04021045700694,281.3051102323516,296.5065874307452,361.11674760385364,319.24151716807796,358.59602887600613,294.0805924664984,333.18873732544665,346.7582092527875
9570,256.67374464337195,303.07420161376683,281.3335392112422,296.5281130309597,361.154839108942,319.2740361387321,358.6321710786368,294.1104767306481,333.22151615234105,346.78908459952373
9571,256.70238177403985,303.10817174842794,281.3619703965598,296.5496672431302,361.19292994223633,319.30655489534354,358.66831420221047,294.14035790362044,333.2542956489766,346.8199642399349
9572,256.7310216635256,303.1421152986921,281.39040328184876,296.57123588951936,361.2310211144291,319.33907456600195,358.7044574793631,294.1702414556127,333.28707529078054,346.8508233113772
9573,256.7596428725386,303.17605489133894,281.41884159617143,296.5927810456046,361.26911364778425,319.371595356919,358.7405996279101,294.20012722012245,333.3198545593283,346.88167984333387
9574,256.78825655435884,303.2100011876793,281.447283343309,296.6143028140091,361.30720676934953,319.404116446561,358.7767415528068,294.230010130084,333.35263441692274,346.91252958006135
9575,256.8168633326859,303.24395147335895,281.47572693576745,296.6358027730418,361.34529735536216,319.4366376927918,358.8128824948427,294.2598935560048,333.3854142387792,346.9433884159317
9576,256.84547053368834,303.2778999335167,281.5041733321979,296.65731142988756,361.3833830247626,319.46915931935376,358.8490236499209,294.2897805983288,333.4181923269258,346.97425205631674
9577,256.8740731717634,303.3118437044092,281.5326224881928,296.6788183717696,361.4214710377857,319.50168160063663,358.8851652129647,294.3196731561268,333.4509708184267,347.00511235321983
9578,256.9026719072547,303.34578616584594,281.56107285324526,296.7003328656612,361.4595635586618,319.5342053365935,358.921307590054,294.3495673953644,333.4837501106208,347.035976000524
9579,256.9312531710482,303.37974398842005,281.58952418780603,296.7218608904918,361.4976568380456,319.5667305471453,358.9574504209759,294.37946471039845,333.51653037832097,347.066863171472
9580,256.95981789512064,303.4137053995719,281.61797627706903,296.7433111154671,361.53575339062377,319.599256828057,358.9935936295871,294.40936529913483,333.5493115875084,347.0977618938404
9581,256.98836383891785,303.4476634581066,281.64642325495896,296.76477559648634,361.57385322371124,319.63178332092536,359.0297368322159,294.4392666164082,333.5820943471511,347.12867038070965
9582,257.016913800624,303.48162225609786,281.67487138675193,296.7862006643671,361.6119533495607,319.66430680654787,359.0658788879143,294.46916845975164,333.6148789766938,347.15959098461536
9583,257.0454673117674,303.5155824954778,281.703320101575,296.80759886046394,361.6500556498167,319.6968318909553,359.10202060557907,294.49907062733047,333.6476640820213,347.19052407202145
9584,257.0739970776968,303.5495281857657,281.73176857073753,296.82902418132045,361.68815873350553,319.7293573003961,359.13816215808936,294.5289726802677,333.68044823446434,347.22147827254383
9585,257.1025093593026,303.5834661790608,281.76021629887623,296.8504705307947,361.7262586641325,319.76188195982394,359.1743045370854,294.55887597342195,333.71323130130236,347.25245591804867
9586,257.1310183305856,303.61739612624024,281.7886604315036,296.8718901655176,361.7643484622463,319.79440837753873,359.21044706958884,294.5887807938844,333.7460142841104,347.28344562340095
9587,257.159530789507,303.65134630587374,281.81710491193775,296.8933177105979,361.8024308743762,319.8269360169841,359.2465897575525,294.6186868882237,333.7787982489831,347.314437587424
9588,257.1880513685617,303.68530352069234,281.84555179598385,296.9147372659358,361.84051365871494,319.85946382433946,359.28273256543207,294.64859336610783,333.8115841384094,347.3454395335313
9589,257.2212884892978,303.72034970113197,281.87876253713205,296.9453081679421,361.87839800545737,319.8940518879074,359.31883616797495,294.6823068211462,333.84625680721786,347.3795250803645
9590,257.33920363556257,303.8390246524722,281.99666660396986,297.0621035023403,361.99761292511243,320.01253443016145,359.43780178344207,294.8004220278179,333.964774883673,347.49779656558997
9591,257.3445498914204,303.84831429840636,282.00216346438305,297.0620027083232,362.01033655423356,320.0206718904846,359.44863972315017,294.80651432759805,333.9732390095858,347.50499406542565
9592,257.37109916668066,303.8798251583819,282.0289026080503,297.0812624275416,362.0460153301966,320.0507459400845,359.4820388196848,294.8340145904966,334.0037195304799,347.5338967391887
9593,257.3997618921182,303.9135502425466,282.05776670291147,297.10245113595397,362.08398513336164,320.08301771242844,359.51769410721346,294.8636542728209,334.03640194447445,347.56496498386645
9594,257.42863974249985,303.94748595123554,282.0868405388042,297.1238008680457,362.1221803846078,320.1155068482687,359.553575039652,294.8935078383174,334.06930527136353,347.5962526381244
9595,257.4575384009995,303.9814414269271,282.11593536576066,297.1451624525697,362.16040016389934,320.1480165533213,359.5894785784196,294.9233824277463,334.1022301778192,347.62757050901007
9596,257.48641912798325,304.0153984965936,282.1450350486144,297.1664823954406,362.19862227085645,320.1805278751899,359.62538439797186,294.9532586705422,334.1351575983075,347.6589128965009
9597,257.51530105975394,304.0493640733523,282.1741360272205,297.1877749221782,362.2368432497134,320.21303670487623,359.6612904909361,294.98313276368276,334.1680853472464,347.6902658472946
9598,257.54415205291997,304.0833402574061,282.2032362822723,297.2090600669406,362.2750620595609,320.2455411968902,359.6971966755778,295.01300764606714,334.2010122011292,347.7216200572911
9599,257.57298635550546,304.11731823374424,282.2323429688907,297.23033698829784,362.3132924250674,320.27804469808314,359.733102878675,295.04287855049137,334.23394095662707,347.7529692192488
9600,257.60182041519863,304.15129055514836,282.26145392432386,297.25159888165194,362.35152854610925,320.3105490972256,359.7690090742118,295.0727499434084,334.26687114867957,347.7843107771204
9601,257.63065883462025,304.1852534264192,282.29056577338787,297.2728650872963,362.38976662368145,320.3430511491255,359.80491526850744,295.1026216674159,334.29980264840657,347.8156458050531
9602,257.65950043984924,304.2192158950408,282.3196767641606,297.29413748299123,362.4280103199979,320.3755533480344,359.84082149640966,295.1324936740403,334.33273448779454,347.84698113662597
9603,257.6883189782672,304.25318604665915,282.34878529857014,297.31542495433956,362.4662544285675,320.40805512409736,359.87672772712324,295.1623638375384,334.3656659483811,347.87831530453644
9604,257.717145896083,304.2871658272909,282.37789493137296,297.3367210667369,362.5044902133144,320.44055749244046,359.91263392920433,295.19223539290334,334.3985982232413,347.9096555247262
9605,257.74597663062156,304.32114761411407,282.407001100537,297.35802930024784,362.5427228832723,320.4730617091353,359.94854011420085,295.2221079794874,334.43153112160485,347.94100669856954
9606,257.77480492351043,304.3551157969328,282.43610414058867,297.3793078779123,362.58094961445624,320.5055669147066,359.9844463275886,295.251980910361,334.46446425091625,347.9723607195443
9607,257.80363719442613,304.3890872974476,282.4652072573124,297.4006036704172,362.6191763495877,320.53807343651226,360.0203525468653,295.2818532322835,334.49739789613403,348.0037146362207
9608,257.83246311929184,304.42306131047565,282.4943117220186,297.42191423022547,362.65740279905646,320.5705832660742,360.0562587362771,295.3117272328552,334.5303317005508,348.0350711766857
9609,257.86127605799476,304.45702061373004,282.5234097275325,297.4431960807114,362.6956230119772,320.603096279836,360.0921649260726,295.3416024352484,334.56326532844173,348.0664285824983
9610,257.89009505823594,304.49098025845046,282.55251096105826,297.4644853060234,362.7338413625269,320.63561003987616,360.1280711003583,295.37147889109434,334.596198966864,348.0977704373807
9611,257.9189209909849,304.5249338556981,282.58161345039633,297.48574947263575,362.7720581216548,320.6681229654677,360.16397730839105,295.40135572434735,334.62913303189356,348.1290864724971
9612,257.9477516573851,304.55888944308424,282.61071393481956,297.50700647084705,362.81026889763183,320.70063449341274,360.1998835282306,295.4312331418758,334.66206725499467,348.1604066474767
9613,257.9765889964409,304.5928573205446,282.63981111484384,297.52826112185073,362.84847324029073,320.73314688528126,360.23578968069984,295.4611120278754,334.6950023859011,348.1917403130319
9614,258.00542887058214,304.6268303647312,282.66890970768054,297.5494870880396,362.8866766019476,320.7656595548176,360.27169581406594,295.4909913182249,334.72793841973805,348.22308241955386
9615,258.03427037055843,304.66080831994026,282.697999748895,297.5707241451611,362.9248777803282,320.7981716000686,360.3076019486925,295.5208703639323,334.76087563376973,348.2544262577117
9616,258.06312032738873,304.69478764761726,282.727087627804,297.59192847349567,362.96307741913614,320.83068381961317,360.3435081496685,295.55074671751476,334.7938138902589,348.2857636076872
9617,258.09197442605176,304.72875332180286,282.7561764231223,297.6131407156255,363.0012707006315,320.86319579029214,360.37941436547015,295.5806252135442,334.8267523756577,348.3170892178467
9618,258.1208071835172,304.7627146180352,282.78526418499774,297.6343431304907,363.03946452490715,320.89570896080335,360.4153206072505,295.6105045809398,334.85969034174195,348.34842327697595
9619,258.1496366212384,304.7966754829132,282.81435589284627,297.65551009255256,363.0776647166797,320.9282259987676,360.45122696490233,295.64038410423103,334.89262831066884,348.3797646384617
9620,258.17846954168675,304.8306052267106,282.8434500966024,297.6766356622803,363.11586621119426,320.9607460892755,360.4871333703444,295.6702638023109,334.92556567118356,348.4111079975669
9621,258.2072986279943,304.86453121484004,282.87254568948015,297.69776117611525,363.1540630726498,320.99326790012,360.5230397778381,295.7001419859039,334.95850366466226,348.4424488107694
9622,258.2361182457347,304.8984474216199,282.90164174706274,297.71889209644917,363.1922477861697,321.0257904115129,360.5589461544225,295.7300229067085,334.9914422207862,348.47379394377674
9623,258.26494064004567,304.93235774830737,282.9307419509297,297.7400220272454,363.23042447542446,321.0583140641714,360.5948525336444,295.75990663706,335.0243821457266,348.50515783513504
9624,258.2937675870769,304.9662852147894,282.9598495605172,297.7611367979975,363.2686024269113,321.09083805326827,360.63075890454155,295.7897913283045,335.0573239555709,348.5365378741409
9625,258.3225829778742,305.00021771956193,282.9889596800636,297.7822518885225,363.3067811753026,321.1233614931558,360.66666518618234,295.8196727946742,335.0902662347114,348.5679218552535
9626,258.35140844505577,305.03413730268863,283.0180645257521,297.8033420517267,363.3449615919315,321.1558856620947,360.7025714575515,295.8495554234808,335.12320746332085,348.59930761075975
9627,258.3802422343356,305.0680508854096,283.0471658492819,297.8244038539337,363.38314384542724,321.18840970726774,360.7384777306597,295.8794383713182,335.1561489596598,348.6307086939945
9628,258.4090788148565,305.1019564134892,283.0762674698724,297.84547818937034,363.42133016868354,321.2209346059911,360.77438404282594,295.90932143538066,335.18909149034334,348.662113849293
9629,258.43790760975213,305.13585737177897,283.1053775944813,297.86656355122517,363.45951715882416,321.25345989748223,360.81029036410257,295.93920281264286,335.2220343578867,348.69352531973163
9630,258.4667257498521,305.1697659282965,283.13449430472537,297.88766966334947,363.4977010274735,321.28598031007806,360.8461967048041,295.9690862680359,335.25497678238264,348.72494037220935
9631,258.49555089677926,305.20367779227985,283.16361255924625,297.9087555425886,363.5358813594893,321.3184983326373,360.88210305660283,295.99897087981253,335.2879188170267,348.7563504297221
9632,258.52437892022584,305.23758953559496,283.19272768399475,297.929856796031,363.5740578113334,321.35101552542426,360.9180093486204,296.02885625242044,335.32086026244343,348.78776127246164
9633,258.5532088700236,305.2714886293438,283.2218369354973,297.95094817700726,363.6122378508606,321.3835325658299,360.95391561176496,296.0587435158441,335.3538025854358,348.81916689184
9634,258.5820430162754,305.30538337252216,283.2509483823869,297.9719814587908,363.65042712637114,321.4160510575963,360.98982180906665,296.08863141972347,335.3867451809403,348.8505510243854
9635,258.6108820535606,305.339280089579,283.28006356114304,297.99298644824165,363.68861832179914,321.4485711143369,361.0257279526503,296.11851915464985,335.4196874025229,348.88192849072743
9636,258.63973376291995,305.37317846926493,283.30918026582646,298.0140132265332,363.7268073415713,321.4810916566872,361.0616340255376,296.1484069627261,335.4526308023405,348.91330170954814
9637,258.6685970499692,305.40708647730725,283.33829427900565,298.0349869692956,363.7649992333956,321.5136112913213,361.0975401031593,296.17829404849044,335.4855744520705,348.9446818973166
9638,258.6974643123989,305.4410042769905,283.36740701002475,298.05591959367666,363.8031933040643,321.54613148175986,361.13344617907825,296.2081775755947,335.518517794336,348.9760695211279
9639,258.72634109209577,305.4749236786025,283.3965209444532,298.0768511771989,363.8413868882051,321.5786520533354,361.16935227946544,296.23806130237625,335.5514611987184,349.00746151883413
9640,258.7552401635751,305.50883138816863,283.4256328058111,298.09779454847813,363.8795736280846,321.6111737857122,361.2052583806154,296.26794402950753,335.58440405062373,349.03885504529524
9641,258.7841506091985,305.5427408540586,283.4547449449456,298.1187451503551,363.9177655575081,321.64369796628785,361.2411644000845,296.2978235289704,335.61734685626226,349.07022529566683
9642,258.81307213704576,305.5766489616482,283.48385885175196,298.13969995649626,363.955958795788,321.6762231169526,361.2770704182917,296.3277023084661,335.6502898411775,349.1015813863937
9643,258.8419986043926,305.61055829486503,283.5129756059412,298.16060577147505,363.99415039975406,321.7087488570416,361.3129764662821,296.35758404642155,335.68323237387597,349.132942739755
9644,258.87091958077684,305.644462394076,283.54209297207956,298.1814923433645,364.03234224119507,321.7412774029202,361.3488825169142,296.38746695510935,335.716175765274,349.1643124789948
9645,258.89984498223555,305.6783665757885,283.5712071028207,298.2023882749117,364.0705389099081,321.7738068580333,361.3847884945372,296.4173500345567,335.7491194151936,349.19569668803945
9646,258.9287633878522,305.7122678135293,283.60032174130237,298.223308118904,364.10873643210675,321.80633453583414,361.4206945143281,296.4472326139162,335.7820623969336,349.2270852357318
9647,258.95768128454125,305.7461725635989,283.62943241897835,298.24416316149353,364.1469291513865,321.8388586712623,361.45660058098224,296.47712049881454,335.81500440050723,349.2584715461909
9648,258.98660191644603,305.78006030744103,283.6585469733396,298.26503646169215,364.1851164782142,321.8713793906052,361.4925066720824,296.50701007534263,335.8479458590658,349.2898598608008
9649,259.0155193246085,305.8139280270157,283.687664516161,298.28592517229856,364.22329143921934,321.90389890780773,361.5284127624039,296.53689994029395,335.8808882161547,349.32124868608946
9650,259.044406199446,305.84778083781123,283.71678287686564,298.30677869010265,364.2614727429013,321.9364189676569,361.56431878493214,296.566792585391,335.91383087086075,349.3526295472176
9651,259.0732622340966,305.881638367665,283.7459066865279,298.3276423451793,364.2996608860761,321.9689358282229,361.6002247458859,296.5966893178949,335.9467732073163,349.3840119768743
9652,259.1020977045377,305.91549861039886,283.7750348916917,298.3484753957514,364.3378506845828,322.00145245808295,361.6361306901767,296.62659111865156,335.97971535030433,349.4153927680499
9653,259.13093500982455,305.9493609923746,283.8041639876866,298.3693302054749,364.3760404666448,322.0339666442215,361.6720366348331,296.65649445722136,336.0126577302644,349.44677904280877
9654,259.15976555331144,305.9832236138933,283.8332893087539,298.39021462655063,364.4142291184543,322.06648009684625,361.70794255674076,296.6863969318015,336.0456001648942,349.4781782951255
9655,259.1885913180327,306.01707430013283,283.8624105843468,298.4111379688059,364.4524161921139,322.09899192615813,361.743848476766,296.71629908029354,336.07854247108037,349.50958399048335
9656,259.21741666494836,306.0509228978995,283.8915336303848,298.43207747850204,364.4906097976914,322.13150202774494,361.7797543925884,296.7462015384462,336.1114848574623,349.5409923611317
9657,259.24624860887604,306.08479315415696,283.9206578492245,298.4530278125898,364.52880585949663,322.16401028980505,361.81566032818813,296.7761040759187,336.1444269268891,349.5724018430468
9658,259.2750799018323,306.11866995595005,283.9497717207998,298.47400294734115,364.5670020233948,322.1965179803932,361.85156627598667,296.8060086395677,336.17736893116046,349.60381522289845
9659,259.30390018068994,306.15254137121957,283.97888993397765,298.49493315800595,364.60519841882365,322.22902087494066,361.8874722262563,296.83591400761804,336.2103106205026,349.63523002176044
9660,259.33272270718743,306.18639264759196,284.0080147636402,298.51588348987895,364.64339468355524,322.26152356788685,361.9233781403087,296.86581961087006,336.24325213310533,349.66664627088136
9661,259.3615232423368,306.22023103934043,284.0371492370134,298.53682174604296,364.68158711928294,322.29402574888707,361.95928406529504,296.8957265324762,336.27619328421645,349.6980647062872
9662,259.39031355349823,306.25407980225594,284.0662908973816,298.55775033522156,364.7197814331818,322.3265312944391,361.9951899896751,296.9256344616869,336.30913407487265,349.72947756729036
9663,259.41912273251756,306.287944148626,284.09543524475197,298.5786503125402,364.7579837260551,322.3590378041505,362.0310959706924,296.95554261536216,336.3420737700011,349.76089134721985
9664,259.4479439104085,306.32182358255596,284.12458214248164,298.5995503877513,364.79619637431506,322.39154388840666,362.0670019984274,296.9854516937394,336.3750119466398,349.79230807519184
9665,259.4767698289437,306.35571012958405,284.1537374561134,298.620447966315,364.8344146086283,322.42405225079506,362.102908048644,297.01536143317145,336.40794942983024,349.82373429885354
9666,259.50560418870356,306.38960900863265,284.18289980425226,298.6413547397361,364.8726375716383,322.456561226444,362.13881410057627,297.04526900148517,336.4408872369206,349.85516424850096
9667,259.5344515940661,306.42351891109337,284.21206393676414,298.6622690303227,364.9108672809898,322.4890684008165,362.17472010859086,297.0751770250339,336.47382566219545,349.8865945561325
9668,259.5633035822359,306.4574352073748,284.24122606398885,298.68317926206,364.94910547199504,322.5215757295166,362.21062609674647,297.10508624624896,336.5067642641473,349.91802548615163
9669,259.5921513856558,306.4913617312047,284.2703783265453,298.70409788410586,364.98734579443226,322.55408397980494,362.24653210780673,297.13499585431947,336.5397022274858,349.94946669905096
9670,259.62100207461253,306.52529077623075,284.29953034846517,298.7250218484694,365.0255936678396,322.5865934007786,362.2824381816293,297.1649043541374,336.5726400340981,349.9809177544804
9671,259.6498307368391,306.55920878566894,284.32868447399613,298.7459409599691,365.06385039342786,322.6191028956322,362.3183443755987,297.1948110580952,336.6055772625849,350.01237614482494
9672,259.6786616374843,306.59311582793555,284.35782813031926,298.766830598051,365.1021087258591,322.65161233604385,362.354250637888,297.2247183204421,336.6385146569677,350.04383639955546
9673,259.7074765392751,306.62702133368964,284.3869627631203,298.78772837870406,365.1403681443903,322.68412475218497,362.3901569544206,297.2546257561689,336.6714513313315,350.07528790277485
9674,259.7362881932871,306.66092068799855,284.41609399395816,298.80863552329146,365.1786283273729,322.7166382478362,362.42606329114676,297.2845325573934,336.70438853385264,350.10672545406214
9675,259.7651013031375,306.6948199062206,284.44522975724414,298.8295283065599,365.2168907033677,322.74914959753363,362.46196965631253,297.3144405378946,336.7373260910223,350.13816609546313
9676,259.7939127356695,306.72872203713223,284.4743708848914,298.8504277340471,365.25515263858,322.7816579115979,362.4978760264485,297.3443477248245,336.7702619981718,350.16961309289564
9677,259.82272895276316,306.7626260242573,284.5035152197037,298.8713440692923,365.293409002171,322.81416633530336,362.5337823565126,297.3742557513042,336.8031971770401,350.2010610833548
9678,259.85153968559365,306.7965312123796,284.5326607578029,298.8922864716407,365.3316662739715,322.8466751134469,362.5696886686659,297.40416277779923,336.83613174601857,350.23250913270533
9679,259.8803455412253,306.8304217667623,284.56180417886264,298.91325215517145,365.3699205540295,322.8791817815968,362.60559499404377,297.4340668360446,336.8690661620837,350.2639547102517
9680,259.9091659736947,306.86431396023784,284.5909539412701,298.9342351015235,365.40817175527144,322.9116867716643,362.6415013638454,297.4639688586832,336.90200028641596,350.29538895609784
9681,259.9379939492896,306.89819864422424,284.6201091407244,298.95522986897345,365.4464195664723,322.9441905422073,362.6774078099075,297.49387209303444,336.93493489847884,350.3268196934872
9682,259.9668241042158,306.9320553014054,284.64926835718444,298.9762383095152,365.48466829084964,322.9766953221764,362.71331427528776,297.5237764141227,336.96787056837655,350.3582578555001
9683,259.9956474360729,306.9659013317096,284.6784311219233,298.9972178791714,365.52291327684577,323.00920057516885,362.74922073946937,297.5536808675377,337.0008069435313,350.38969929419926
9684,260.0244748945227,306.9997512889422,284.7075965410627,299.01820563068253,365.56115828062417,323.04170724337143,362.7851271922677,297.5835857486814,337.03374342869546,350.42114882168283
9685,260.05329465070304,307.0336082607732,284.7367664053529,299.0391902144045,365.5993963095485,323.0742146553288,362.82103362138304,297.61348774620564,337.06667767868845,350.45261149722376
9686,260.0820854526132,307.06746638802974,284.7659378445032,299.0601650782845,365.63763126281896,323.1067240593112,362.8569400538599,297.64338761680517,337.09961096278124,350.48408262835625
9687,260.11087136647103,307.1013192022537,284.79511096420526,299.0811630447637,365.6758625504315,323.1392342395394,362.8928464934763,297.67328453598844,337.13254330850924,350.5155680960861
9688,260.13968240616254,307.13517216181197,284.82429130910856,299.10218413924605,365.71409127648775,323.17174083687627,362.9287529368104,297.7031830238455,337.16547558753024,350.54705814484504
9689,260.16850514238695,307.1690217035745,284.8534745463744,299.1231694389249,365.75231508113643,323.20424883632944,362.9646594263764,297.73308537560706,337.1984068083319,350.5785462017499
9690,260.1973301986486,307.2028765942633,284.8826513010229,299.14412919711395,365.79053757223306,323.23675956074334,363.0005659245547,297.7629887330626,337.2313377612969,350.6100362108674
9691,260.22615757301253,307.2367403631592,284.9118251662774,299.1650681412231,365.8287563304197,323.26927307747275,363.03647241635184,297.7928923618228,337.26426888975436,350.6415363587829
9692,260.2549614100379,307.2706056438092,284.94099685806384,299.1860221873258,365.8669712715973,323.30178799274694,363.07237891422426,297.8227963379332,337.2971993780525,350.67303965723096
9693,260.28374141975075,307.3044628973481,284.97016214238033,299.20693839286133,365.9051808571411,323.33430632263486,363.1082854056131,297.8527008702298,337.3301297862596,350.704542371418
9694,260.31252357203647,307.3383329964291,284.99932473690563,299.227850946934,365.94338969983244,323.366826704106,363.14419183281274,297.882605774864,337.3630604712898,350.7360463380257
9695,260.3413032935062,307.37220624368126,285.02848553572835,299.2487849443433,365.9815980354642,323.3993473896326,363.1800982968711,297.91250859861873,337.3959917808857,350.76755369374564
9696,260.3700718766938,307.4060785702234,285.05764640143354,299.26973470645527,366.0198116369056,323.431864366416,363.21600476673177,297.9424086758972,337.4289237882046,350.79907024703346
9697,260.3988320483402,307.43993974071907,285.08681683180566,299.29067995126286,366.0580333256249,323.46437983608007,363.25191120138925,297.9723094144682,337.461856472841,350.8305926508919
9698,260.42758441146975,307.4737980439534,285.1159970153897,299.31164975652695,366.09625620132306,323.4968920464413,363.2878175917442,298.00221080195803,337.494789345987,350.8621132675044
9699,260.4563349589748,307.5076560957931,285.14518029809784,299.33263342316195,366.13447522261157,323.52940493829027,363.3237239807956,298.03211025436246,337.5277220552619,350.8936362116281
9700,260.485069937749,307.54149626694766,285.17436398021937,299.35358761070603,366.1726939175706,323.5619183070757,363.35963038032776,298.06200383827553,337.56065358109566,350.92515012976173
9701,260.5138073534718,307.57532938205145,285.2035490465283,299.37456603409925,366.2109130218801,323.59443174704506,363.3955367901583,298.091898652548,337.59358402402137,350.95666577723813
9702,260.5425530690019,307.60916641724015,285.2327358622133,299.3955651523609,366.2491287763035,323.6269414651173,363.43144318652116,298.1217942906674,337.6265133677989,350.9881827245763
9703,260.57130227015074,307.6430139005963,285.2619157652048,299.4165742916646,366.2873343113312,323.65944988131434,363.46734959356957,298.15169032981817,337.6594431364931,351.0196976198708
9704,260.60005879209206,307.6768757537601,285.2910894941757,299.43756737309184,366.32553770484697,323.69195535472795,363.5032560000866,298.18158729127896,337.6923730148306,351.05121623576434
9705,260.6288210895568,307.7107579869246,285.3202605181048,299.4585452336229,366.363744122144,323.7244592642637,363.5391623949826,298.2114843128797,337.72530141943764,351.08274755628184
9706,260.6575846655738,307.744645355865,285.3494326552666,299.47952914041167,366.40195072332403,323.75696359731853,363.5750688054644,298.2413818161246,337.75822897299435,351.11428282431876
9707,260.6863504880918,307.77852363466576,285.3786056256368,299.5005348236558,366.44015503540675,323.78946952356324,363.6109752527437,298.27127796395814,337.79115617239665,351.14579734946653
9708,260.71512491716936,307.81239899126655,285.4077790144115,299.5214753748358,366.4783676758107,323.8219771805012,363.64688171154535,298.3011723892287,337.8240837999862,351.1773179997458
9709,260.74390572727765,307.8462772464737,285.4369501430771,299.5423934738504,366.5165857365295,323.85448526264224,363.6827881703388,298.33106502710643,337.8570118332951,351.2088488540213
9710,260.77268941843096,307.88013869299897,285.4661172863023,299.56331976873395,366.5548076151242,323.88699295801365,363.7186946094398,298.3609552074475,337.88993976837673,351.24038591461
9711,260.80147661123146,307.91399680549733,285.49527830991224,299.5842509756056,366.5930303018314,323.9195032093569,363.7546010762809,298.39084664408995,337.9228673724822,351.2719312757587
9712,260.8302675044319,307.9478570061166,285.5244353730571,299.6051969386397,366.63125734286115,323.9520144864702,363.79050756884965,298.4207387225306,337.9557946451854,351.3034849383289
9713,260.85907218333665,307.9817043048664,285.5535989889209,299.62616416187313,366.6694847261123,323.9845282440996,363.82641407108645,298.45062755393286,337.98872237166404,351.3350407817299
9714,260.88788119724785,308.0155629906014,285.58276883062007,299.64714147192564,366.7077046311909,324.0170428297748,363.8623206040613,298.48051401557024,338.02165018627943,351.36658925261924
9715,260.91668941034857,308.04942443977,285.6119405453203,299.66812407006535,366.7459322723033,324.0495589845072,363.89822714071494,298.510400900444,338.05457698956815,351.3981228240899
9716,260.94549292436625,308.08327997644886,285.6411104139632,299.68910714105533,366.7841722538962,324.08207593592624,363.93413364420144,298.5402832009768,338.08750379672506,351.4296782615203
9717,260.97428774291063,308.1171368217534,285.6702811036677,299.7101129924684,366.82241425786054,324.11459256434995,363.97004005246305,298.5701653686882,338.1204307019859,351.461245117076
9718,261.00307896645916,308.1509731155746,285.69944686967625,299.73104709813805,366.86065811795766,324.14710928399785,364.0059464606262,298.60004805224435,338.1533583176595,351.49281383472317
9719,261.03186529449334,308.1847992525548,285.7286110003784,299.7519529165308,366.8989032622286,324.17962411443955,364.04185282163775,298.6299316125385,338.18628656434674,351.524383116849
9720,261.06062456257195,308.21862343372663,285.75777232574546,299.7728562964368,366.9371459405355,324.2121368136215,364.07775915353534,298.65981396616456,338.21921494198574,351.5559380107949
9721,261.0893785910363,308.2524458945907,285.78693275653126,299.7937299343907,366.9753862646428,324.24464736171154,364.11366552129476,298.68969313106834,338.2521435428197,351.58749880251247
9722,261.1181341999791,308.2862704202893,285.81608615144347,299.81457086246826,367.01362862793223,324.27715399608184,364.14957191743724,298.71957078164667,338.28507240823234,351.61906439247196
9723,261.14687990664197,308.32010286680935,285.84523689088036,299.83539553911714,367.05187451177136,324.3096571211269,364.1854783173207,298.7494512717428,338.31800153839737,351.650634189487
9724,261.1756158579941,308.3539373116839,285.87438729693645,299.85624944502183,367.09012474770105,324.3421597842737,364.2213846963193,298.77933284933107,338.35093072301595,351.6822051432388
9725,261.2043419940693,308.3877583994657,285.9035379886495,299.8771309448956,367.12837549489706,324.37466353284924,364.2572910936337,298.8092109379564,338.3838590748603,351.71377317197465
9726,261.23306700136123,308.42158367926646,285.93269108650924,299.8979836297954,367.1666254671754,324.4071683599682,364.29319753202395,298.8390879717442,338.4167868238444,351.7453416795114
9727,261.2617814786629,308.45541769493906,285.96183719779424,299.91887182142176,367.20487542653393,324.439673406364,364.3291040024818,298.86896405241254,338.4497138291081,351.7769100118424
9728,261.2950785415385,308.49042911099053,285.9952868991389,299.9492444555285,367.2429050853851,324.4742541547095,364.36498773927514,298.90266650691683,338.4844320494183,351.8111817613321
9729,261.4130188635018,308.60908946128774,286.1132913292592,300.0659565174089,367.36214034873535,324.5927336245702,364.4839225735373,299.0207770933642,338.6029692575041,351.9295314516733
9730,261.41812576449166,308.61795131973696,286.11901650836427,300.0657914803637,367.374879843724,324.60109244074135,364.49480263741015,299.0269344498129,338.61190188033487,351.936979717008
9731,261.44435374249787,308.6489424974683,286.14604890219726,300.0849838308186,367.4105814601248,324.63144248208187,364.5282539408215,299.0545181696157,338.6429661594931,351.9661902865862
9732,261.4727076373388,308.68214253355393,286.1752136121697,300.1061188480236,367.4485878535943,324.6639894423423,364.5639627685196,299.08424580598086,338.6762440368323,351.9975788550446
9733,261.5012807563807,308.7155617969767,286.2045936025399,300.1274537381934,367.48683275149335,324.6967550968183,364.5998975954665,299.1141880864803,338.7097427470473,352.02917564115296
9734,261.5298854906962,308.74901327133296,286.2339968045761,300.14881214285424,367.52511037632274,324.7295410488536,364.6358549570124,299.14414952975113,338.74326348948017,352.06078743893386
9735,261.55850374850246,308.78247434669976,286.26340293495275,300.1701738330688,367.56339168074004,324.762328245838,364.6718143491378,299.1741118644589,338.77678707909166,352.0924019516797
9736,261.58712555777544,308.81593620571886,286.2928111626925,300.19153497759214,367.60167060599457,324.7951154058178,364.707773834679,299.2040746743098,338.8103110256283,352.1240172647649
9737,261.61574998582654,308.84937008285345,286.3222204555968,300.21291307628445,367.63994492221315,324.82789826276036,364.7437331296595,299.23403962884436,338.8438347869038,352.1556299083949
9738,261.6443760951954,308.882792666329,286.3516244193072,300.2343160416325,367.67821892631946,324.86068116871456,364.77969233431105,299.26400515079456,338.8773586471721,352.18723004244794
9739,261.6729938898251,308.91620893823807,286.38102402754464,300.25565550390843,367.7164942808097,324.89345908052474,364.8156513272696,299.29397017156714,338.9108823188275,352.2188302517097
9740,261.7016188741383,308.94963103314797,286.4104252311238,300.276976774643,367.75476948883625,324.9262360430265,364.8516104354881,299.3239393698031,338.94440566873084,352.25042750576034
9741,261.7302472871942,308.9830730612584,286.43982724662925,300.298257186211,367.7930401480657,324.9590205009816,364.88756973938155,299.3539102146796,338.9779294317328,352.2820101303547
9742,261.7588698512018,309.0165258849179,286.46923655031264,300.31952264266414,367.8313098901166,324.99180730598266,364.92352907639616,299.3838802119092,339.0114534066353,352.3135783640397
9743,261.7874839996706,309.04998806588077,286.4986536689148,300.3407877533034,367.86958612024756,325.0245901437052,364.95948815484826,299.41385401331524,339.0449780029028,352.3451535322341
9744,261.81610007549943,309.08346316418493,286.52807711077133,300.36208658725957,367.9078662328225,325.05737022716886,364.9954469770408,299.4438308194065,339.07850356132775,352.37673689560006
9745,261.84471962423027,309.11694159859576,286.5575059899786,300.38341023387034,367.94614990050366,325.0901458416273,365.03140560343536,299.47381057864146,339.11202940539454,352.4083224411817
9746,261.87332775725906,309.1504154000444,286.58693677186494,300.404740724624,367.98443316533405,325.12292108159687,365.0673642410099,299.50379405920506,339.1455552441048,352.4399139149638
9747,261.9019206628259,309.18388137387785,286.6163654018154,300.42607368607395,368.0227071178185,325.1556967712318,365.1033228711219,299.5337790024719,339.17908075881604,352.4715161086427
9748,261.9305080434292,309.2173514469954,286.6457962090561,300.4474160315307,368.0609798013836,325.18847385828207,365.1392813508819,299.56376637835655,339.21260633128844,352.5031207548277
9749,261.9590961898404,309.2508225241833,286.67522344668083,300.4687608429149,368.099253898885,325.2212524585048,365.17524015905764,299.59375876812317,339.2461315571668,352.5347157644454
9750,261.98769601976477,309.28428632901506,286.70465096242606,300.4900925273681,368.1375317890674,325.25403142932424,365.21119930153765,299.62375321864477,339.27965622700384,352.56631281150055
9751,262.01630078908033,309.31775175267205,286.7340785902555,300.5114325466243,368.17581469873727,325.2868084096769,365.2471587792818,299.6537479792835,339.3131808966046,352.59792674634303
9752,262.0448945951702,309.35121502372937,286.7634974836739,300.5327833485109,368.21409861904715,325.3195848951021,365.2831186950702,299.6837404439586,339.34670590477447,352.6295466700968
9753,262.07346339802064,309.38467887455977,286.7929102632967,300.5541332443806,368.25238487018555,325.35235838957055,365.3190787170793,299.7137280948554,339.3802322549323,352.6611653931745
9754,262.10200995614287,309.4181465024492,286.8223271085317,300.575499461305,368.2906715057435,325.3851256823893,365.355038677876,299.74371092917784,339.41375913814994,352.69278500672476
9755,262.1305396336369,309.4516144680501,286.85174961075205,300.5968467885137,368.32896109995266,325.4178898507639,365.39099855457243,299.7736946238852,339.44728613444846,352.72441719938246
9756,262.1590505615011,309.4850786240529,286.8811798959951,300.61816857863806,368.3672524781267,325.45065607651543,365.4269588976996,299.803679251461,339.4808131395156,352.7560541213304
9757,262.18755851707107,309.51853851483395,286.91061792136,300.6395243659969,368.4055489859187,325.4834259238114,365.4629193545406,299.8336656305036,339.51434068467074,352.787701604627
9758,262.2160731245501,309.55200133239265,286.9400581332412,300.6609006770575,368.4438461218266,325.51619682277857,365.49888009930777,299.86365262056245,339.5478686010862,352.8193645126656
9759,262.2446001506566,309.5854661114928,286.9694971102463,300.6822824373928,368.482135753703,325.5489665621409,365.5348410900501,299.8936411892807,339.58139654673136,352.85103142568335
9760,262.27313031972744,309.6189128048125,286.9989422923915,300.7036259635781,368.5204262239652,325.5817344463265,365.5708023936952,299.9236306538424,339.6149239171856,352.88269441707337
9761,262.30166194659347,309.6523518045705,287.02839146089264,300.724986306273,368.5587212535058,325.6145019104246,365.60676387838055,299.9536211964649,339.6484513423139,352.9143474159157
9762,262.33017707033207,309.6857753197816,287.0578411538866,300.74630366612496,368.59701703631947,325.647270059,365.6427254371359,299.983613852839,339.6819796162383,352.94600074526096
9763,262.35869473848487,309.7192003587623,287.08728419979826,300.7676236208353,368.6353095663713,325.6800364342164,365.6786869585371,300.01360916271005,339.7155081263805,352.9776486052762
9764,262.3872171884137,309.7526110539383,287.1167147762712,300.78896389234063,368.67361293941025,325.7128023813803,365.71464786510677,300.0436055055864,339.749036612908,353.00928497063194
9765,262.41574153861933,309.78601119487536,287.1461507910047,300.81028559374136,368.7119192761207,325.74556845252835,365.7506087216921,300.07360209338816,339.78256477187364,353.04091305403733
9766,262.4442624020222,309.81940687665644,287.17559198517426,300.8315752452598,368.75022475609956,325.7783367357401,365.78656964757533,300.10360268660025,339.81609347142444,353.07254987114686
9767,262.47278134905986,309.85280490108414,287.20503457649664,300.8528838355271,368.78852654553725,325.8111085332912,365.8225305685158,300.13360546257394,339.8496223858532,353.10418983750947
9768,262.5013056469422,309.88620272866575,287.23447748048807,300.8742171295488,368.8268234759413,325.84388114628297,365.8584912322418,300.16360858283053,339.8831498249568,353.1358300173575
9769,262.5298242474408,309.91959757412707,287.26391613732324,300.8955665740447,368.8651208983465,325.8766545187912,365.8944522003054,300.1936100240742,339.9166776173652,353.1674570337627
9770,262.5583478999886,309.95299149497725,287.2933576662959,300.9168984310546,368.90341805555073,325.9094305095258,365.9304132662445,300.2236115489567,339.9502055250485,353.1990685388849
9771,262.5868742787222,309.9863869744983,287.3228075136942,300.9382515403509,368.9417123946163,325.9422077992766,365.9663741744791,300.25361200820305,339.9837319711602,353.23067720932784
9772,262.61540171198345,310.0197683452798,287.35226400718176,300.959617306838,368.98000636999126,325.97498524232043,366.0023351648102,300.2836105964349,340.01725902766486,353.2622845363099
9773,262.6439316131164,310.05314496128943,287.38172632808096,300.98096783389406,369.01830522494055,326.0077626755512,366.03829622451536,300.31360661067794,340.05078621187903,353.2938861943292
9774,262.67246961793757,310.08652240866456,287.41119031731455,301.00233360245335,369.05660514056893,326.0405434930865,366.0742574680317,300.3436048199978,340.0843115010584,353.32548449059044
9775,262.70097430601976,310.11988343111557,287.4406544491212,301.02366263546327,369.0949040188521,326.07332511777145,366.1102188224116,300.373604693287,340.1178360000762,353.3570877653367
9776,262.72949202542117,310.15324246573806,287.47011886448945,301.04500197616954,369.13321134114705,326.1061049210367,366.14618038670835,300.4036049920403,340.15135978918187,353.38869952624435
9777,262.7580148479783,310.18660892973617,287.49958003543696,301.0662724149111,369.17152033514276,326.1388793294112,366.18214199498516,300.43360877296993,340.18488215685517,353.4203133776801
9778,262.78653756304476,310.21998946911793,287.5290423985632,301.0875358122623,369.2098230316541,326.17165085567564,366.21810340932217,300.46361779119167,340.21840477912355,353.4519259535374
9779,262.81505905668917,310.25337409580624,287.55851329572835,301.1087720167781,369.2481181388637,326.2044254520608,366.25406458660007,300.4936301252291,340.25192837682596,353.4835289357558
9780,262.84359148371766,310.2867614473967,287.5879906568539,301.1300004079537,369.28641287461323,326.23720094690617,366.29002588900363,300.523643257676,340.28545392188397,353.51512589824796
9781,262.87214728034985,310.3201495504405,287.6174764103791,301.15121007749315,369.3247024128774,326.2699741741582,366.3259873565025,300.55365819737904,340.3189813057332,353.54670478669993
9782,262.90071029683736,310.3535590395799,287.6469651065125,301.1724086321367,369.3629920440588,326.3027469634987,366.3619488547427,300.58367459403837,340.35250910533045,353.57827299463054
9783,262.92927400045136,310.38697715429197,287.67645395844164,301.1936007698081,369.4012780388764,326.3355181087755,366.3979103211091,300.6136915087361,340.3860364876443,353.609843873633
9784,262.9578350123062,310.4203949076325,287.70594995708797,301.2147671512721,369.43956331511123,326.3682879818421,366.4338716177279,300.6437042597119,340.4195635438401,353.6414162320244
9785,262.9863964974164,310.45379153793994,287.7354523135824,301.2359343275691,369.47784997348583,326.4010534822719,366.4698329937597,300.67371735086743,340.45309076648954,353.6729917203382
9786,263.01496447937967,310.4871795412506,287.7649602389402,301.25710373701395,369.51613762402314,326.4338184263149,366.5057944132583,300.7037296183978,340.4866185754385,353.70458068575823
9787,263.0435139496123,310.52056127880667,287.79447063622,301.278256585702,369.5544310746173,326.466581538649,366.5417555584565,300.73374229818177,340.52014656614773,353.73617438113126
9788,263.0720503536447,310.55392650764463,287.82398206827986,301.29940736125144,369.5927253469487,326.499346179984,366.57771646347993,300.76375679170303,340.55367435985056,353.7677529142607
9789,263.10058052579853,310.58730246113277,287.85348260667826,301.3205378612622,369.6310138700331,326.5321119396077,366.6136771650879,300.7937723444148,340.5872017902997,353.799335022601
9790,263.1290968812359,310.6206818322056,287.88298364123796,301.3416583572942,369.6693025983411,326.5648787146887,366.6496378534436,300.82378822281146,340.62072923703573,353.8309198832854
9791,263.15759999374467,310.6540566335651,287.91247793280866,301.36275723519054,369.7075921045511,326.5976492416775,366.6855982667585,300.85379894122866,340.65425539030696,353.8625054757485
9792,263.1861049799339,310.68741733703735,287.9419747840833,301.38383725357517,369.745880988104,326.63042092114495,366.7215585143845,300.883807297476,340.68778190184366,353.8940881500324
9793,263.2146098758631,310.72077043930875,287.97147299718745,301.40491365826404,369.78416673441336,326.66319004210555,366.7575189715434,300.9138154264499,340.7213093064323,353.9256698258224
9794,263.2431083874286,310.75412402242523,288.0009702530116,301.4259841237719,369.8224526634289,326.69595783178755,366.7934795391728,300.94382399903753,340.75483693911394,353.9572540598153
9795,263.27160268223736,310.7874756512183,288.03047159027096,301.4470412268421,369.8607335332581,326.72872621794073,366.82944009635764,300.9738320138542,340.7883644335343,353.9888404915599
9796,263.3000958039317,310.8208096238051,288.0599743354126,301.4680844527095,369.89901023654596,326.7614927736908,366.865400423044,301.003839454305,340.82189234099604,354.0204338996927
9797,263.3285764936995,310.8541488586826,288.08947430113835,301.48914004267374,369.93728560777436,326.79426023793565,366.901360408317,301.033844877701,340.8554204215788,354.05202946877796
9798,263.35705377368464,310.88748913646543,288.11897568981874,301.5101998053272,369.97556417134183,326.82702596128075,366.93732023316306,301.06385303686653,340.88894850117805,354.0836241367154
9799,263.38552484749147,310.9208115542821,288.14847404473284,301.53125730330834,370.0138467478829,326.8597892256706,366.9732798773227,301.09386217972536,340.92247578912765,354.11521312817894
9800,263.4140025469844,310.95413891577886,288.1779595968432,301.55231948253135,370.05213663198583,326.8925518920481,367.00923953926207,301.123871185033,340.9560018339959,354.14678472277996
9801,263.44248236716817,310.9874726913329,288.20744109893684,301.5733842961238,370.0904295117595,326.9253126540564,367.0451993839947,301.1538840758164,340.98952692860104,354.178353568968
9802,263.4709601822812,311.0208079068046,288.2369228397457,301.59448131124174,370.1287242796075,326.9580722221012,367.0811594121441,301.18390155017386,341.0230528313167,354.20992428782813
9803,263.4994398131126,311.0541455345929,288.266402441298,301.61560148959325,370.16701947276056,326.9908251455948,367.11711945167906,301.2139212513887,341.05657957228135,354.24149931690545
9804,263.52790928294513,311.0874849840165,288.2958876157952,301.63670276120894,370.2053142647343,327.023579090585,367.1530792048313,301.2439417105135,341.0901068050796,354.2730763576101
9805,263.5563702574713,311.1208112799511,288.3253749848552,301.6578174230889,370.24360593822195,327.05633645561966,367.1890393455854,301.2739570028992,341.123634111306,354.30465315864495
9806,263.5848228363656,311.1541220969257,288.354862037002,301.67894482019636,370.2818927999304,327.089095808866,367.2249995935487,301.3039694625698,341.1571605653068,354.3362292433338
9807,263.61327599916854,311.18743597763574,288.38434842632046,301.7000941553983,370.32018111020915,327.12185545570867,367.2609600846798,301.3339839332478,341.19068661133167,354.3678115206127
9808,263.64173147801324,311.2207552665275,288.41383377810837,301.7212631736552,370.3584687485794,327.1546104586622,367.2969207101062,301.3640005996211,341.2242125055755,354.39939598240767
9809,263.6701622439981,311.25407603201097,288.4433120045533,301.7424021350481,370.39675084449345,327.187363174924,367.3328813291489,301.3940189912276,341.25773746682677,354.43097691768907
9810,263.6985783841757,311.28739954088195,288.4727924053194,301.7635491139984,370.43503296962984,327.22011202069064,367.36884166201094,301.4240381882999,341.29126316047603,354.4625684490924
9811,263.72698682010935,311.320726726483,288.5022742376709,301.78470107220534,370.47331135152683,327.2528615838951,367.404802078732,301.4540576157294,341.324789049713,354.49416325089913
9812,263.75539198019953,311.3540535876526,288.5317546428626,301.80583818829564,370.51158678727955,327.2856126872796,367.44076255904275,301.4840755945672,341.3583137726925,354.52575772044315
9813,263.7837944974235,311.38738166013104,288.56123022797306,301.826985342752,370.54986202536486,327.3183644349254,367.47672304897856,301.51409247483707,341.39183859235186,354.5573481131428
9814,263.81220953842933,311.420698489452,288.59070507041514,301.8481005825807,370.58813788454484,327.35111695913616,367.51268382738783,301.5441125672573,341.42536350272997,354.58892631115276
9815,263.84063792205,311.45400375569227,288.6201809471734,301.8692212398903,370.62641280410946,327.38386991727754,367.5486450186382,301.57413375306294,341.4588880609,354.62050979126917
9816,263.8690737619538,311.4872984997842,288.64965914792043,301.89028756318015,370.6646821503694,327.4166200930054,367.58460631973253,301.60415437154813,341.49241330468345,354.6520948728465
9817,263.8975200923979,311.5205918857488,288.67913842877533,301.91135181958623,370.7029459761406,327.4493683959276,367.62056762108006,301.6341736369226,341.52593885156415,354.68367782632436
9818,263.92598039255614,311.5538938971262,288.70861576469963,301.9324225404956,370.74120920288937,327.4821169395924,367.65652893216753,301.66418943704883,341.5594643951012,354.71525808739875
9819,263.9544502289365,311.58720654470415,288.73809073864436,301.9535088855765,370.77946697548913,327.51486203086904,367.69249025473016,301.6942106363407,341.5929917081141,354.74682851284996
9820,263.982938956392,311.62052698418455,288.7675668647148,301.9746155006971,370.8177195250617,327.5476062008861,367.72845151355773,301.724234876575,341.62651958356753,354.7783809199803
9821,264.0114345976326,311.6538538396446,288.79704388455724,301.99573296802123,370.85596766123757,327.58035186987644,367.7644127403471,301.75425963278275,341.6600465431928,354.80992878711396
9822,264.0399316733721,311.687182217534,288.8265214689223,302.01684729895595,370.8942104484916,327.6130984428819,367.8003738807949,301.7842819106978,341.69357277505264,354.84146580563146
9823,264.068430274152,311.7205081335485,288.85599361643705,302.03799669576375,370.93245748521616,327.64584501303005,367.83633507242007,301.8142998667527,341.72709791519117,354.8729965814705
9824,264.0969237777698,311.7538274931677,288.8854660794127,302.0591839724729,370.97070516884,327.67858653971825,367.87229636347934,301.8443153286575,341.7606235272356,354.90452275270417
9825,264.12540931435717,311.7871487266546,288.9149379456903,302.08038458835404,371.00894833263015,327.7113251129122,367.9082576617065,301.87433053860707,341.79414940208244,354.93604736358134
9826,264.1538820070101,311.82047105004636,288.9444092297479,302.1015924759436,371.0471907529235,327.74406442138854,367.9442189330377,301.9043411039567,341.82767520727344,354.9675638495559
9827,264.1823447474534,311.8537995650495,288.9738828792175,302.12276799222633,371.0854262395418,327.77680447995186,367.98018016864745,301.934348802225,341.86120133186677,354.9990779717368
9828,264.21079020628235,311.8871450273847,289.00334869081087,302.14395337059443,371.12366894274095,327.8095468265142,368.01614141843834,301.9643578168374,341.89472757843964,355.03058862647447
9829,264.23923052163974,311.92050182462947,289.0328120193019,302.1651492391307,371.1619150293642,327.84228993264696,368.0521027110741,301.99436946786676,341.9282543772064,355.06210395223155
9830,264.2676726838895,311.95386538613354,289.0622797642873,302.1863211751353,371.20017684091465,327.8750321971324,368.088064066696,302.0243820642013,341.96178169456584,355.09362636274244
9831,264.29612486619067,311.98723021016394,289.09174911951993,302.2075031168042,371.23844852026707,327.90777171206355,368.1240255437505,302.0543929094461,341.99530910309005,355.12515051750705
9832,264.32458122449015,312.02058586136957,289.12121866800385,302.228702028109,371.27672183992803,327.94051120231546,368.15998716055964,302.0844005984887,342.0288363241356,355.1566709349455
9833,264.35302123484325,312.05391567377825,289.15069164033605,302.2499298848648,371.3150009662509,327.9732476508275,368.19594879791686,302.11440857399873,342.06236262596525,355.18819371484534
9834,264.3814648863422,312.0872342110616,289.18017326440025,302.2711831486959,371.353280979426,328.0059859163401,368.2319102767181,302.14441912616024,342.09588846702917,355.219706749711
9835,264.4099043647829,312.1205422863518,289.20965779601005,302.29244988097867,371.3915580038068,328.03872848865313,368.2678715786822,302.1744324551012,342.1294131173352,355.251209803861
9836,264.4383257198619,312.153864319805,289.23914704147353,302.31369211191674,371.42983541082975,328.0714768418454,368.3038329412534,302.2044481780031,342.16293682684994,355.2826851563867
9837,264.4667581002898,312.1871937431928,289.26864004871993,302.3349484388911,371.468115445038,328.10422757652583,368.33979476017976,302.2344677401827,342.1964591819388,355.314158045588
9838,264.49519764077326,312.2205241410177,289.29813436835485,302.3562373971566,371.5063966676186,328.13697850205045,368.3757567186676,302.26448861562045,342.22998125069387,355.34563281080966
9839,264.52364177925966,312.2538502605451,289.32761973582313,302.37755167173515,371.5446793139649,328.1697231289268,368.4117187961272,302.2945074018798,342.2635031707431,355.377099311861
9840,264.5520881249525,312.287165467016,289.3571029262233,302.3988751079383,371.58296251445347,328.2024659202925,368.44768103030174,302.32452625061063,342.2970245583076,355.40854255900683
9841,264.58052481444787,312.32047834451953,289.3865839317449,302.42021618010807,371.6212433766629,328.23520466582244,368.4836432971022,302.35454508489096,342.3305456819305,355.43997686342635
9842,264.6089583905478,312.35379273022875,289.4160598187612,302.441571524222,371.6595196238733,328.2679433290124,368.5196054981229,302.3845628392008,342.36406692727314,355.47140178574443
9843,264.63739029306,312.38712100894975,289.44553456444237,302.46291422380204,371.69780520431624,328.30068201510426,368.55556756814457,302.4145811595228,342.39758892830906,355.50283002201235
9844,264.6658241470279,312.4204537879372,289.4750142698321,302.4842472488216,371.7360987723965,328.333413877383,368.5915297701399,302.4446008990027,342.43111139285554,355.53426238064037
9845,264.69426102011835,312.453778758584,289.50449616049184,302.50559642359565,371.77439816780736,328.36614566550816,368.62749211965075,302.47462322541185,342.4646350290102,355.5656959446094
9846,264.72268909519374,312.48707596427806,289.5339750953969,302.5269648031951,371.8126986178931,328.3988763151217,368.66345468627947,302.50464629824455,342.4981594938802,355.59712638754587
9847,264.75111236663554,312.52037119738185,289.5634550525942,302.54835073414495,371.850996022861,328.43160315511585,368.69941741484206,302.53467303714973,342.5316845571216,355.6285568491499
9848,264.7795317751751,312.55365872610435,289.5929292429066,302.5697486382163,371.8892879116889,328.4643255999933,368.7353804049312,302.56470309195663,342.5652100663121,355.65998327865054
9849,264.8079624560383,312.5869483712362,289.62240503753657,302.5911507607269,371.92757557787894,328.4970477882894,368.77134347110945,302.59473631560746,342.59873680618415,355.6914133599958
9850,264.83641248750155,312.62024969080284,289.65188135213384,302.6125624937995,371.9658759976802,328.52977430508344,368.8073066786188,302.624771096995,342.632265117288,355.7228495006701
9851,264.8648870868616,312.6535543933706,289.68135360439163,302.63394609341043,372.0041799502879,328.5625024070115,368.84326992374844,302.654808911271,342.66579410979296,355.7542888974288
9852,264.8933700553324,312.68684400792415,289.71082564862303,302.65529863180615,372.0424823510822,328.5952298112757,368.8792331076961,302.6848490447796,342.6993231946509,355.78572677447954
9853,264.9218435768636,312.7201393689866,289.7403049291212,302.6766434005581,372.0807753581786,328.6279562723258,368.9151963457209,302.7148925664619,342.73285219665246,355.8171563657916
9854,264.9503213256762,312.75343615471854,289.7697921093589,302.698003625866,372.1190635633098,328.6606829104915,368.9511596024041,302.7449373761929,342.766381784622,355.848593848678
9855,264.9788094793149,312.7867272331076,289.79928170698844,302.71931906631056,372.1573470886216,328.6934036824426,368.98712274383064,302.77498121690604,342.79991292085384,355.88004189537173
9856,265.0072999622532,312.82003762232677,289.82877175209006,302.74062569623294,372.19563280499295,328.72612494736904,369.0230858895371,302.8050271933395,342.8334444540369,355.91150481321046
9857,265.0357944769864,312.85335668210064,289.8582628566288,302.7619107027697,372.23393312585125,328.758844985503,369.0590490322546,302.8350740032885,342.86697552415797,355.9429721881349
9858,265.06429496601436,312.8866846249408,289.8877560417203,302.7831622437497,372.27223719231387,328.79156005872517,369.09501191429024,302.8651134615098,342.9005044546476,355.974432821029
9859,265.09277758302295,312.92001719386343,289.91725375772273,302.8044049938859,372.3105419854202,328.8242742045025,369.1309744600157,302.89515507335983,342.9340331769175,356.00588015734996
9860,265.1212531441062,312.9533500526478,289.9467622326507,302.8256586983938,372.3488463524876,328.8569892344962,369.16693706035215,302.9251974711571,342.9675622018216,356.0373318797937
9861,265.1497236378455,312.9866706850879,289.97627529875064,302.84691513029014,372.3871423973317,328.8897044076892,369.202899591705,302.9552382087735,343.0010910531291,356.06878809342766
9862,265.1782140090678,313.01999216223356,290.00578880327595,302.86816764187733,372.4254338330978,328.9224178723669,369.2388624362406,302.9852761861337,343.03461994264904,356.10025191567723
9863,265.2067186715988,313.0533085270382,290.03530155901336,302.8894186444473,372.46372525711723,328.95513286270705,369.2748254323113,303.01531008677085,343.06814864081406,356.13172290673737
9864,265.23523929310403,313.08662377689177,290.06480737033064,302.91067248088723,372.5020149250392,328.987848515316,369.31078841364825,303.04533983886506,343.10167717536086,356.1632041833238
9865,265.26377922227647,313.119946043926,290.094313497999,302.9319230378892,372.5403048340888,329.0205648833523,369.34675107308146,303.0753657400668,343.1352055752037,356.19469749208855
9866,265.29233183449634,313.1532699305085,290.12382089012937,302.9532056358127,372.5785953423212,329.0532851705747,369.38271373619494,303.1053909136347,343.1687322035107,356.2261983928597
9867,265.32088777125597,313.1865886548748,290.15332594120406,302.974504251294,372.6168862177506,329.08600867522244,369.4186762749403,303.13541718463864,343.2022590742397,356.2577008968137
9868,265.35413410199004,313.2214350105671,290.18690267266595,303.0050319962646,372.65495792397195,329.1206610700074,369.45461226364034,303.1691720180758,343.2371714249591,356.2919509332644
9869,265.47205311645394,313.34002603551346,290.3049604554355,303.12180920470786,372.77419907395404,329.2391706313726,369.57355441316946,303.287304603675,343.35579016781685,356.41029150412925
9870,265.47741723423127,313.3485956023242,290.3106465352077,303.1219170155165,372.78699637078455,329.24768903781046,369.5841764295658,303.293260709712,343.36527661359594,356.417583488356
9871,265.50398317516937,313.3792010103481,290.3376324109023,303.14148338439935,372.82277153340806,329.2782398311385,369.61731152587936,303.32058562262813,343.397024434096,356.4466070367568
9872,265.53268199069106,313.4120087885156,290.3667481720674,303.1630023396958,372.8608394659183,329.31099378138265,369.6526977660676,303.35004947407475,343.43099923115335,356.4778009599624
9873,265.56158843958434,313.4450427507351,290.3960773198823,303.1847344435522,372.89913942751656,329.34396793329955,369.6883096375672,303.37972664637925,343.46519886627084,356.50921716525056
9874,265.59051383238534,313.47809859776686,290.425424337854,303.20649501945803,372.9374626605378,329.3769649645047,369.72394473699853,303.40942501707974,343.4994227161834,356.54066518759726
9875,265.6194423632406,313.5111553859456,290.4547654111166,303.22825583947724,372.97579464485824,329.4099638850678,369.75958216202537,303.43912521499914,343.53364869169457,356.57211971062833
9876,265.64836460690634,313.5442098667347,290.4840984435127,303.25002192138305,373.0141308341768,329.4429614233562,369.7952196792315,303.4688246732703,343.5678763626577,356.6035780295269
9877,265.6772895400272,313.5772569958899,290.513434380573,303.27180437528847,373.0524672627982,329.4759602537788,369.8308565301663,303.4985237959323,343.60210452536586,356.6350448118813
9878,265.70620210595683,313.610304448334,290.5427789288553,303.2936052278425,373.09080056572003,329.5089564456408,369.86649289290256,303.52822318165244,343.63633152543906,356.6665163808893
9879,265.7350954361893,313.6433490818328,290.5721339344746,303.3153709090993,373.1291300704431,329.54195024612073,369.90212976403524,303.55792118696996,343.67055849015225,356.69798876976586
9880,265.7639898883032,313.6764027462801,290.6014921612394,303.33715638527894,373.16745765730855,329.5749433949058,369.93776687552514,303.58761967077055,343.70478232416866,356.7294644902102
9881,265.79288227628155,313.7094646280323,290.6308458240583,303.35896672006464,373.2057852578062,329.6079292297681,369.9734047390459,303.6173184663015,343.73900392781576,356.7609492414684
9882,265.821784551311,313.7425279010699,290.66019679293504,303.3807836298162,373.2441122603954,329.6409139180797,370.00904278671214,303.6470174258491,343.7732257119087,356.79243671280676
9883,265.8506893834655,313.7755890208881,290.68954895214233,303.4026070576911,373.2824397189267,329.67389630061194,370.0446802639724,303.67671407510466,343.8074458456606,356.82392430834665
9884,265.87959014328123,313.8086507237956,290.71890303510247,303.4244280967576,373.32076197290127,329.7068761630024,370.0803171041616,303.7064109200325,343.84166614290575,356.85541082254207
9885,265.9084872252173,313.8416946648341,290.7482595576543,303.4462636879918,373.35907894242365,329.73985648809054,370.11595409173475,303.73610758642826,343.87588323816357,356.8868935539057
9886,265.93735545928706,313.87472014885884,290.7776175035192,303.4680714957045,373.39739338183267,329.7728372490486,370.1515924494733,303.76580675179076,343.91009854222995,356.9183825067767
9887,265.96623949843854,313.9077377890714,290.80697753714054,303.4898686374307,373.4357024505862,329.8058164380318,370.18723115750146,303.79550691194197,343.9443137083257,356.9498753503752
9888,265.99513574340824,313.94074538934086,290.83634063977,303.51166960065655,373.47400674555416,329.8387919703111,370.2228691319819,303.82520684617555,343.9785226730591,356.9813687666882
9889,266.02403482644775,313.97375280014495,290.8657081139885,303.5334837425889,373.5123071937996,329.87176733901725,370.25850656582645,303.8549073804839,344.01273193335925,357.01286968931464
9890,266.0529214519488,314.0067644811801,290.8950773139043,303.555300348724,373.55060411559793,329.90474688591985,370.2941438339552,303.8846081251511,344.04694199337933,357.04437391414666
9891,266.08181532012765,314.0397767387444,290.9244409057524,303.57707203537933,373.58890114001093,329.93772752484784,370.3297820874532,303.91430824612456,344.0811537941902,357.07587544433176
9892,266.11071316281266,314.0727726362165,290.95380430910416,303.59880178447946,373.62719899899105,329.97070823395006,370.365421145769,303.9440087600159,344.1153672289957,357.10736873809805
9893,266.1395962055894,314.1057755479239,290.98317255136595,303.6205256221056,373.6654926176776,330.00369242763725,370.40106033611767,303.97370843309244,344.1495801422031,357.1388631737594
9894,266.16849367961373,314.1387823936944,291.0125455239478,303.64224371761253,373.7037799801393,330.0366782842658,370.43669951100077,304.0034085236854,344.1837917054087,357.1703464327918
9895,266.1973994657959,314.1717833214004,291.04192023970063,303.66396829005413,373.7420603434719,330.0696643531208,370.4723384937315,304.03310778015754,344.21800065261897,357.20182186230375
9896,266.226306797716,314.2047583311622,291.07129005126194,303.6856778917645,373.78033575710145,330.1026490337672,370.5079771315274,304.06280454284376,344.25220622077717,357.2332957716377
9897,266.25521095469566,314.23771106206993,291.10066073554395,303.7073490324403,373.81861141559943,330.1356392897507,370.54361614830196,304.0925011976312,344.2864112102601,357.26477336716584
9898,266.2840999980853,314.27065388809325,291.13003182744495,303.72899750826133,373.85688076266644,330.1686393688699,370.579255225422,304.1221978155937,344.32061769455817,357.2962560666938
9899,266.3129890545561,314.3035977716234,291.1594061096286,303.7506569058723,373.89514986500285,330.20164214593876,370.6148940712413,304.15189480781515,344.35482475870083,357.3277262932831
9900,266.34186384588577,314.33653730264905,291.1887834961814,303.7722967776603,373.9334226664388,330.2346443134,370.65053379382704,304.18159091816955,344.3890309298688,357.3591937727148
9901,266.3707325254162,314.36947712115887,291.2181618732659,303.7939133265265,373.97169742678983,330.2676466637296,370.68617372221087,304.21128918009595,344.42323657136257,357.39067110503663
9902,266.3995943601131,314.40241506646345,291.24754199635476,303.8155440590014,374.00996924503454,330.3006496765427,370.7218132222306,304.24098891409915,344.4574386586211,357.4221619810543
9903,266.42845806768474,314.435357622175,291.27692462544695,303.8371435298464,374.0482366973314,330.3336528897357,370.75745283710813,304.2706896017549,344.4916439564352,357.4536572899023
9904,266.4573237275104,314.4683030909448,291.3063002491392,303.85875701214076,374.08650361430324,330.3666494061409,370.79309252519863,304.3003909400017,344.52585031763357,357.4851529096323
9905,266.48618358700065,314.501236550462,291.3356694688412,303.88032725625357,374.12476590632156,330.3996446562241,370.8287316589804,304.3300926440911,344.5600551671294,357.51664764158625
9906,266.51504513133756,314.5341567043058,291.36503932881243,303.90189732594797,374.1630277879355,330.4326401248777,370.8643707462701,304.3597912107931,344.5942536013599,357.5481503814019
9907,266.5438895233221,314.5670780535567,291.3944107781202,303.92348816088867,374.20128518016094,330.4656361331037,370.9000100971346,304.38949017266106,344.62844947428516,357.5796573566053
9908,266.5727377796103,314.60000907979236,291.4237726416521,303.94511586152333,374.2395419338676,330.498629201498,370.93564944400174,304.4191864908019,344.66263809965034,357.61116492861714
9909,266.6015733361959,314.63294250042475,291.453124091418,303.9667616666624,374.2777984674584,330.53162443876585,370.97128817858714,304.44888296963825,344.6968235422621,357.64266909286397
9910,266.6304040014208,314.66586135064466,291.4824775820764,303.98839580267247,374.316052412628,330.564622349086,371.006926703994,304.47858037416677,344.7310093169307,357.6741670701512
9911,266.65924282432195,314.6987808361759,291.51183022063475,304.0100476121964,374.35430554291736,330.5976207071271,371.0425653083647,304.50827902940097,344.7651917654803,357.70567602708024
9912,266.68808558463104,314.731693220895,291.5411834958932,304.03171767409196,374.3925519421056,330.6306106778288,371.07820306496427,304.5379784578715,344.7993754898916,357.7371957873747
9913,266.7169180579608,314.76460181005916,291.5705470833518,304.05335762538954,374.4307969246112,330.663600830963,371.1138404822082,304.56767816522296,344.83356160273274,357.76871849134204
9914,266.74574999743714,314.79749288504723,291.59991779201715,304.07498849022653,374.4690405478847,330.6965933530649,371.14947775441726,304.5973761185002,344.8677491167977,357.80023846019185
9915,266.7745744671611,314.83037845990793,291.62929372357075,304.09662907125175,374.5072812928716,330.72958665729436,371.185115201651,304.6270741394517,344.9019367524205,357.8317664282652
9916,266.8033828500974,314.8632555512584,291.6586734085091,304.1182891708752,374.5455243040026,330.7625763158522,371.22075250506236,304.6567739270075,344.93612265534284,357.8633131771806
9917,266.8321888267472,314.8961334398937,291.68805647741556,304.1399647526539,374.5837678145895,330.7955705975612,371.256390221236,304.6864755158737,344.9703099107849,357.8948658341154
9918,266.8609918019142,314.92902229975897,291.71744061951273,304.161645265685,374.62201629649144,330.82856627746185,371.2920281342204,304.7161776003337,345.0044982780739,357.92641547816487
9919,266.8897945277206,314.9619179593555,291.74682318232897,304.18333753877994,374.6602707217531,330.8615615608126,371.3276667082718,304.7458781718684,345.03868764268185,357.95797111056834
9920,266.9185832561495,314.99481484569674,291.7762055453573,304.20495340385213,374.6985261748686,330.89455706928914,371.36330548501377,304.7755774686738,345.07287719893117,357.98953293667336
9921,266.94736506667715,315.0277014327303,291.8055876541408,304.2265313627132,374.7367828427964,330.92754421046743,371.398944296575,304.80527572068456,345.1070672219499,358.02109640131806
9922,266.9761537599513,315.06057698997233,291.83497186559936,304.24810700901844,374.7750396848655,330.9605297014783,371.43458307223244,304.8349730075573,345.1412577558965,358.0526495623925
9923,267.00494514575786,315.09345257332376,291.86435707743397,304.26966061383524,374.8132959679999,330.9935169796946,371.4702205651003,304.86466932842677,345.17545112333914,358.0842028169095
9924,267.03375047689786,315.12631133643,291.89374270779655,304.2911945422798,374.8515554549046,331.0265066387242,371.50585718693844,304.8943663385709,345.20964614338595,358.11573183568487
9925,267.0625636390873,315.15916726181604,291.92312354120025,304.3127429747063,374.8898153714794,331.05949713534386,371.5414945960878,304.92406377776445,345.2438413503186,358.14726424151775
9926,267.09136655357554,315.192017824721,291.95250227731526,304.3343295218999,374.92807408786854,331.09249136598476,371.577132148837,304.9537623567049,345.27803807116544,358.1787997469182
9927,267.1201624367784,315.22486879918483,291.98187938399104,304.35593515883494,374.9663327252022,331.12548676397427,371.6127689621693,304.98346262674227,345.31223537038727,358.2103109392799
9928,267.1489643776401,315.2577095456961,292.01125154501307,304.37753550281144,375.00459110816263,331.15848107486426,371.64840581648735,305.0131634183326,345.3464308465554,358.2418164856819
9929,267.17775546539787,315.2905472717076,292.0406223864545,304.3991457908874,375.0428480711127,331.1914766203833,371.68404274824235,305.0428637784276,345.380626918915,358.27332889956085
9930,267.20654347136417,315.32336944168514,292.06999069996374,304.42072860902323,375.08109592939616,331.224471338325,371.7196806599084,305.07256463039005,345.41482309074127,358.3048483227207
9931,267.2353184957131,315.3561903552583,292.0993579630798,304.4423380079182,375.11933815552425,331.25746644989,371.75531879171683,305.1022659502272,345.44902133944385,358.3363712481012
9932,267.2640767245481,315.3890087574921,292.12872805572346,304.4639643694309,375.1575756850538,331.2904582973253,371.79095652385246,305.13196746359824,345.4832233408599,358.36790129846963
9933,267.29282258836025,315.4218121612248,292.15809917227443,304.48561067144976,375.195815559996,331.3234486401887,371.82659297052805,305.16166512426213,345.51742910755695,358.3994337730602
9934,267.3215650478073,315.45461238069873,292.18745991407366,304.50727537766005,375.2340561282547,331.35644017485447,371.86222969911984,305.19136470829835,345.55163571174603,358.4309638787749
9935,267.3503074631724,315.4874125673126,292.2168208465492,304.52897685422755,375.2722997707871,331.3894366129812,371.8978666195405,305.2210659725606,345.58584172303244,358.4624946162364
9936,267.3790530331067,315.5202093947357,292.2461829063035,304.5507016544866,375.3105437874556,331.4224344732557,371.93350371963805,305.25076846643714,345.6200503913932,358.4940270461197
9937,267.4078040385493,315.5530076103766,292.27554863204193,304.57240514047766,375.3487825165313,331.45543008041506,371.96914140938674,305.2804723776664,345.65426489322203,358.5255526033271
9938,267.4365600544943,315.5858002647973,292.3049159539566,304.5941104768525,375.38701553470236,331.48842844674374,372.0047799091505,305.3101768860673,345.68848235196094,358.5570592508738
9939,267.4653078790589,315.6185765896939,292.33428455500956,304.61582682800594,375.42523850380184,331.52143097864433,372.04041864577226,305.33987830595936,345.7227001504088,358.5885644771386
9940,267.4940341128019,315.6513478470201,292.3636587000921,304.6375499142173,375.4634610630137,331.55443712118034,372.07605853083516,305.36957866223787,345.75691608301076,358.62007449453546
9941,267.5227719733765,315.6841103105393,292.393034309274,304.65927899857223,375.5016792589006,331.58744501656105,372.11169968796287,305.39928037187093,345.79112921045987,358.651589324166
9942,267.55151454611115,315.7168656702349,292.42240344600964,304.6809954891641,375.5398971822594,331.6204562192081,372.1473416991234,305.4289826874386,345.8253412688521,358.6831052523252
9943,267.58026563671837,315.74961149249185,292.45176776356743,304.70271788723625,375.57811079068046,331.6534697581286,372.1829837904376,305.4586839636898,345.859553224348,358.7146093682431
9944,267.60902109334376,315.7823584807279,292.48113457392276,304.7244489885361,375.6163259907943,331.68648727874233,372.2186246839355,305.4883851966879,345.89376631083235,358.74610968404403
9945,267.6377750884945,315.81509456053936,292.5105090851465,304.7461481157366,375.65454122224907,331.7195080645055,372.25426557989425,305.51808611712426,345.9279796788667,358.7776203503052
9946,267.6665212961436,315.84782819995155,292.5398873466774,304.7678574100368,375.692755713294,331.75253350989556,372.2899062983646,305.54778811232364,345.96219178461433,358.80913481595326
9947,267.6952573794397,315.88056183584354,292.5692679518203,304.789580952524,375.73096859601344,331.78556262983176,372.32554728751563,305.5774909823585,345.99640214372096,358.84064536467275
9948,267.7239979390073,315.91329635293005,292.59864964245696,304.8113204557875,375.7691788897137,331.81859406031987,372.3611883630076,305.6071941312861,346.0306116071817,358.87216242297455
9949,267.7527223991759,315.9460247217324,292.6280262702685,304.83306783887707,375.8073934298058,331.8516278711076,372.39682958290683,305.63689572286637,346.0648174954633,358.9036809818921
9950,267.781441281911,315.97875910612794,292.6574041941069,304.8548174966384,375.84561845056965,331.88466424414685,372.4324709712727,305.6665994517328,346.09902199779333,358.9351881227535
9951,267.8101496257755,316.01149534353044,292.68676719710754,304.87657785072116,375.8838440742962,331.91770243530317,372.4681122000029,305.696304702636,346.13322757480773,358.9666860220034
9952,267.83884653601973,316.044230084742,292.71613462806073,304.8983503123362,375.9220562739652,331.95074570627406,372.50375364220656,305.7260106897747,346.1674359965928,358.99817571532424
9953,267.86753861903605,316.0769631925065,292.74550444200986,304.92011009337966,375.9602658742434,331.98379220476875,372.53939537598177,305.7557184547629,346.20164530166693,359.02965076115913
9954,267.8962327249195,316.1096970558924,292.7748684362895,304.9418845664496,375.9984753834373,332.01684126525635,372.57503707800026,305.7854268795628,346.23585464831365,359.06110835206044
9955,267.92492845577004,316.14244125249695,292.80423153373897,304.9636745287948,376.0366827121893,332.04989353193804,372.61067788026327,305.8151362629535,346.27006453168144,359.09258003963663
9956,267.95361473345406,316.17519100575174,292.83359027992174,304.9854514709787,376.07488368725416,332.0829510917111,372.6463184622818,305.8448462678155,346.3042744750742,359.12405923191034
9957,267.9823060997094,316.2079411570932,292.862949305332,305.00721063458326,376.113083550047,332.1160100684182,372.68195860165304,305.8745582397751,346.33848634511526,359.1555405197268
9958,268.0109993470678,316.24067734961636,292.8923078399482,305.02896257057233,376.15128368486097,332.1490643213461,372.7175990467805,305.9042711858786,346.3726993831354,359.1870244831316
9959,268.0396912241202,316.2734186467613,292.92167000105565,305.05070836541796,376.18948061579744,332.1821131565368,372.75324009592157,305.9339828823188,346.4069116923326,359.21850285301736
9960,268.0683808069511,316.306161273785,292.9510353536043,305.07246611042257,376.2276725758599,332.2151622885272,372.78888126301916,305.9636947042088,346.44112141388064,359.24998234135285
9961,268.0970549033972,316.3388954118595,292.9803996945923,305.09423166466286,376.26586570160225,332.2482133453514,372.82452310413396,305.9934083533761,346.4753284468899,359.28145988695627
9962,268.1257434742398,316.37162742684524,293.00975241592323,305.11600548750255,376.3040595908978,332.2812650534893,372.8601653170316,306.02312279126375,346.5095329415365,359.3129318200048
9963,268.1544452583985,316.404360803691,293.0391023286711,305.1377590935597,376.3422496398507,332.3143220557235,372.8958081611161,306.0528376305154,346.5437361813377,359.3443957481914
9964,268.1831501674186,316.43708651269054,293.06844697761255,305.1595059280231,376.38043741013263,332.34738101736156,372.93145136774103,306.0825530900929,346.57794003130863,359.3758538276664
9965,268.21185886402753,316.4698073606347,293.09779113281377,305.18126090415507,376.41862974422264,332.38044003563056,372.9670950700183,306.1122701761836,346.6121488596133,359.4073008364428
9966,268.2405711881223,316.5025283577531,293.12713789415244,305.20302139346774,376.4568284060877,332.4134988714843,373.00273885389333,306.14198883267204,346.64635952165986,359.4387404436834
9967,268.26928905985,316.53524041405393,293.15647585662435,305.22480020871774,376.4950275383508,332.44656353791385,373.0383818773547,306.1717084415118,346.6805737055437,359.4701763016046
9968,268.2980101277876,316.56795264217544,293.1858100431825,305.24659781280394,376.53322325525477,332.47963418996915,373.0740243165821,306.2014291758025,346.71478894194644,359.5016048159515
9969,268.32673171026937,316.6006745062478,293.21514058949936,305.26839178687385,376.5714249677491,332.5127060841663,373.10966795097454,306.23115253088577,346.74900306490224,359.53304294270015
9970,268.35546663771817,316.6334033575808,293.24445859915505,305.2901806648469,376.60963036425517,332.54577636843175,373.14531227907526,306.26087817420796,346.78321725435035,359.56449571188085
9971,268.38420912864666,316.66613334772785,293.273785298916,305.3119627479637,376.6478363735634,332.5788487122552,373.18095680201554,306.2906067356572,346.8174293068861,359.59596032404835
9972,268.41295795177086,316.69886336195447,293.30311647954477,305.3336846956012,376.6860435091207,332.6119239706135,373.216601309921,306.3203397255807,346.8516389981709,359.6274310354894
9973,268.441716040643,316.73159497266516,293.33244852113336,305.35540171435144,376.72425810559554,332.6449998309805,373.25224525224456,306.35007409481074,346.88584642117866,359.6589033726818
9974,268.4704890360535,316.76432891724886,293.3617795789487,305.3771261845452,376.7624748118896,332.678067723092,373.2878891751836,306.37980863204507,346.9200550302649,359.6903519229888
9975,268.49926695184735,316.79706475455555,293.3911127811874,305.39884180758,376.800691475606,332.71113492835906,373.32353308125937,306.40954464565533,346.9542641123638,359.7217831442933
9976,268.5280492810913,316.8297939478836,293.4204464007749,305.42054252513816,376.83890658951293,332.7442021458016,373.3591765292235,306.43928190375664,346.9884722382165,359.753207459855
9977,268.5568344619675,316.8625277735935,293.44978322636626,305.44225829723206,376.8771176601025,332.77727007879423,373.39481994177726,306.46901947791076,347.0226742933348,359.7846323575775
9978,268.5856204849382,316.8952663578067,293.4791222556872,305.4639467541892,376.91532989382864,332.8103389998716,373.4304629895879,306.4987595824638,347.0568710343082,359.8160387782185
9979,268.6143998121779,316.92800620352415,293.5084523408077,305.4856620359262,376.95354596263456,332.8434079069615,373.46610607360964,306.5285016608772,347.0910667983784,359.8474458209533
9980,268.6431814113563,316.96074702827553,293.53778843324613,305.50739444932657,376.9917700964107,332.87646854494056,373.5017488272515,306.5582441279011,347.1252598652101,359.8788421249588
9981,268.6719657213724,316.9934892449338,293.56712957237005,305.52913489511684,377.02999536873017,332.9095288991132,373.5373914294122,306.58798548409356,347.15945794551095,359.91023030175074
9982,268.70075320039996,317.02623290113183,293.59647792471367,305.55088158483267,377.06821434475086,332.94258137953517,373.57303366109693,306.6177269071619,347.19365738040705,359.9416189902899
9983,268.7295636059837,317.0589770888899,293.62582968876524,305.5726210834805,377.1064349813612,332.97563424691185,373.6086759401834,306.64746777778976,347.2278584852628,359.9730038286688
9984,268.7583817232601,317.0917199361396,293.6551865954929,305.59431692590994,377.1446594161346,333.0086909825357,373.64431836634805,306.6772094244746,347.26206155798195,360.00439136469925
9985,268.78719256889457,317.12446414447606,293.68454549139074,305.61598014497525,377.1828867393039,333.0417488954054,373.679961595305,306.70695145743105,347.2962647459864,360.0357812886794
9986,268.81600080369276,317.1572126332852,293.7139024692011,305.6376524956439,377.2211144874833,333.07480237959095,373.71560505811925,306.73669198087305,347.33046470731205,360.0671636205251
9987,268.8448139870318,317.18996739063624,293.74326367992774,305.6592577000805,377.2593401737277,333.1078553482031,373.7512484690583,306.766428611127,347.3646606071526,360.09852483638036
9988,268.8736409963037,317.2227236730787,293.77262874081845,305.6808687148199,377.29755787992826,333.14090078034116,373.78689135718304,306.79616567604165,347.3988564637986,360.12986846479436
9989,268.9024732372615,317.2554724810614,293.8019946140165,305.7024791279675,377.33577353942115,333.17395038257206,373.82253375302224,306.82590217895836,347.43304874541235,360.16120639828824
9990,268.93131955826215,317.28820990476294,293.83136214154587,305.7240798798416,377.3739854774062,333.20700217080184,373.8581761468566,306.85563900028137,347.4672396834024,360.1925502116658
9991,268.960172242122,317.3209377186749,293.86073038082463,305.7456678151666,377.4121991956474,333.2400542151438,373.8938185437536,306.88537721984505,347.50143106583164,360.2238979255789
9992,268.9890151189225,317.35365679706524,293.8901005365687,305.7672497291828,377.4504135300532,333.27310302552166,373.92946134862126,306.9151159087416,347.5356226001625,360.2552410118357
9993,269.0178601113869,317.3863660519901,293.9194719305409,305.78885161479747,377.48862558205485,333.306147471462,373.96510422623663,306.9448542615642,347.56981649966446,360.28657312475264
9994,269.0467071370203,317.41906744941423,293.9488360856869,305.81048445816435,377.5268418818748,333.3391913249403,374.000747291963,306.9745929684047,347.6040131663576,360.31790358874576
9995,269.07554089514684,317.4517672215257,293.9781931117402,305.83213143226715,377.56506434824405,333.37224099940164,374.0363910349104,307.0043283343182,347.6382103337923,360.34923748105126
9996,269.10437392071805,317.4844658834664,294.00753394290547,305.8537760347383,377.60329177313196,333.4052955658823,374.0720353063683,307.0340643959429,347.6724065667249,360.38057826589926
9997,269.13320976335217,317.5171685718346,294.0368761854449,305.87542078064956,377.64152403925226,333.4383508132492,374.1076804205879,307.06379748385444,347.70660432573897,360.41193288337126
9998,269.1620536995934,317.5498788795545,294.0662187128754,305.8970445979348,377.6797564031524,333.4714056075768,374.14332572403623,307.0935302463189,347.7408027955191,360.44329316168717
9999,269.1909166038809,317.5825947075777,294.0955617686693,305.91868218579,377.71798759977446,333.50445863119575,374.1789708661611,307.1232620883058,347.77500320407074,360.47465824442
10000,269.21979663187295,317.6153156399496,294.12489811899695,305.94032847186645,377.7562232616695,333.5375144271144,374.21461601507474,307.15299282851964,347.8092041202208,360.50602490653114
